3501.3  0.
3503.9  0.
3506.5  0.
3509.1  0.
3511.7  0.
3514.3  0.
3516.9  0.
3519.5  0.
3522.1  0.
3524.7  0.
3527.3  0.
3529.9  0.
3532.5  0.
3535.1  0.
3537.7  0.
3540.3  0.
3542.9  0.
3545.5  0.
3548.1  0.
3550.7  0.
3553.3  0.
3555.9  0.
3558.5  0.
3561.1  0.
3563.7  0.
3566.3  0.
3568.9  0.
3571.5  0.
3574.1  0.
3576.7  0.
3579.3  0.
3581.9  0.
3584.5  0.
3587.1  0.
3589.7  0.
3592.3  0.
3594.9  0.
3597.5  0.
3600.1  0.
3602.7  0.
3605.3  0.
3607.9  0.
3610.5  0.
3613.1  0.
3615.7  0.
3618.3  0.
3620.9  0.
3623.5  0.
3626.1  0.
3628.7  0.
3631.3  0.
3633.9  0.
3636.5  0.
3639.1  0.
3641.7  0.
3644.3  0.
3646.9  0.
3649.5  0.
3652.1  0.
3654.7  0.
3657.3  0.
3659.9  0.
3662.5  0.
3665.1  0.
3667.7  0.
3670.3  0.
3672.9  0.
3675.5  0.
3678.1  0.
3680.7  0.
3683.3  0.
3685.9  0.
3688.5  0.
3691.1  0.
3693.7  0.
3696.3  0.
3698.9  0.
3701.5  0.
3704.1  0.
3706.7  0.
3709.3  0.
3711.9  0.
3714.5  0.
3717.1  0.
3719.7  0.
3722.3  0.
3724.9  0.
3727.5  0.
3730.1  0.
3732.7  0.
3735.3  0.
3737.9  0.
3740.5  0.
3743.1  0.
3745.7  0.
3748.3  0.
3750.9  0.
3753.5  0.
3756.1  0.
3758.7  0.
3761.3  0.
3763.9  0.
3766.5  0.
3769.1  0.
3771.7  0.
3774.3  0.
3776.9  0.
3779.5  0.
3782.1  0.
3784.7  0.
3787.3  0.
3789.9  0.
3792.5  0.
3795.1  0.
3797.7  0.
3800.3  0.
3802.9  0.
3805.5  0.
3808.1  0.
3810.7  0.
3813.3  0.
3815.9  0.
3818.5  0.
3821.1  0.
3823.7  0.
3826.3  0.
3828.9  0.
3831.5  0.
3834.1  0.
3836.7  0.
3839.3  0.
3841.9  0.
3844.5  0.
3847.1  0.
3849.7  0.
3852.3  0.
3854.9  0.
3857.5  0.
3860.1  0.
3862.7  0.
3865.3  0.
3867.9  0.
3870.5  0.
3873.1  0.
3875.7  0.
3878.3  0.
3880.9  0.
3883.5  0.
3886.1  0.
3888.7  0.
3891.3  0.
3893.9  0.
3896.5  0.
3899.1  0.
3901.7  0.
3904.3  0.
3906.9  0.
3909.5  0.
3912.1  0.
3914.7  0.
3917.3  0.
3919.9  0.
3922.5  0.
3925.1  0.
3927.7  0.
3930.3  0.
3932.9  0.
3935.5  0.
3938.1  0.
3940.7  0.
3943.3  0.
3945.9  0.
3948.5  0.
3951.1  0.
3953.7  0.
3956.3  0.
3958.9  0.
3961.5  0.
3964.1  0.
3966.7  0.
3969.3  0.
3971.9  0.
3974.5  0.
3977.1  0.
3979.7  0.
3982.3  0.
3984.9  0.
3987.5  0.
3990.1  0.
3992.7  0.
3995.3  0.
3997.9  0.
4000.5  0.
4003.1  0.
4005.7  0.
4008.3  0.
4010.9  0.
4013.5  0.
4016.1  0.
4018.7  0.
4021.3  0.
4023.9  0.
4026.5  0.
4029.1  0.
4031.7  0.
4034.3  0.
4036.9  0.
4039.5  0.
4042.1  0.
4044.7  0.
4047.3  0.
4049.9  0.
4052.5  0.
4055.1  0.
4057.7  0.
4060.3  0.
4062.9  0.
4065.5  0.
4068.1  0.
4070.7  0.
4073.3  0.
4075.9  0.
4078.5  0.
4081.1  0.
4083.7  0.
4086.3  0.
4088.9  0.
4091.5  0.
4094.1  0.
4096.7  0.
4099.3  0.
4101.9  0.
4104.5  0.
4107.1  0.
4109.7  0.
4112.3  0.
4114.9  0.
4117.5  0.
4120.1  0.
4122.7  0.
4125.3  0.
4127.9  0.
4130.5  0.
4133.1  0.
4135.7  0.
4138.3  0.
4140.9  0.
4143.5  0.
4146.1  0.
4148.7  0.
4151.3  0.
4153.9  0.
4156.5  0.
4159.1  0.
4161.7  0.
4164.3  0.
4166.9  0.
4169.5  0.
4172.1  0.
4174.7  0.
4177.3  0.
4179.9  0.
4182.5  0.
4185.1  0.
4187.7  0.
4190.3  0.
4192.9  0.
4195.5  0.
4198.1  0.
4200.7  0.
4203.3  0.
4205.9  0.
4208.5  0.
4211.1  0.
4213.7  0.
4216.3  0.
4218.9  0.
4221.5  0.
4224.1  0.
4226.7  0.
4229.3  0.
4231.9  0.
4234.5  0.
4237.1  0.
4239.7  0.
4242.3  0.
4244.9  0.
4247.5  0.
4250.1  0.
4252.7  0.
4255.3  0.
4257.9  0.
4260.5  0.
4263.1  0.
4265.7  0.
4268.3  0.
4270.9  0.
4273.5  0.
4276.1  0.
4278.7  0.
4281.3  0.
4283.9  0.
4286.5  0.
4289.1  0.
4291.7  0.
4294.3  0.
4296.9  0.
4299.5  0.
4302.1  0.
4304.7  0.
4307.3  0.
4309.9  0.
4312.5  0.
4315.1  0.
4317.7  0.
4320.3  0.
4322.9  0.
4325.5  0.
4328.1  0.
4330.7  0.
4333.3  0.
4335.9  0.
4338.5  0.
4341.1  0.
4343.7  0.
4346.3  0.
4348.9  0.
4351.5  0.
4354.1  0.
4356.7  0.
4359.3  0.
4361.9  0.
4364.5  0.
4367.1  0.
4369.7  0.
4372.3  0.
4374.9  0.
4377.5  0.
4380.1  0.
4382.7  0.
4385.3  0.
4387.9  0.
4390.5  0.
4393.1  0.
4395.7  0.
4398.3  0.
4400.9  0.
4403.5  0.
4406.1  0.
4408.7  0.
4411.3  0.
4413.9  0.
4416.5  0.
4419.1  0.
4421.7  0.
4424.3  0.
4426.9  0.
4429.5  0.
4432.1  0.
4434.7  0.
4437.3  0.
4439.9  0.
4442.5  0.
4445.1  0.
4447.7  0.
4450.3  0.
4452.9  0.
4455.5  0.
4458.1  0.
4460.7  0.
4463.3  0.
4465.9  0.
4468.5  0.
4471.1  0.
4473.7  0.
4476.3  0.
4478.9  0.
4481.5  0.
4484.1  0.
4486.7  0.
4489.3  0.
4491.9  0.
4494.5  0.
4497.1  0.
4499.7  0.
4502.3  0.
4504.9  0.
4507.5  0.
4510.1  0.
4512.7  0.
4515.3  0.
4517.9  0.
4520.5  0.
4523.1  0.
4525.7  0.
4528.3  0.
4530.9  0.
4533.5  0.
4536.1  0.
4538.7  0.
4541.3  0.
4543.9  0.
4546.5  0.
4549.1  0.
4551.7  0.
4554.3  0.
4556.9  0.
4559.5  0.
4562.1  0.
4564.7  0.
4567.3  0.
4569.9  0.
4572.5  0.
4575.1  0.
4577.7  0.
4580.3  0.
4582.9  0.
4585.5  0.
4588.1  0.
4590.7  0.
4593.3  0.
4595.9  0.
4598.5  0.
4601.1  0.
4603.7  0.
4606.3  0.
4608.9  0.
4611.5  0.
4614.1  0.
4616.7  0.
4619.3  0.
4621.9  0.
4624.5  0.
4627.1  0.
4629.7  0.
4632.3  0.
4634.9  0.
4637.5  0.
4640.1  0.
4642.7  0.
4645.3  0.
4647.9  0.
4650.5  0.
4653.1  0.
4655.7  0.
4658.3  0.
4660.9  0.
4663.5  0.
4666.1  0.
4668.7  0.
4671.3  0.
4673.9  0.
4676.5  0.
4679.1  0.
4681.7  0.
4684.3  0.
4686.9  0.
4689.5  0.
4692.1  0.
4694.7  0.
4697.3  0.
4699.9  0.
4702.5  0.
4705.1  0.
4707.7  0.
4710.3  0.
4712.9  0.
4715.5  0.
4718.1  0.
4720.7  0.
4723.3  0.
4725.9  0.
4728.5  0.
4731.1  0.
4733.7  0.
4736.3  0.
4738.9  0.
4741.5  0.
4744.1  0.
4746.7  0.
4749.3  0.
4751.9  0.
4754.5  0.
4757.1  0.
4759.7  0.
4762.3  0.
4764.9  0.
4767.5  0.
4770.1  0.
4772.7  0.
4775.3  0.
4777.9  0.
4780.5  0.
4783.1  0.
4785.7  0.
4788.3  0.
4790.9  0.
4793.5  0.
4796.1  0.
4798.7  0.
4801.3  0.
4803.9  0.
4806.5  0.
4809.1  0.
4811.7  0.
4814.3  0.
4816.9  0.
4819.5  0.
4822.1  0.
4824.7  -0.08665972
4827.3  -0.5906466
4829.9  -1.048863
4832.5  -1.032678
4835.1  -1.373148
4837.7  -1.883205
4840.3  -2.587306
4842.9  -2.312906
4845.5  -4.143504
4848.1  -3.978783
4850.7  -6.221158
4853.3  -7.93275
4855.9  -13.46211
4858.5  -54.86927
4861.1  31.13823
4863.7  10.82997
4866.3  9.292542
4868.9  6.405842
4871.5  4.71747
4874.1  4.453099
4876.7  3.408953
4879.3  3.629465
4881.9  3.184243
4884.5  2.805553
4887.1  2.323672
4889.7  2.339909
4892.3  2.215916
4894.9  2.179032
4897.5  2.191419
4900.1  2.283389
4902.7  1.941942
4905.3  1.985551
4907.9  1.967618
4910.5  2.089283
4913.1  1.723219
4915.7  1.886887
4918.3  1.624936
4920.9  1.697042
4923.5  1.768804
4926.1  1.634215
4928.7  1.789401
4931.3  1.844398
4933.9  1.695122
4936.5  1.561278
4939.1  2.021378
4941.7  1.743129
4944.3  1.635088
4946.9  1.757159
4949.5  1.781773
4952.1  1.725229
4954.7  1.698944
4957.3  1.765262
4959.9  1.554323
4962.5  1.596741
4965.1  1.469649
4967.7  1.516286
4970.3  1.435565
4972.9  1.406131
4975.5  1.550321
4978.1  1.482468
4980.7  1.386194
4983.3  1.198451
4985.9  1.474874
4988.5  1.335335
4991.1  1.372256
4993.7  1.338918
4996.3  1.335201
4998.9  1.45087
5001.5  1.51244
5004.1  1.378513
5006.7  1.333131
5009.3  1.381001
5011.9  1.404859
5014.5  1.313657
5017.1  1.31539
5019.7  1.395687
5022.3  1.102286
5024.9  1.304068
5027.5  1.276755
5030.1  1.268934
5032.7  1.309865
5035.3  1.341497
5037.9  1.306359
5040.5  1.166649
5043.1  1.202837
5045.7  1.23205
5048.3  1.168945
5050.9  1.195394
5053.5  1.201096
5056.1  1.319306
5058.7  1.255452
5061.3  1.230257
5063.9  1.122073
5066.5  1.14375
5069.1  1.244021
5071.7  1.209546
5074.3  1.176181
5076.9  1.085631
5079.5  1.230937
5082.1  1.131102
5084.7  1.220237
5087.3  1.197846
5089.9  1.165625
5092.5  1.276055
5095.1  1.286287
5097.7  1.261045
5100.3  1.233493
5102.9  1.099419
5105.5  1.154724
5108.1  1.243629
5110.7  1.238364
5113.3  1.168838
5115.9  1.214511
5118.5  1.231562
5121.1  1.274835
5123.7  1.241896
5126.3  1.125705
5128.9  1.119423
5131.5  1.117748
5134.1  1.163205
5136.7  1.112068
5139.3  0.9624153
5141.9  1.100003
5144.5  1.005297
5147.1  0.9630308
5149.7  0.9850399
5152.3  1.100241
5154.9  1.101894
5157.5  1.132702
5160.1  1.128747
5162.7  1.14651
5165.3  1.096624
5167.9  1.078585
5170.5  1.014268
5173.1  0.9829527
5175.7  0.9292496
5178.3  0.9982739
5180.9  1.059485
5183.5  1.045405
5186.1  1.047676
5188.7  1.028567
5191.3  0.9722276
5193.9  0.995284
5196.5  1.034753
5199.1  1.012222
5201.7  1.040342
5204.3  1.045712
5206.9  1.025527
5209.5  1.037687
5212.1  0.9822463
5214.7  1.026116
5217.3  1.040458
5219.9  1.033788
5222.5  1.014096
5225.1  0.9965917
5227.7  0.9773881
5230.3  1.048778
5232.9  0.9961951
5235.5  0.9633291
5238.1  0.9620879
5240.7  1.022593
5243.3  1.071121
5245.9  1.072748
5248.5  1.05567
5251.1  1.041373
5253.7  1.062482
5256.3  1.084804
5258.9  1.107611
5261.5  1.009729
5264.1  1.031459
5266.7  1.047988
5269.3  0.9139488
5271.9  0.9109483
5274.5  0.9179634
5277.1  0.9440306
5279.7  0.9424399
5282.3  1.020306
5284.9  1.054517
5287.5  0.9817473
5290.1  1.064467
5292.7  1.028914
5295.3  1.010339
5297.9  1.029251
5300.5  0.9538721
5303.1  1.004429
5305.7  0.9899375
5308.3  0.9387646
5310.9  1.023573
5313.5  1.033527
5316.1  1.03871
5318.7  0.937394
5321.3  0.9380104
5323.9  0.9826027
5326.5  0.9764863
5329.1  0.907267
5331.7  0.8762045
5334.3  0.8925585
5336.9  0.9747862
5339.5  0.9581801
5342.1  0.9503432
5344.7  0.9500786
5347.3  0.9985371
5349.9  0.9699372
5352.5  1.000425
5355.1  1.060455
5357.7  1.012331
5360.3  1.115413
5362.9  1.013193
5365.5  1.010521
5368.1  1.003192
5370.7  1.006578
5373.3  1.065025
5375.9  1.030836
5378.5  0.9686829
5381.1  1.020072
5383.7  1.011629
5386.3  1.00571
5388.9  0.9948137
5391.5  0.9701287
5394.1  0.9739087
5396.7  0.9400802
5399.3  0.9423612
5401.9  0.8943653
5404.5  0.9263326
5407.1  0.9258349
5409.7  0.9509787
5412.3  0.981975
5414.9  0.9506193
5417.5  1.018779
5420.1  1.002784
5422.7  0.9918063
5425.3  0.9887896
5427.9  0.9444374
5430.5  0.9379725
5433.1  0.9728602
5435.7  0.963926
5438.3  1.017652
5440.9  1.033742
5443.5  0.9949765
5446.1  1.016602
5448.7  0.9986821
5451.3  0.9812453
5453.9  1.003733
5456.5  0.981266
5459.1  0.9674589
5461.7  0.9565307
5464.3  0.9872596
5466.9  0.9786261
5469.5  0.9496147
5472.1  0.9500911
5474.7  0.8821627
5477.3  0.9071589
5479.9  0.8630311
5482.5  0.8779875
5485.1  0.8650503
5487.7  0.9003012
5490.3  0.9076705
5492.9  0.853965
5495.5  0.8781111
5498.1  0.8546506
5500.7  0.8433444
5503.3  0.8644264
5505.9  0.8465161
5508.5  0.85091
5511.1  0.8632299
5513.7  0.8693497
5516.3  0.8583023
5518.9  0.8570685
5521.5  0.8858445
5524.1  0.9075616
5526.7  0.9048204
5529.3  0.9796458
5531.9  0.8633172
5534.5  0.8947324
5537.1  0.9162416
5539.7  0.9135118
5542.3  0.9338707
5544.9  0.9645389
5547.5  0.9476129
5550.1  1.008137
5552.7  1.034869
5555.3  0.9903718
5557.9  1.04175
5560.5  0.9992882
5563.1  0.9489685
5565.7  0.9718828
5568.3  1.039379
5570.9  0.9985827
5573.5  1.051151
5576.1  1.061286
5578.7  0.9654757
5581.3  0.9827483
5583.9  0.9392877
5586.5  0.9521695
5589.1  0.9462883
5591.7  0.8822499
5594.3  0.8823082
5596.9  0.9154497
5599.5  0.9381475
5602.1  0.8974565
5604.7  0.9144638
5607.3  0.8998864
5609.9  0.9851337
5612.5  0.9611483
5615.1  0.9554545
5617.7  0.9441054
5620.3  0.9186507
5622.9  0.9264085
5625.5  0.9409959
5628.1  0.9338685
5630.7  0.9363633
5633.3  0.9957317
5635.9  0.9822157
5638.5  0.9516264
5641.1  0.9656947
5643.7  0.9728882
5646.3  0.9706365
5648.9  0.9561663
5651.5  1.011692
5654.1  0.9802445
5656.7  0.9207618
5659.3  0.9336547
5661.9  0.9795513
5664.5  0.9616979
5667.1  1.00009
5669.7  0.9871544
5672.3  0.9550163
5674.9  0.9721109
5677.5  1.018189
5680.1  1.012423
5682.7  0.9969489
5685.3  0.9717996
5687.9  0.9541364
5690.5  0.9956979
5693.1  0.98138
5695.7  0.9574689
5698.3  0.9543802
5700.9  0.911366
5703.5  0.9436353
5706.1  0.939031
5708.7  0.9247826
5711.3  0.887437
5713.9  0.9377081
5716.5  0.9396167
5719.1  0.9530076
5721.7  0.9734314
5724.3  0.9930416
5726.9  0.9590625
5729.5  0.9651774
5732.1  0.9801159
5734.7  0.9949287
5737.3  0.9667293
5739.9  0.9593312
5742.5  0.9644921
5745.1  0.9410542
5747.7  0.9458456
5750.3  0.9680898
5752.9  0.9323668
5755.5  0.8892276
5758.1  0.8888428
5760.7  0.8950107
5763.3  0.8893145
5765.9  0.9127805
5768.5  0.8743949
5771.1  0.83596
5773.7  0.8561242
5776.3  0.8244199
5778.9  0.8050693
5781.5  0.8060324
5784.1  0.7719589
5786.7  0.7106379
5789.3  0.7283058
5791.9  0.7411458
5794.5  0.7457073
5797.1  0.7480592
5799.7  0.7293075
5802.3  0.7283942
5804.9  0.7246981
5807.5  0.6918309
5810.1  0.7265562
5812.7  0.7055714
5815.3  0.7013721
5817.9  0.6886702
5820.5  0.6950802
5823.1  0.7272023
5825.7  0.7251705
5828.3  0.7185571
5830.9  0.7173557
5833.5  0.7120622
5836.1  0.7455378
5838.7  0.7445498
5841.3  0.7419922
5843.9  0.7826322
5846.5  0.774022
5849.1  0.7982005
5851.7  0.7434878
5854.3  0.765693
5856.9  0.7646055
5859.5  0.7823145
5862.1  0.7929748
5864.7  0.8069474
5867.3  0.7898859
5869.9  0.8300578
5872.5  0.8485484
5875.1  0.8621971
5877.7  0.8643798
5880.3  0.8580847
5882.9  0.87335
5885.5  0.8699529
5888.1  0.8168717
5890.7  0.757894
5893.3  0.7584575
5895.9  0.7023371
5898.5  0.792248
5901.1  0.7675728
5903.7  0.8123677
5906.3  0.8535565
5908.9  0.851591
5911.5  0.8028518
5914.1  0.810747
5916.7  0.837524
5919.3  0.8035188
5921.9  0.798982
5924.5  0.802653
5927.1  0.8097664
5929.7  0.7895654
5932.3  0.7615401
5934.9  0.7388867
5937.5  0.7401997
5940.1  0.7338402
5942.7  0.7510512
5945.3  0.7358153
5947.9  0.7372568
5950.5  0.7134117
5953.1  0.7166334
5955.7  0.7120622
5958.3  0.7083855
5960.9  0.7123421
5963.5  0.7399772
5966.1  0.7150217
5968.7  0.7347431
5971.3  0.7678124
5973.9  0.7342884
5976.5  0.7544364
5979.1  0.7589898
5981.7  0.7466458
5984.3  0.7429187
5986.9  0.7591515
5989.5  0.8120141
5992.1  0.7866439
5994.7  0.842851
5997.3  0.8664398
5999.9  0.8569925
6002.5  0.8270804
6005.1  0.8582264
6007.7  0.8516351
6010.3  0.8422916
6012.9  0.8468079
6015.5  0.9173682
6018.1  0.9019893
6020.7  0.894375
6023.3  0.9112382
6025.9  0.9203903
6028.5  0.9195133
6031.1  0.9642389
6033.7  1.000667
6036.3  1.003797
6038.9  1.015762
6041.5  1.010231
6044.1  1.005155
6046.7  1.030333
6049.3  1.028947
6051.9  0.9913709
6054.5  1.021836
6057.1  1.024536
6059.7  0.9920707
6062.3  1.002194
6064.9  1.001746
6067.5  1.005473
6070.1  1.012081
6072.7  0.9984921
6075.3  0.9934824
6077.9  1.007218
6080.5  1.029833
6083.1  0.9876275
6085.7  0.9885306
6088.3  1.002085
6090.9  1.002003
6093.5  1.003481
6096.1  0.9976153
6098.7  0.9961592
6101.3  1.001452
6103.9  0.9758877
6106.5  0.9742206
6109.1  0.9662945
6111.7  0.9829092
6114.3  0.9962341
6116.9  1.038815
6119.5  0.974938
6122.1  1.005702
6124.7  0.9806901
6127.3  0.97787
6129.9  0.9864655
6132.5  0.9991729
6135.1  1.000336
6137.7  0.9741996
6140.3  0.9779333
6142.9  0.9701721
6145.5  1.019017
6148.1  1.029249
6150.7  0.9977873
6153.3  1.002206
6155.9  0.9721001
6158.5  0.9807805
6161.1  0.9664238
6163.7  0.9342994
6166.3  0.9540229
6168.9  0.9457197
6171.5  0.9795731
6174.1  0.9631907
6176.7  0.9618995
6179.3  1.009289
6181.9  0.9924144
6184.5  0.9932318
6187.1  1.004076
6189.7  1.00646
6192.3  0.9967213
6194.9  0.9609451
6197.5  0.9924819
6200.1  0.9829909
6202.7  0.9878646
6205.3  0.998825
6207.9  0.9985605
6210.5  1.005056
6213.1  1.009012
6215.7  0.9995856
6218.3  0.9873587
6220.9  0.9801205
6223.5  0.9753334
6226.1  0.9911706
6228.7  1.00909
6231.3  1.001722
6233.9  0.9866899
6236.5  0.9794807
6239.1  1.002916
6241.7  0.9835904
6244.3  0.9630975
6246.9  0.9755312
6249.5  0.9869661
6252.1  0.9855807
6254.7  0.9666669
6257.3  0.9703173
6259.9  0.9671425
6262.5  0.9632608
6265.1  0.9772888
6267.7  1.000547
6270.3  1.006718
6272.9  0.974712
6275.5  0.9560284
6278.1  0.9500378
6280.7  0.9521358
6283.3  0.9576946
6285.9  0.9368792
6288.5  0.9368283
6291.1  0.9556698
6293.7  0.9563811
6296.3  0.9555295
6298.9  0.9751003
6301.5  0.9598587
6304.1  0.9148165
6306.7  0.938803
6309.3  0.9438766
6311.9  0.9490651
6314.5  0.9248254
6317.1  0.9244692
6319.7  0.9174749
6322.3  0.944111
6324.9  0.9354619
6327.5  0.972662
6330.1  0.9552625
6332.7  0.9458625
6335.3  0.9117342
6337.9  0.9177577
6340.5  0.9160926
6343.1  0.9536358
6345.7  0.9270276
6348.3  0.9505054
6350.9  0.9681639
6353.5  0.966387
6356.1  0.9404119
6358.7  0.9637681
6361.3  0.9501597
6363.9  0.9575934
6366.5  0.966083
6369.1  0.9602845
6371.7  0.9812878
6374.3  1.004179
6376.9  0.9918637
6379.5  0.9828925
6382.1  1.013124
6384.7  1.012736
6387.3  0.9998152
6389.9  1.001905
6392.5  1.017364
6395.1  1.004421
6397.7  0.9984654
6400.3  1.013884
6402.9  1.026098
6405.5  1.015121
6408.1  1.000343
6410.7  1.009824
6413.3  1.003778
6415.9  1.008901
6418.5  1.01546
6421.1  1.013644
6423.7  1.012064
6426.3  1.008931
6428.9  1.054419
6431.5  1.020404
6434.1  1.026624
6436.7  1.00046
6439.3  0.9919531
6441.9  1.024625
6444.5  1.048272
6447.1  0.9974745
6449.7  0.9954771
6452.3  1.005017
6454.9  1.004396
6457.5  0.993489
6460.1  1.004603
6462.7  0.9767191
6465.3  0.9986032
6467.9  1.032992
6470.5  0.9890276
6473.1  0.9878938
6475.7  1.007897
6478.3  0.9982854
6480.9  1.002615
6483.5  1.020709
6486.1  1.027134
6488.7  1.004576
6491.3  0.9800482
6493.9  0.9637828
6496.5  0.9507967
6499.1  0.9458548
6501.7  0.9751747
6504.3  0.9987966
6506.9  0.9991148
6509.5  1.015039
6512.1  1.017274
6514.7  1.021303
6517.3  1.043428
6519.9  1.014571
6522.5  1.000187
6525.1  1.019154
6527.7  1.032517
6530.3  1.042175
6532.9  1.037221
6535.5  1.005201
6538.1  1.041398
6540.7  1.050402
6543.3  1.026882
6545.9  1.036125
6548.5  1.052115
6551.1  1.034665
6553.7  1.006018
6556.3  0.9940724
6558.9  0.9972116
6561.5  1.015605
6564.1  1.008331
6566.7  0.9857449
6569.3  0.9644523
6571.9  0.9665701
6574.5  1.009556
6577.1  1.013137
6579.7  1.019662
6582.3  1.015334
6584.9  1.046617
6587.5  1.02569
6590.1  1.017838
6592.7  1.025849
6595.3  1.021461
6597.9  0.9967797
6600.5  0.9998479
6603.1  1.048095
6605.7  1.013495
6608.3  1.050695
6610.9  1.03216
6613.5  1.000293
6616.1  1.047847
6618.7  1.052972
6621.3  1.045739
6623.9  1.03388
6626.5  1.023807
6629.1  1.029883
6631.7  1.034982
6634.3  1.008099
6636.9  1.011015
6639.5  1.006116
6642.1  1.008542
6644.7  1.025844
6647.3  1.051803
6649.9  1.046529
6652.5  1.076602
6655.1  1.040913
6657.7  1.031953
6660.3  1.014964
6662.9  1.000056
6665.5  1.01249
6668.1  1.038205
6670.7  1.044037
6673.3  1.028596
6675.9  1.045068
6678.5  1.063994
6681.1  1.020747
6683.7  1.021766
6686.3  1.065606
6688.9  1.033515
6691.5  1.049561
6694.1  1.044616
6696.7  1.033605
6699.3  1.032713
6701.9  1.043041
6704.5  0.9981125
6707.1  1.020685
6709.7  1.034282
6712.3  1.013645
6714.9  1.005375
6717.5  1.023878
6720.1  1.012175
6722.7  1.011076
6725.3  1.0411
6727.9  1.052533
6730.5  1.012523
6733.1  1.04341
6735.7  1.013345
6738.3  1.023838
6740.9  1.048695
6743.5  1.035303
6746.1  1.007003
6748.7  1.010862
6751.3  1.014566
6753.9  1.020782
6756.5  1.007507
6759.1  1.027575
6761.7  1.046661
6764.3  1.047872
6766.9  1.0179
6769.5  1.021871
6772.1  1.035951
6774.7  1.032027
6777.3  1.03019
6779.9  1.052661
6782.5  1.066078
6785.1  1.027564
6787.7  1.04027
6790.3  1.038979
6792.9  1.026329
6795.5  1.028694
6798.1  1.042442
6800.7  1.046167
6803.3  1.049738
6805.9  1.04901
6808.5  1.05227
6811.1  1.047392
6813.7  1.055254
6816.3  1.054201
6818.9  1.057484
6821.5  1.04986
6824.1  1.044164
6826.7  1.038133
6829.3  1.037964
6831.9  1.04066
6834.5  1.042408
6837.1  1.035802
6839.7  1.00637
6842.3  1.003492
6844.9  1.036031
6847.5  1.018148
6850.1  1.023317
6852.7  1.036455
6855.3  1.043023
6857.9  1.019457
6860.5  1.026322
6863.1  1.007264
6865.7  0.9620475
6868.3  0.9048624
6870.9  0.8461729
6873.5  0.8154755
6876.1  0.8382208
6878.7  0.8720552
6881.3  0.9258878
6883.9  0.9615722
6886.5  0.9368108
6889.1  0.9409652
6891.7  0.9323568
6894.3  0.9264308
6896.9  0.9326826
6899.5  0.9466022
6902.1  0.9615986
6904.7  0.9548813
6907.3  0.9862522
6909.9  0.9423545
6912.5  0.9802093
6915.1  0.9816196
6917.7  1.019084
6920.3  0.9931906
6922.9  1.016128
6925.5  1.031677
6928.1  1.033194
6930.7  1.039466
6933.3  1.020366
6935.9  1.01475
6938.5  1.025101
6941.1  1.042252
6943.7  1.028048
6946.3  1.053549
6948.9  1.050703
6951.5  1.01556
6954.1  1.044223
6956.7  1.048756
6959.3  1.030334
6961.9  1.056508
6964.5  1.071498
6967.1  1.059598
6969.7  1.067056
6972.3  1.061953
6974.9  1.063568
6977.5  1.074617
6980.1  1.040125
6982.7  1.033264
6985.3  1.046245
6987.9  1.058173
6990.5  1.066917
6993.1  1.078511
6995.7  1.079328
6998.3  1.052442
7000.9  1.062821
7003.5  1.060777
7006.1  1.058367
7008.7  1.032722
7011.3  1.077834
7013.9  1.038172
7016.5  1.076209
7019.1  1.076645
7021.7  1.060201
7024.3  1.051912
7026.9  1.044253
7029.5  1.042278
7032.1  1.058079
7034.7  1.065509
7037.3  1.056703
7039.9  1.069656
7042.5  1.088768
7045.1  1.078598
7047.7  1.093231
7050.3  1.102015
7052.9  1.101358
7055.5  1.082669
7058.1  1.070503
7060.7  1.039556
7063.3  1.032679
7065.9  1.02124
7068.5  1.040676
7071.1  1.022995
7073.7  1.019864
7076.3  1.046667
7078.9  1.039773
7081.5  1.044914
7084.1  1.032157
7086.7  1.019238
7089.3  1.022159
7091.9  1.034071
7094.5  1.006611
7097.1  0.9915612
7099.7  1.004363
7102.3  0.9943624
7104.9  1.008509
7107.5  1.013682
7110.1  1.006754
7112.7  1.00793
7115.3  0.991206
7117.9  1.027131
7120.5  0.9890028
7123.1  1.016037
7125.7  1.018811
7128.3  0.9984351
7130.9  1.001561
7133.5  0.9973137
7136.1  0.9830392
7138.7  0.9809425
7141.3  0.9747389
7143.9  0.9869136
7146.5  0.9781289
7149.1  0.9853682
7151.7  0.9652544
7154.3  0.9858022
7156.9  1.002863
7159.5  0.9929178
7162.1  1.006498
7164.7  1.000148
7167.3  0.9851643
7169.9  0.9777017
7172.5  0.982883
7175.1  0.9865685
7177.7  0.9625725
7180.3  0.960375
7182.9  0.9753846
7185.5  0.9412613
7188.1  0.9330764
7190.7  0.9430012
7193.3  0.9503015
7195.9  0.9456567
7198.5  0.9482486
7201.1  0.9507847
7203.7  0.9522026
7206.3  0.9535593
7208.9  0.9444753
7211.5  0.9598175
7214.1  0.9616539
7216.7  0.9844673
7219.3  0.995474
7221.9  0.9754614
7224.5  0.963131
7227.1  0.9830763
7229.7  0.9728861
7232.3  0.9911116
7234.9  1.001795
7237.5  1.019756
7240.1  1.029399
7242.7  0.977052
7245.3  0.97225
7247.9  1.004406
7250.5  1.004153
7253.1  0.9924427
7255.7  1.011273
7258.3  0.9991797
7260.9  1.005862
7263.5  1.012013
7266.1  0.9936691
7268.7  1.012673
7271.3  1.0407
7273.9  1.018428
7276.5  0.9929624
7279.1  1.03191
7281.7  1.01414
7284.3  1.006287
7286.9  1.001235
7289.5  0.9814575
7292.1  0.9758626
7294.7  0.9896955
7297.3  0.9951085
7299.9  1.00042
7302.5  1.000203
7305.1  1.013133
7307.7  1.031635
7310.3  1.008997
7312.9  0.9957598
7315.5  1.02384
7318.1  1.033517
7320.7  1.002977
7323.3  1.027968
7325.9  1.030366
7328.5  1.032282
7331.1  0.9937251
7333.7  1.034448
7336.3  1.051093
7338.9  1.04528
7341.5  1.054241
7344.1  1.045212
7346.7  1.056185
7349.3  1.040598
7351.9  1.036437
7354.5  1.009375
7357.1  1.002835
7359.7  1.014454
7362.3  0.9947909
7364.9  1.004792
7367.5  1.020861
7370.1  1.01851
7372.7  1.01304
7375.3  1.029535
7377.9  1.032677
7380.5  1.047321
7383.1  1.03959
7385.7  1.049265
7388.3  1.037315
7390.9  0.9976856
7393.5  1.006181
7396.1  1.028134
7398.7  1.030456
7401.3  1.027325
7403.9  1.025191
7406.5  1.024183
7409.1  1.021438
7411.7  1.017014
7414.3  1.009896
7416.9  1.000162
7419.5  1.00053
7422.1  1.007956
7424.7  1.010565
7427.3  0.9956259
7429.9  1.036858
7432.5  1.0201
7435.1  1.047083
7437.7  1.052657
7440.3  1.011324
7442.9  1.007129
7445.5  1.040387
7448.1  1.032088
7450.7  1.0083
7453.3  1.019409
7455.9  1.039104
7458.5  1.038371
7461.1  1.047784
7463.7  1.059311
7466.3  1.035722
7468.9  1.034104
7471.5  1.045346
7474.1  1.031406
7476.7  1.041582
7479.3  1.038327
7481.9  1.060525
7484.5  1.059253
7487.1  1.051653
7489.7  1.038776
7492.3  1.036857
7494.9  1.017815
7497.5  1.021592
7500.1  1.025236
7502.7  1.034484
7505.3  1.045991
7507.9  1.041745
7510.5  1.03186
7513.1  1.042435
7515.7  1.048806
7518.3  1.062491
7520.9  1.062167
7523.5  1.044737
7526.1  1.053992
7528.7  1.049215
7531.3  1.036369
7533.9  1.033616
7536.5  1.04205
7539.1  1.055599
7541.7  1.043892
7544.3  1.056228
7546.9  1.062876
7549.5  1.031619
7552.1  1.055388
7554.7  1.057456
7557.3  1.055749
7559.9  1.045247
7562.5  1.0486
7565.1  1.037627
7567.7  1.046651
7570.3  1.046417
7572.9  1.035236
7575.5  1.037948
7578.1  1.053509
7580.7  1.051015
7583.3  1.025087
7585.9  1.018645
7588.5  1.008554
7591.1  0.9741629
7593.7  0.8924582
7596.3  0.7829392
7598.9  0.5812299
7601.5  0.4379911
7604.1  0.369987
7606.7  0.3234799
7609.3  0.3351784
7611.9  0.3962491
7614.5  0.473451
7617.1  0.57045
7619.7  0.6676584
7622.3  0.7188662
7624.9  0.670674
7627.5  0.6067336
7630.1  0.575016
7632.7  0.5622467
7635.3  0.5606782
7637.9  0.5858519
7640.5  0.6026208
7643.1  0.6347399
7645.7  0.6787118
7648.3  0.7049658
7650.9  0.7336801
7653.5  0.7514195
7656.1  0.7695593
7658.7  0.7850815
7661.3  0.8029804
7663.9  0.8041882
7666.5  0.8093222
7669.1  0.8022234
7671.7  0.8301491
7674.3  0.8670667
7676.9  0.9124307
7679.5  0.9205665
7682.1  0.9128851
7684.7  0.9215239
7687.3  0.9316959
7689.9  0.9213887
7692.5  0.9414424
7695.1  0.93367
7697.7  0.9041579
7700.3  0.9054411
7702.9  0.9144369
7705.5  0.9320896
7708.1  0.9299171
7710.7  0.9506506
7713.3  0.9485796
7715.9  0.9204977
7718.5  0.9155638
7721.1  0.939408
7723.7  0.9150748
7726.3  0.9362306
7728.9  0.9467501
7731.5  0.9457495
7734.1  0.952602
7736.7  0.9563996
7739.3  0.9665585
7741.9  0.9686361
7744.5  0.9816784
7747.1  0.9712209
7749.7  0.9698778
7752.3  0.9728886
7754.9  0.9404567
7757.5  0.935061
7760.1  0.9417818
7762.7  0.9712813
7765.3  0.9758806
7767.9  0.9731671
7770.5  0.9833305
7773.1  0.9569134
7775.7  0.951804
7778.3  0.9542668
7780.9  0.9643742
7783.5  0.9723752
7786.1  0.9548463
7788.7  0.9431285
7791.3  0.9600806
7793.9  0.9828969
7796.5  0.971881
7799.1  0.9718069
7801.7  0.9761629
7804.3  0.9717044
7806.9  0.9687527
7809.5  0.9954244
7812.1  1.004264
7814.7  1.008617
7817.3  1.009655
7819.9  1.001683
7822.5  0.9979696
7825.1  1.004242
7827.7  1.007053
7830.3  1.008718
7832.9  0.9900543
7835.5  0.9724513
7838.1  0.9733452
7840.7  0.9763623
7843.3  0.9747363
7845.9  0.9715551
7848.5  0.9762936
7851.1  0.9934438
7853.7  1.000218
7856.3  1.001605
7858.9  0.9975811
7861.5  0.981266
7864.1  0.9853873
7866.7  1.007912
7869.3  1.011121
7871.9  0.997761
7874.5  0.9915064
7877.1  1.002412
7879.7  0.9810967
7882.3  0.968182
7884.9  1.003949
7887.5  1.005563
7890.1  0.9786321
7892.7  0.9991614
7895.3  0.9934412
7897.9  0.9865105
7900.5  0.9878525
7903.1  0.9713491
7905.7  0.9755993
7908.3  0.9836973
7910.9  0.9684402
7913.5  0.9754701
7916.1  0.9520734
7918.7  0.9494616
7921.3  0.9613144
7923.9  0.9580396
7926.5  0.9691373
7929.1  0.950398
7931.7  0.9346282
7934.3  0.9357739
7936.9  0.9404739
7939.5  0.9647722
7942.1  0.9577866
7944.7  0.9549899
7947.3  0.9420518
7949.9  0.945141
7952.5  0.9408734
7955.1  0.9660873
7957.7  0.9613187
7960.3  0.971552
7962.9  0.9864621
7965.5  0.993865
7968.1  0.9853762
7970.7  0.9890488
7973.3  0.9926965
7975.9  0.9992135
7978.5  1.008073
7981.1  1.007161
7983.7  0.9995304
7986.3  0.992394
7988.9  1.008099
7991.5  1.020441
7994.1  1.009854
7996.7  0.9821641
7999.3  0.970745
8001.9  0.990095
8004.5  0.9856335
8007.1  0.987202
8009.7  0.984059
8012.3  1.003923
8014.9  1.014117
8017.5  1.024037
8020.1  1.021814
8022.7  1.030775
8025.3  1.030564
8027.9  1.008461
8030.5  1.017884
8033.1  0.9901614
8035.7  0.9708409
8038.3  0.9805146
8040.9  1.007413
8043.5  1.030418
8046.1  1.046611
8048.7  1.027801
8051.3  0.9973316
8053.9  0.9834148
8056.5  0.9995192
8059.1  1.008706
8061.7  1.011691
8064.3  1.036382
8066.9  1.038713
8069.5  1.01987
8072.1  1.00856
8074.7  1.009544
8077.3  0.9948022
8079.9  0.9829131
8082.5  0.9818723
8085.1  0.9856665
8087.7  0.9915352
8090.3  0.9952023
8092.9  0.9830096
8095.5  1.010812
8098.1  0.9841067
8100.7  0.9857475
8103.3  0.9672524
8105.9  1.001358
8108.5  0.9908218
8111.1  0.983285
8113.7  0.9890261
8116.3  0.9906696
8118.9  0.9783004
8121.5  0.9799284
8124.1  0.9651995
8126.7  0.9591897
8129.3  0.9738719
8131.9  0.995863
8134.5  1.000562
8137.1  0.9852058
8139.7  0.9838437
8142.3  0.9891695
8144.9  0.9910662
8147.5  0.9970236
8150.1  0.9852383
8152.7  0.9733335
8155.3  0.9982759
8157.9  0.9774434
8160.5  0.9806476
8163.1  0.9586231
8165.7  0.9599808
8168.3  0.9550727
8170.9  0.9326588
8173.5  0.9683921
8176.1  0.9756414
8178.7  0.9791486
8181.3  0.9573019
8183.9  0.9756241
8186.5  0.9873162
8189.1  0.9574693
8191.7  0.9505381
8194.3  0.9332196
8196.9  0.9426293
8199.5  0.9655777
8202.1  0.9575762
8204.7  0.9275579
8207.3  0.9627141
8209.9  0.9733268
8212.5  0.9694374
8215.1  0.9738392
8217.7  0.9760064
8220.3  0.9757524
8222.9  0.9771137
8225.5  0.9737973
8228.1  0.9644352
8230.7  0.9466226
8233.3  0.9502975
8235.9  0.9824737
8238.5  1.006839
8241.1  0.9938475
8243.7  0.9971707
8246.3  0.9857243
8248.9  0.9939022
8251.5  1.009463
8254.1  1.003834
8256.7  1.01061
8259.3  0.9983429
8261.9  0.9711236
8264.5  0.9749247
8267.1  0.9921117
8269.7  1.017724
8272.3  1.035313
8274.9  1.036503
8277.5  1.001088
8280.1  0.9727951
8282.7  0.9947862
8285.3  0.9902021
8287.9  1.002534
8290.5  0.9894924
8293.1  0.9963941
8295.7  1.001626
8298.3  0.9798242
8300.9  0.9803397
8303.5  0.9770083
8306.1  0.9800714
8308.7  0.9666345
8311.3  0.9809841
8313.9  0.9526791
8316.5  0.9326937
8319.1  0.9299292
8321.7  0.9230295
8324.3  0.9478878
8326.9  0.9568179
8329.5  0.9516656
8332.1  0.9396683
8334.7  0.9314502
8337.3  0.9453738
8339.9  0.9527543
8342.5  0.9305743
8345.1  0.9282558
8347.7  0.9782214
8350.3  0.9445669
8352.9  0.9594923
8355.5  0.9444391
8358.1  0.9446275
8360.7  0.9578903
8363.3  0.9500521
8365.9  0.9492765
8368.5  0.9495363
8371.1  0.9481774
8373.7  0.9429578
8376.3  0.9738002
8378.9  0.9796904
8381.5  0.9637356
8384.1  0.9558066
8386.7  0.9368384
8389.3  0.9124048
8391.9  0.9015549
8394.5  0.9086794
8397.1  0.9007902
8399.7  0.9307207
8402.3  0.9636874
8404.9  0.9630117
8407.5  0.9724748
8410.1  0.9734433
8412.7  0.9772248
8415.3  0.9822485
8417.9  0.9815571
8420.5  0.9794694
8423.1  0.9894801
8425.7  0.9870444
8428.3  0.9530349
8430.9  0.969731
8433.5  0.9691347
8436.1  0.9355772
8438.7  0.9686806
8441.3  0.9612954
8443.9  0.9183967
8446.5  0.9405115
8449.1  0.9694549
8451.7  0.960504
8454.3  0.9761024
8456.9  0.9672233
8459.5  0.9623755
8462.1  0.9583988
8464.7  0.9645373
8467.3  0.9760616
8469.9  0.9892883
8472.5  0.9529499
8475.1  0.9446452
8477.7  0.9324548
8480.3  0.9556527
8482.9  0.9669467
8485.5  0.979149
8488.1  0.9834476
8490.7  0.9790303
8493.3  0.9846253
8495.9  0.9854819
8498.5  0.9831533
8501.1  0.9581634
8503.7  0.8738846
8506.3  0.8317135
8508.9  0.8767858
8511.5  0.9421188
8514.1  0.9709279
8516.7  0.9782137
8519.3  0.9718834
8521.9  0.9390328
8524.5  0.9291017
8527.1  0.946723
8529.7  0.9569914
8532.3  0.964397
8534.9  0.9353551
8537.5  0.9260216
8540.1  0.8957886
8542.7  0.8793337
8545.3  0.8511896
8547.9  0.7757228
8550.5  0.7184373
8553.1  0.7354856
8555.7  0.8591732
8558.3  0.9098595
8560.9  0.9433595
8563.5  0.9627566
8566.1  0.9501783
8568.7  0.9578121
8571.3  0.9711528
8573.9  0.9810312
8576.5  0.9746599
8579.1  0.9767259
8581.7  0.9849713
8584.3  0.9593214
8586.9  0.9655175
8589.5  0.9706475
8592.1  0.9745461
8594.7  0.9797993
8597.3  0.9908272
8599.9  0.9877934
8602.5  0.9975522
8605.1  1.003229
8607.7  0.9832147
8610.3  0.9830769
8612.9  0.9997925
8615.5  0.9795632
8618.1  0.9686618
8620.7  0.9586441
8623.3  0.94959
8625.9  0.9649376
8628.5  0.9651721
8631.1  0.9733088
8633.7  0.9861308
8636.3  0.9944746
8638.9  0.9938109
8641.5  0.9907863
8644.1  0.989172
8646.7  0.9714896
8649.3  0.9727973
8651.9  0.9701532
8654.5  0.9730713
8657.1  0.9663585
8659.7  0.9414742
8662.3  0.9349319
8664.9  0.9070545
8667.5  0.852689
8670.1  0.779016
8672.7  0.7745101
8675.3  0.889347
8677.9  0.9541333
8680.5  0.9728278
8683.1  0.9861664
8685.7  0.9925922
8688.3  1.010115
8690.9  0.9951015
8693.5  0.9764845
8696.1  0.9605465
8698.7  0.9628204
8701.3  1.00033
8703.9  1.046208
8706.5  1.051332
8709.1  1.032721
8711.7  1.037798
8714.3  1.036754
8716.9  1.024287
8719.5  1.021225
8722.1  1.029541
8724.7  1.060134
8727.3  1.074553
8729.9  1.075606
8732.5  1.069042
8735.1  1.062686
8737.7  1.042049
8740.3  1.029048
8742.9  1.025599
8745.5  1.029105
8748.1  1.059948
8750.7  1.05924
8753.3  1.073634
8755.9  1.078242
8758.5  1.058971
8761.1  1.056411
8763.7  1.060562
8766.3  1.039479
8768.9  1.069471
8771.5  1.075603
8774.1  1.055511
8776.7  1.050204
8779.3  1.036135
8781.9  1.017914
8784.5  1.029118
8787.1  1.039084
8789.7  1.047834
8792.3  1.078594
8794.9  1.070076
8797.5  1.069027
8800.1  1.067949
8802.7  1.050499
8805.3  1.036034
8807.9  1.023031
8810.5  1.000542
8813.1  0.9630206
8815.7  0.9496129
8818.3  1.015415
8820.9  1.095124
8823.5  1.097494
8826.1  1.057292
8828.7  1.028973
8831.3  0.9961251
8833.9  0.9956807
8836.5  1.03975
8839.1  1.050999
8841.7  1.035129
8844.3  1.032882
8846.9  1.018686
8849.5  1.024063
8852.1  1.05602
8854.7  1.053
8857.3  1.049629
8859.9  1.03783
8862.5  1.039618
8865.1  1.041453
8867.7  1.031672
8870.3  1.010634
8872.9  0.9962491
8875.5  0.9771253
8878.1  0.9831359
8880.7  0.9920875
8883.3  0.9934114
8885.9  0.9863528
8888.5  0.9824986
8891.1  1.010701
8893.7  1.022806
8896.3  1.019099
8898.9  1.005149
8901.5  1.005741
8904.1  0.989936
8906.7  1.003098
8909.3  1.015579
8911.9  1.021094
8914.5  1.04587
8917.1  1.028871
8919.7  1.010625
8922.3  1.000159
8924.9  0.9834338
8927.5  0.9718931
8930.1  0.9619476
8932.7  0.9725676
8935.3  0.9824492
8937.9  0.9984537
8940.5  0.9883315
8943.1  0.9911323
8945.7  1.004129
8948.3  0.9780455
8950.9  0.9681755
8953.5  0.9498062
8956.1  0.9371526
8958.7  0.9617617
8961.3  0.9902648
8963.9  0.9908619
8966.5  0.9803823
8969.1  0.9754634
8971.7  0.9805539
8974.3  0.9623677
8976.9  0.9467059
8979.5  0.9433115
8982.1  0.9333144
8984.7  0.9373055
8987.3  0.9565796
8989.9  0.9650207
8992.5  0.9421827
8995.1  0.9426091
8997.7  0.9599179
9000.3  0.965644
9002.9  0.9457793
9005.5  0.9338167
9008.1  0.9354959
9010.7  0.9483638
9013.3  0.9486668
9015.9  0.9491093
9018.5  0.8925647
9021.1  0.8886544
9023.7  0.912967
9026.3  0.9130762
9028.9  0.9054555
9031.5  0.9019319
9034.1  0.9209273
9036.7  0.9448713
9039.3  0.9908746
9041.9  0.9999636
9044.5  0.9805285
9047.1  0.9760703
9049.7  1.003352
9052.3  0.9665732
9054.9  0.9656419
9057.5  0.9514357
9060.1  0.9749333
9062.7  0.9777918
9065.3  0.9626423
9067.9  0.9664059
9070.5  0.9457135
9073.1  0.9326832
9075.7  0.9275198
9078.3  0.9235936
9080.9  0.9305165
9083.5  0.9351811
9086.1  0.9241536
9088.7  0.929393
9091.3  0.9029555
9093.9  0.8757014
9096.5  0.8580785
9099.1  0.8744279
9101.7  0.8904817
9104.3  0.9040695
9106.9  0.9141657
9109.5  0.9092188
9112.1  0.9177673
9114.7  0.9163221
9117.3  0.9069451
9119.9  0.8968155
9122.5  0.8822317
9125.1  0.8732352
9127.7  0.8728327
9130.3  0.8775402
9132.9  0.8728006
9135.5  0.8875796
9138.1  0.8935931
9140.7  0.8881987
9143.3  0.9089509
9145.9  0.9025772
9148.5  0.8631843
9151.1  0.8324739
9153.7  0.8201973
9156.3  0.8089494
9158.9  0.8161583
9161.5  0.8550427
9164.1  0.8610958
9166.7  0.8689092
9169.3  0.8789479
9171.9  0.8526435
9174.5  0.8190975
9177.1  0.7809235
9179.7  0.7805439
9182.3  0.7992106
9184.9  0.8116571
9187.5  0.8121427
9190.1  0.8352338
9192.7  0.8415228
9195.3  0.8507186
9197.9  0.8362991
9200.5  0.829113
9203.1  0.8297867
9205.7  0.8381547
9208.3  0.8011281
9210.9  0.8063126
9213.5  0.7993398
9216.1  0.7986502
9218.7  0.7868171
9221.3  0.8012404
9223.9  0.8083299
9226.5  0.8213685
9229.1  0.8181793
9231.7  0.8341183
9234.3  0.8004812
9236.9  0.8015767
9239.5  0.7851143
9242.1  0.7877474
9244.7  0.8090882
9247.3  0.8012789
9249.9  0.7996039
9252.5  0.802132
9255.1  0.7899452
9257.7  0.7858991
9260.3  0.7981001
9262.9  0.8008293
9265.5  0.7751643
9268.1  0.7699221
9270.7  0.7975981
9273.3  0.8031426
9275.9  0.8016355
9278.5  0.8063121
9281.1  0.787632
9283.7  0.7816318
9286.3  0.7769532
9288.9  0.7688838
9291.5  0.7667291
9294.1  0.7581924
9296.7  0.7333592
9299.3  0.7250228
9301.9  0.7191235
9304.5  0.7142974
9307.1  0.7194412
9309.7  0.7268556
9312.3  0.7095646
9314.9  0.7042047
9317.5  0.6929265
9320.1  0.6584294
9322.7  0.6519353
9325.3  0.650459
9327.9  0.6325614
9330.5  0.6550413
9333.1  0.6639764
9335.7  0.6421543
9338.3  0.6276248
9340.9  0.6169127
9343.5  0.5922295
9346.1  0.545454
9348.7  0.5471701
9351.3  0.6379998
9353.9  0.6390904
9356.5  0.5757452
9359.1  0.5560355
9361.7  0.5688865
9364.3  0.5995639
9366.9  0.580155
9369.5  0.5521033
9372.1  0.5600429
9374.7  0.5715572
9377.3  0.6129735
9379.9  0.6010926
9382.5  0.5995128
9385.1  0.5768735
9387.7  0.6152454
9390.3  0.6055768
9392.9  0.6359513
9395.5  0.6622126
9398.1  0.6492803
9400.7  0.6385902
9403.3  0.6250498
9405.9  0.6465622
9408.5  0.646351
9411.1  0.6300769
9413.7  0.5901668
9416.3  0.5932863
9418.9  0.6014374
9421.5  0.5745741
9424.1  0.5864124
9426.7  0.5734563
9429.3  0.5514948
9431.9  0.5095447
9434.5  0.581354
9437.1  0.6021481
9439.7  0.5654861
9442.3  0.5053196
9444.9  0.5263351
9447.5  0.5512011
9450.1  0.5637828
9452.7  0.5687699
9455.3  0.5547971
9457.9  0.5282487
9460.5  0.5244985
9463.1  0.5275001
9465.7  0.5463467
9468.3  0.5904313
9470.9  0.5815984
9473.5  0.5822582
9476.1  0.5963323
9478.7  0.5798244
9481.3  0.5729442
9483.9  0.5569745
9486.5  0.5367623
9489.1  0.5841061
9491.7  0.5951358
9494.3  0.5759044
9496.9  0.5214773
9499.5  0.5110681
9502.1  0.5240988
9504.7  0.5166197
9507.3  0.5677212
9509.9  0.6030592
9512.5  0.5739429
9515.1  0.5700594
9517.7  0.5615675
9520.3  0.5239959
9522.9  0.5120748
9525.5  0.526854
9528.1  0.5313306
9530.7  0.5484144
9533.3  0.5633507
9535.9  0.5679419
9538.5  0.5411621
9541.1  0.5410656
9543.7  0.5307806
9546.3  0.5034053
9548.9  0.5143952
9551.5  0.527357
9554.1  0.5087786
9556.7  0.4963548
9559.3  0.5061246
9561.9  0.511776
9564.5  0.5242792
9567.1  0.5208806
9569.7  0.5195267
9572.3  0.5284562
9574.9  0.5377149
9577.5  0.5194435
9580.1  0.4955019
9582.7  0.4863066
9585.3  0.4952037
9587.9  0.5104693
9590.5  0.501114
9593.1  0.4896371
9595.7  0.4973734
9598.3  0.5021225
9600.9  0.510463
9603.5  0.5214345
9606.1  0.5059651
9608.7  0.4781343
9611.3  0.485427
9613.9  0.5007429
9616.5  0.5043358
9619.1  0.5026641
9621.7  0.5005851
9624.3  0.4862864
9626.9  0.4808326
9629.5  0.4865792
9632.1  0.4880423
9634.7  0.4840156
9637.3  0.47614
9639.9  0.475333
9642.5  0.4705196
9645.1  0.4680154
9647.7  0.4525999
9650.3  0.4565647
9652.9  0.4715349
9655.5  0.4727108
9658.1  0.4694645
9660.7  0.4618517
9663.3  0.4611425
9665.9  0.4500094
9668.5  0.4630915
9671.1  0.4684801
9673.7  0.4510894
9676.3  0.4528707
9678.9  0.4671543
9681.5  0.4642842
9684.1  0.4434715
9686.7  0.4519616
9689.3  0.4678663
9691.9  0.4646756
9694.5  0.4533049
9697.1  0.4463004
9699.7  0.4312378
9702.3  0.4419945
9704.9  0.4515544
9707.5  0.447416
9710.1  0.4443734
9712.7  0.4319901
9715.3  0.4183089
9717.9  0.4274473
9720.5  0.4408043
9723.1  0.4501844
9725.7  0.4417326
9728.3  0.4288655
9730.9  0.4196658
9733.5  0.42288
9736.1  0.416452
9738.7  0.3981327
9741.3  0.4077901
9743.9  0.4128658
9746.5  0.3987482
9749.1  0.397225
9751.7  0.4018916
9754.3  0.3909498
9756.9  0.3873376
9759.5  0.3887807
9762.1  0.3968115
9764.7  0.3917505
9767.3  0.3938745
9769.9  0.3934022
9772.5  0.3876426
9775.1  0.3884527
9777.7  0.3893462
9780.3  0.3771397
9782.9  0.3635806
9785.5  0.3616605
9788.1  0.3664079
9790.7  0.3553004
9793.3  0.3529782
9795.9  0.3632365
9798.5  0.3669922
9801.1  0.3751952
9803.7  0.3752616
9806.3  0.3817455
9808.9  0.3679004
9811.5  0.3625674
9814.1  0.3706394
9816.7  0.3611685
9819.3  0.3648456
9821.9  0.3575822
9824.5  0.3546247
9827.1  0.3583813
9829.7  0.3533621
9832.3  0.351409
9834.9  0.3440111
9837.5  0.3534057
9840.1  0.3386395
9842.7  0.3314247
9845.3  0.3278566
9847.9  0.3374382
9850.5  0.3350617
9853.1  0.3402032
9855.7  0.3408202
9858.3  0.3374487
9860.9  0.3342337
9863.5  0.3255784
9866.1  0.3133969
9868.7  0.3142827
9871.3  0.315035
9873.9  0.3120744
9876.5  0.3158999
9879.1  0.3174255
9881.7  0.3206553
9884.3  0.3086056
9886.9  0.3065923
9889.5  0.3031468
9892.1  0.2947008
9894.7  0.3044853
9897.3  0.3042465
9899.9  0.2934754
9902.5  0.298372
9905.1  0.2933673
9907.7  0.2828558
9910.3  0.2758102
9912.9  0.2779736
9915.5  0.2778131
9918.1  0.2812678
9920.7  0.2889725
