3501.3  0.
3503.9  0.
3506.5  0.
3509.1  0.
3511.7  0.
3514.3  0.
3516.9  0.
3519.5  0.
3522.1  0.
3524.7  0.
3527.3  0.
3529.9  0.
3532.5  0.
3535.1  0.
3537.7  0.
3540.3  0.
3542.9  0.
3545.5  0.
3548.1  0.
3550.7  0.
3553.3  0.
3555.9  0.
3558.5  0.
3561.1  0.
3563.7  0.
3566.3  0.
3568.9  0.
3571.5  0.
3574.1  0.
3576.7  0.
3579.3  0.
3581.9  0.
3584.5  0.
3587.1  0.
3589.7  0.
3592.3  0.
3594.9  0.
3597.5  0.
3600.1  0.
3602.7  0.
3605.3  0.
3607.9  0.
3610.5  0.
3613.1  0.
3615.7  0.
3618.3  0.
3620.9  0.
3623.5  0.
3626.1  0.
3628.7  0.
3631.3  0.
3633.9  0.
3636.5  0.
3639.1  0.
3641.7  0.
3644.3  0.
3646.9  0.
3649.5  0.
3652.1  0.
3654.7  0.
3657.3  0.
3659.9  0.
3662.5  0.
3665.1  0.
3667.7  0.
3670.3  0.
3672.9  0.
3675.5  0.
3678.1  0.
3680.7  0.
3683.3  0.
3685.9  0.
3688.5  0.
3691.1  0.
3693.7  0.
3696.3  0.
3698.9  0.
3701.5  0.
3704.1  0.
3706.7  0.
3709.3  0.
3711.9  0.
3714.5  0.
3717.1  0.
3719.7  0.
3722.3  0.
3724.9  0.
3727.5  0.
3730.1  0.
3732.7  0.
3735.3  0.
3737.9  0.
3740.5  0.
3743.1  0.
3745.7  0.
3748.3  0.
3750.9  0.
3753.5  0.
3756.1  0.
3758.7  0.
3761.3  0.
3763.9  0.
3766.5  0.
3769.1  0.
3771.7  0.
3774.3  0.
3776.9  0.
3779.5  0.
3782.1  0.
3784.7  0.
3787.3  0.
3789.9  0.
3792.5  0.
3795.1  0.
3797.7  0.
3800.3  0.
3802.9  0.
3805.5  0.
3808.1  0.
3810.7  0.
3813.3  0.
3815.9  0.
3818.5  0.
3821.1  0.
3823.7  0.
3826.3  0.
3828.9  0.
3831.5  0.
3834.1  0.
3836.7  0.
3839.3  0.
3841.9  0.
3844.5  0.
3847.1  0.
3849.7  0.
3852.3  0.
3854.9  0.
3857.5  0.
3860.1  0.
3862.7  0.
3865.3  0.
3867.9  0.
3870.5  0.
3873.1  0.
3875.7  0.
3878.3  0.
3880.9  0.
3883.5  0.
3886.1  0.
3888.7  0.
3891.3  0.
3893.9  0.
3896.5  0.
3899.1  0.
3901.7  0.
3904.3  0.
3906.9  0.
3909.5  0.
3912.1  0.
3914.7  0.
3917.3  0.
3919.9  0.
3922.5  0.
3925.1  0.
3927.7  0.
3930.3  0.
3932.9  0.
3935.5  0.
3938.1  0.
3940.7  0.
3943.3  0.
3945.9  0.
3948.5  0.
3951.1  0.
3953.7  0.
3956.3  0.
3958.9  0.
3961.5  0.
3964.1  0.
3966.7  0.
3969.3  0.
3971.9  0.
3974.5  0.
3977.1  0.
3979.7  0.
3982.3  0.
3984.9  0.
3987.5  0.
3990.1  0.
3992.7  0.
3995.3  0.
3997.9  0.
4000.5  0.
4003.1  0.
4005.7  0.
4008.3  0.
4010.9  0.
4013.5  0.
4016.1  0.
4018.7  0.
4021.3  0.
4023.9  0.
4026.5  0.
4029.1  0.
4031.7  0.
4034.3  0.
4036.9  0.
4039.5  0.
4042.1  0.
4044.7  0.
4047.3  0.
4049.9  0.
4052.5  0.
4055.1  0.
4057.7  0.
4060.3  0.
4062.9  0.
4065.5  0.
4068.1  0.
4070.7  0.
4073.3  0.
4075.9  0.
4078.5  0.
4081.1  0.
4083.7  0.
4086.3  0.
4088.9  0.
4091.5  0.
4094.1  0.
4096.7  0.
4099.3  0.
4101.9  0.
4104.5  0.
4107.1  0.
4109.7  0.
4112.3  0.
4114.9  0.
4117.5  0.
4120.1  0.
4122.7  0.
4125.3  0.
4127.9  0.
4130.5  0.
4133.1  0.
4135.7  0.
4138.3  0.
4140.9  0.
4143.5  0.
4146.1  0.
4148.7  0.
4151.3  0.
4153.9  0.
4156.5  0.
4159.1  0.
4161.7  0.
4164.3  0.
4166.9  0.
4169.5  0.
4172.1  0.
4174.7  0.
4177.3  0.
4179.9  0.
4182.5  0.
4185.1  0.
4187.7  0.
4190.3  0.
4192.9  0.
4195.5  0.
4198.1  0.
4200.7  0.
4203.3  0.
4205.9  0.
4208.5  0.
4211.1  0.
4213.7  0.
4216.3  0.
4218.9  0.
4221.5  0.
4224.1  0.
4226.7  0.
4229.3  0.
4231.9  0.
4234.5  0.
4237.1  0.
4239.7  0.
4242.3  0.
4244.9  0.
4247.5  0.
4250.1  0.
4252.7  0.
4255.3  0.
4257.9  0.
4260.5  0.
4263.1  0.
4265.7  0.
4268.3  0.
4270.9  0.
4273.5  0.
4276.1  0.
4278.7  0.
4281.3  0.
4283.9  0.
4286.5  0.
4289.1  0.
4291.7  0.
4294.3  0.
4296.9  0.
4299.5  0.
4302.1  0.
4304.7  0.
4307.3  0.
4309.9  0.
4312.5  0.
4315.1  0.
4317.7  0.
4320.3  0.
4322.9  0.
4325.5  0.
4328.1  0.
4330.7  0.
4333.3  0.
4335.9  0.
4338.5  0.
4341.1  0.
4343.7  0.
4346.3  0.
4348.9  0.
4351.5  0.
4354.1  0.
4356.7  0.
4359.3  0.
4361.9  0.
4364.5  0.
4367.1  0.
4369.7  0.
4372.3  0.
4374.9  0.
4377.5  0.
4380.1  0.
4382.7  0.
4385.3  0.
4387.9  0.
4390.5  0.
4393.1  0.
4395.7  0.
4398.3  0.
4400.9  0.
4403.5  0.
4406.1  0.
4408.7  0.
4411.3  0.
4413.9  0.
4416.5  0.
4419.1  0.
4421.7  0.
4424.3  0.
4426.9  0.
4429.5  0.
4432.1  0.
4434.7  0.
4437.3  0.
4439.9  0.
4442.5  0.
4445.1  0.
4447.7  0.
4450.3  0.
4452.9  0.
4455.5  0.
4458.1  0.
4460.7  0.
4463.3  0.
4465.9  0.
4468.5  0.
4471.1  0.
4473.7  0.
4476.3  0.
4478.9  0.
4481.5  0.
4484.1  0.
4486.7  0.
4489.3  0.
4491.9  0.
4494.5  0.
4497.1  0.
4499.7  0.
4502.3  0.
4504.9  0.
4507.5  0.
4510.1  0.
4512.7  0.
4515.3  0.
4517.9  0.
4520.5  0.
4523.1  0.
4525.7  0.
4528.3  0.
4530.9  0.
4533.5  0.
4536.1  0.
4538.7  0.
4541.3  0.
4543.9  0.
4546.5  0.
4549.1  0.
4551.7  0.
4554.3  0.
4556.9  0.
4559.5  0.
4562.1  0.
4564.7  0.
4567.3  0.
4569.9  0.
4572.5  0.
4575.1  0.
4577.7  0.
4580.3  0.
4582.9  0.
4585.5  0.
4588.1  0.
4590.7  0.
4593.3  0.
4595.9  0.
4598.5  0.
4601.1  0.
4603.7  0.
4606.3  0.
4608.9  0.
4611.5  0.
4614.1  0.
4616.7  0.
4619.3  0.
4621.9  0.
4624.5  0.
4627.1  0.
4629.7  0.
4632.3  0.
4634.9  0.
4637.5  0.
4640.1  0.
4642.7  0.
4645.3  0.
4647.9  0.
4650.5  0.
4653.1  0.
4655.7  0.
4658.3  0.
4660.9  0.
4663.5  0.
4666.1  0.
4668.7  0.
4671.3  0.
4673.9  0.
4676.5  0.
4679.1  0.
4681.7  0.
4684.3  0.
4686.9  0.
4689.5  0.
4692.1  0.
4694.7  0.
4697.3  0.
4699.9  0.
4702.5  0.
4705.1  0.
4707.7  0.
4710.3  0.
4712.9  0.
4715.5  0.
4718.1  0.
4720.7  0.
4723.3  0.
4725.9  0.
4728.5  0.
4731.1  0.
4733.7  0.
4736.3  0.
4738.9  0.
4741.5  0.
4744.1  0.
4746.7  0.
4749.3  0.
4751.9  0.
4754.5  0.
4757.1  0.
4759.7  0.
4762.3  0.
4764.9  0.
4767.5  0.
4770.1  0.
4772.7  0.
4775.3  0.
4777.9  0.
4780.5  0.
4783.1  0.
4785.7  0.
4788.3  0.
4790.9  0.
4793.5  0.
4796.1  0.
4798.7  0.
4801.3  0.
4803.9  0.
4806.5  0.
4809.1  0.
4811.7  0.
4814.3  0.
4816.9  0.
4819.5  0.
4822.1  0.
4824.7  28.64764
4827.3  180.4412
4829.9  294.166
4832.5  263.8257
4835.1  316.5674
4837.7  387.2835
4840.3  467.8114
4842.9  360.8553
4845.5  543.9169
4848.1  424.0225
4850.7  509.6288
4853.3  454.6445
4855.9  440.9393
4858.5  452.5107
4861.1  505.1306
4863.7  440.0992
4866.3  604.064
4868.9  572.1984
4871.5  535.9243
4874.1  613.7874
4876.7  552.3077
4879.3  675.6183
4881.9  669.4476
4884.5  657.3013
4887.1  600.1625
4889.7  660.394
4892.3  678.3689
4894.9  719.0632
4897.5  775.34
4900.1  862.1421
4902.7  779.2772
4905.3  843.7777
4907.9  882.6529
4910.5  986.491
4913.1  854.2062
4915.7  979.6651
4918.3  881.7549
4920.9  960.5956
4923.5  1042.522
4926.1  1001.283
4928.7  1137.997
4931.3  1215.783
4933.9  1156.665
4936.5  1101.448
4939.1  1472.696
4941.7  1310.136
4944.3  1266.517
4946.9  1401.388
4949.5  1461.823
4952.1  1454.872
4954.7  1471.459
4957.3  1569.082
4959.9  1416.911
4962.5  1491.781
4965.1  1406.308
4967.7  1485.184
4970.3  1438.479
4972.9  1440.628
4975.5  1623.173
4978.1  1585.349
4980.7  1513.406
4983.3  1335.181
4985.9  1675.997
4988.5  1547.127
4991.1  1620.357
4993.7  1610.641
4996.3  1635.681
4998.9  1809.389
5001.5  1919.474
5004.1  1779.795
5006.7  1750.437
5009.3  1843.515
5011.9  1906.049
5014.5  1810.944
5017.1  1841.951
5019.7  1984.702
5022.3  1591.357
5024.9  1910.872
5027.5  1898.41
5030.1  1914.114
5032.7  2004.019
5035.3  2081.188
5037.9  2054.651
5040.5  1859.841
5043.1  1943.185
5045.7  2016.604
5048.3  1938.143
5050.9  2007.335
5053.5  2042.322
5056.1  2271.189
5058.7  2187.716
5061.3  2169.679
5063.9  2002.434
5066.5  2065.078
5069.1  2272.126
5071.7  2234.397
5074.3  2197.247
5076.9  2050.646
5079.5  2350.643
5082.1  2183.399
5084.7  2380.659
5087.3  2361.664
5089.9  2322.115
5092.5  2568.311
5095.1  2615.254
5097.7  2589.715
5100.3  2558.302
5102.9  2302.619
5105.5  2441.914
5108.1  2655.147
5110.7  2668.973
5113.3  2542.737
5115.9  2666.58
5118.5  2728.795
5121.1  2850.266
5123.7  2801.51
5126.3  2561.907
5128.9  2569.947
5131.5  2588.363
5134.1  2716.749
5136.7  2619.378
5139.3  2285.927
5141.9  2634.457
5144.5  2427.458
5147.1  2344.345
5149.7  2417.264
5152.3  2721.524
5154.9  2747.148
5157.5  2846.065
5160.1  2858.111
5162.7  2925.37
5165.3  2819.352
5167.9  2793.844
5170.5  2646.842
5173.1  2584.069
5175.7  2460.762
5178.3  2662.707
5180.9  2846.279
5183.5  2828.446
5186.1  2854.574
5188.7  2822.093
5191.3  2685.985
5193.9  2768.558
5196.5  2897.932
5199.1  2853.946
5201.7  2952.837
5204.3  2987.743
5206.9  2949.322
5209.5  3003.727
5212.1  2861.606
5214.7  3008.557
5217.3  3069.969
5219.9  3069.499
5222.5  3029.823
5225.1  2995.966
5227.7  2956.285
5230.3  3191.532
5232.9  3049.834
5235.5  2966.888
5238.1  2980.682
5240.7  3186.824
5243.3  3357.585
5245.9  3382.204
5248.5  3347.53
5251.1  3321.071
5253.7  3407.602
5256.3  3498.766
5258.9  3592.273
5261.5  3292.966
5264.1  3382.332
5266.7  3455.288
5269.3  3029.674
5271.9  3035.96
5274.5  3075.672
5277.1  3179.764
5279.7  3191.103
5282.3  3472.787
5284.9  3607.83
5287.5  3376.146
5290.1  3679.311
5292.7  3574.457
5295.3  3527.595
5297.9  3611.6
5300.5  3363.713
5303.1  3559.457
5305.7  3525.274
5308.3  3359.294
5310.9  3680.46
5313.5  3734.063
5316.1  3770.659
5318.7  3418.961
5321.3  3437.272
5323.9  3617.483
5326.5  3611.617
5329.1  3371.055
5331.7  3270.523
5334.3  3346.694
5336.9  3671.501
5339.5  3625.131
5342.1  3611.492
5344.7  3626.46
5347.3  3828.177
5349.9  3734.765
5352.5  3868.876
5355.1  4118.708
5357.7  3948.638
5360.3  4369.229
5362.9  3985.602
5365.5  3991.799
5368.1  3979.396
5370.7  4009.395
5373.3  4259.695
5375.9  4139.853
5378.5  3906.094
5381.1  4129.962
5383.7  4112.26
5386.3  4104.541
5388.9  4076.215
5391.5  3990.77
5394.1  4022.049
5396.7  3897.501
5399.3  3922.111
5401.9  3736.711
5404.5  3885.107
5407.1  3897.818
5409.7  4018.843
5412.3  4165.462
5414.9  4047.554
5417.5  4353.905
5420.1  4301.411
5422.7  4269.978
5425.3  4272.559
5427.9  4095.759
5430.5  4082.427
5433.1  4249.504
5435.7  4225.531
5438.3  4476.902
5440.9  4563.757
5443.5  4408.056
5446.1  4519.606
5448.7  4455.369
5451.3  4392.711
5453.9  4508.819
5456.5  4422.97
5459.1  4375.559
5461.7  4340.753
5464.3  4495.261
5466.9  4470.853
5469.5  4352.741
5472.1  4369.329
5474.7  4070.281
5477.3  4199.305
5479.9  4008.035
5482.5  4090.693
5485.1  4043.39
5487.7  4221.634
5490.3  4269.748
5492.9  4029.84
5495.5  4156.844
5498.1  4058.47
5500.7  4017.272
5503.3  4130.47
5505.9  4057.376
5508.5  4090.955
5511.1  4162.861
5513.7  4205.117
5516.3  4164.227
5518.9  4170.748
5521.5  4323.677
5524.1  4442.863
5526.7  4442.563
5529.3  4824.122
5531.9  4263.74
5534.5  4431.783
5537.1  4551.492
5539.7  4551.037
5542.3  4665.83
5544.9  4832.832
5547.5  4761.534
5550.1  5079.991
5552.7  5229.38
5555.3  5018.552
5557.9  5293.627
5560.5  5091.955
5563.1  4848.901
5565.7  4979.631
5568.3  5340.024
5570.9  5144.39
5573.5  5429.876
5576.1  5497.011
5578.7  5014.165
5581.3  5117.494
5583.9  4904.178
5586.5  4984.583
5589.1  4966.832
5591.7  4642.838
5594.3  4655.247
5596.9  4842.642
5599.5  4975.527
5602.1  4771.95
5604.7  4874.822
5607.3  4809.324
5609.9  5278.262
5612.5  5162.741
5615.1  5145.043
5617.7  5096.642
5620.3  4971.562
5622.9  5025.954
5625.5  5117.683
5628.1  5091.385
5630.7  5117.452
5633.3  5455.147
5635.9  5394.121
5638.5  5238.725
5641.1  5328.923
5643.7  5381.434
5646.3  5381.74
5648.9  5314.05
5651.5  5635.89
5654.1  5473.516
5656.7  5153.37
5659.3  5237.677
5661.9  5507.864
5664.5  5419.94
5667.1  5649.236
5669.7  5588.895
5672.3  5419.235
5674.9  5528.731
5677.5  5803.843
5680.1  5783.923
5682.7  5708.241
5685.3  5576.619
5687.9  5487.387
5690.5  5739.043
5693.1  5668.936
5695.7  5542.908
5698.3  5537.048
5700.9  5298.954
5703.5  5498.419
5706.1  5483.35
5708.7  5411.708
5711.3  5204.228
5713.9  5510.7
5716.5  5533.588
5719.1  5624.256
5721.7  5756.826
5724.3  5885.053
5726.9  5695.49
5729.5  5743.661
5732.1  5844.576
5734.7  5945.081
5737.3  5788.381
5739.9  5755.771
5742.5  5798.462
5745.1  5668.976
5747.7  5709.29
5750.3  5855.254
5752.9  5650.434
5755.5  5399.693
5758.1  5408.028
5760.7  5456.279
5763.3  5432.181
5765.9  5586.411
5768.5  5361.895
5771.1  5136.14
5773.7  5270.176
5776.3  5084.763
5778.9  4974.92
5781.5  4990.366
5784.1  4788.486
5786.7  4416.448
5789.3  4534.777
5791.9  4623.384
5794.5  4660.531
5797.1  4683.933
5799.7  4574.991
5802.3  4577.7
5804.9  4562.854
5807.5  4363.894
5810.1  4591.299
5812.7  4466.799
5815.3  4448.256
5817.9  4375.577
5820.5  4424.245
5823.1  4636.992
5825.7  4632.281
5828.3  4598.189
5830.9  4598.626
5833.5  4572.739
5836.1  4796.122
5838.7  4798.146
5841.3  4789.997
5843.9  5061.124
5846.5  5014.105
5849.1  5179.644
5851.7  4832.888
5854.3  4985.738
5856.9  4987.14
5859.5  5111.311
5862.1  5189.716
5864.7  5290.06
5867.3  5186.903
5869.9  5459.812
5872.5  5590.736
5875.1  5690.089
5877.7  5713.928
5880.3  5681.661
5882.9  5792.23
5885.5  5779.139
5888.1  5435.359
5890.7  5051.12
5893.3  5063.05
5895.9  4695.979
5898.5  5305.647
5901.1  5148.626
5903.7  5457.785
5906.3  5743.611
5908.9  5739.456
5911.5  5419.505
5914.1  5481.4
5916.7  5671.306
5919.3  5449.527
5921.9  5427.183
5924.5  5460.563
5927.1  5517.464
5929.7  5388.094
5932.3  5204.813
5934.9  5057.699
5937.5  5074.399
5940.1  5038.432
5942.7  5164.394
5945.3  5067.247
5947.9  5084.793
5950.5  4927.696
5953.1  4957.324
5955.7  4933.019
5958.3  4914.81
5960.9  4949.553
5963.5  5149.129
5966.1  4982.765
5968.7  5127.669
5971.3  5366.251
5973.9  5139.391
5976.5  5288.04
5979.1  5327.614
5981.7  5248.491
5984.3  5229.758
5986.9  5351.647
5989.5  5732.436
5992.1  5561.195
5994.7  5966.959
5997.3  6142.583
5999.9  6084.123
6002.5  5879.967
6005.1  6109.89
6007.7  6071.38
6010.3  6013.072
6012.9  6053.646
6015.5  6567.076
6018.1  6465.828
6020.7  6420.
6023.3  6549.945
6025.9  6624.695
6028.5  6627.329
6031.1  6959.05
6033.7  7231.651
6036.3  7263.983
6038.9  7360.375
6041.5  7330.032
6044.1  7302.869
6046.7  7495.682
6049.3  7495.459
6051.9  7231.215
6054.5  7463.189
6057.1  7492.668
6059.7  7264.675
6062.3  7348.318
6064.9  7354.524
6067.5  7391.399
6070.1  7449.522
6072.7  7358.907
6075.3  7331.327
6077.9  7442.138
6080.5  7618.889
6083.1  7315.881
6085.7  7331.799
6088.3  7441.667
6090.9  7450.378
6093.5  7470.68
6096.1  7436.25
6098.7  7434.613
6101.3  7483.362
6103.9  7301.323
6106.5  7297.811
6109.1  7247.31
6111.7  7380.933
6114.3  7490.104
6116.9  7819.729
6119.5  7347.783
6122.1  7588.79
6124.7  7408.966
6127.3  7396.524
6129.9  7470.467
6132.5  7575.729
6135.1  7593.572
6137.7  7403.938
6140.3  7441.099
6142.9  7390.747
6145.5  7771.971
6148.1  7859.21
6150.7  7627.876
6153.3  7670.582
6155.9  7448.808
6158.5  7524.031
6161.1  7422.456
6163.7  7183.995
6166.3  7344.077
6168.9  7288.497
6171.5  7558.019
6174.1  7440.081
6176.7  7438.543
6179.3  7813.849
6181.9  7691.883
6184.5  7706.886
6187.1  7799.772
6189.7  7827.046
6192.3  7759.964
6194.9  7489.757
6197.5  7744.146
6200.1  7678.578
6202.7  7725.17
6205.3  7819.48
6207.9  7825.992
6210.5  7885.519
6213.1  7925.204
6215.7  7859.715
6218.3  7772.006
6220.9  7723.381
6223.5  7693.964
6226.1  7827.318
6228.7  7977.384
6231.3  7927.624
6233.9  7816.999
6236.5  7768.158
6239.1  7962.474
6241.7  7817.315
6244.3  7662.534
6246.9  7769.643
6249.5  7868.983
6252.1  7866.178
6254.7  7723.294
6257.3  7760.546
6259.9  7743.204
6262.5  7720.131
6265.1  7840.668
6267.7  8035.555
6270.3  8093.44
6272.9  7844.177
6275.5  7701.702
6278.1  7661.267
6280.7  7686.013
6283.3  7738.746
6285.9  7578.224
6288.5  7585.475
6291.1  7745.847
6293.7  7759.417
6296.3  7760.287
6298.9  7927.167
6301.5  7811.055
6304.1  7451.936
6306.7  7654.931
6309.3  7703.931
6311.9  7753.943
6314.5  7563.365
6317.1  7567.894
6319.7  7518.015
6322.3  7743.857
6324.9  7680.416
6327.5  7993.625
6330.1  7858.273
6332.7  7788.496
6335.3  7514.741
6337.9  7571.697
6340.5  7565.244
6343.1  7882.854
6345.7  7670.258
6348.3  7872.039
6350.9  8025.943
6353.5  8018.843
6356.1  7810.725
6358.7  8012.302
6361.3  7906.641
6363.9  7976.02
6366.5  8054.311
6369.1  8013.49
6371.7  8196.438
6374.3  8395.488
6376.9  8300.268
6379.5  8232.85
6382.1  8493.962
6384.7  8498.574
6387.3  8397.909
6389.9  8423.233
6392.5  8561.071
6395.1  8459.928
6397.7  8417.48
6400.3  8555.286
6402.9  8666.25
6405.5  8581.356
6408.1  8464.117
6410.7  8552.088
6413.3  8508.585
6415.9  8559.735
6418.5  8623.152
6421.1  8615.477
6423.7  8609.77
6426.3  8590.806
6428.9  8986.15
6431.5  8704.024
6434.1  8764.875
6436.7  8549.09
6439.3  8483.913
6441.9  8771.103
6444.5  8981.453
6447.1  8553.762
6449.7  8544.144
6452.3  8633.591
6454.9  8635.822
6457.5  8549.518
6460.1  8652.704
6462.7  8419.866
6465.3  8616.003
6467.9  8920.451
6470.5  8548.187
6473.1  8545.768
6475.7  8726.331
6478.3  8650.553
6480.9  8695.535
6483.5  8860.058
6486.1  8923.469
6488.7  8734.955
6491.3  8528.946
6493.9  8394.541
6496.5  8288.472
6499.1  8252.386
6501.7  8515.4
6504.3  8729.05
6506.9  8739.196
6509.5  8885.965
6512.1  8913.021
6514.7  8955.835
6517.3  9157.514
6519.9  8911.704
6522.5  8792.692
6525.1  8966.899
6527.7  9092.034
6530.3  9184.704
6532.9  9148.626
6535.5  8873.541
6538.1  9200.677
6540.7  9287.887
6543.3  9087.388
6545.9  9176.723
6548.5  9326.004
6551.1  9178.835
6553.7  8932.008
6556.3  8833.16
6558.9  8868.28
6561.5  9039.215
6564.1  8981.771
6566.7  8787.71
6569.3  8604.864
6571.9  8630.737
6574.5  9021.859
6577.1  9061.165
6579.7  9126.862
6582.3  9095.438
6584.9  9383.199
6587.5  9202.967
6590.1  9139.819
6592.7  9219.128
6595.3  9187.023
6597.9  8972.186
6600.5  9006.966
6603.1  9449.097
6605.7  9144.419
6608.3  9487.572
6610.9  9327.586
6613.5  9046.744
6616.1  9484.311
6618.7  9538.213
6621.3  9480.151
6623.9  9380.003
6626.5  9295.916
6629.1  9358.408
6631.7  9412.115
6634.3  9174.809
6636.9  9208.523
6639.5  9171.05
6642.1  9200.324
6644.7  9365.44
6647.3  9609.892
6649.9  9569.126
6652.5  9851.728
6655.1  9532.519
6657.7  9457.773
6660.3  9309.253
6662.9  9179.587
6665.5  9300.872
6668.1  9544.433
6670.7  9605.418
6673.3  9470.617
6675.9  9629.658
6678.5  9811.557
6681.1  9419.952
6683.7  9436.556
6686.3  9848.947
6688.9  9559.631
6691.5  9715.435
6694.1  9677.014
6696.7  9582.291
6699.3  9581.278
6701.9  9684.43
6704.5  9274.302
6707.1  9491.215
6709.7  9624.909
6712.3  9439.988
6714.9  9370.028
6717.5  9549.663
6720.1  9447.611
6722.7  9444.442
6725.3  9732.204
6727.9  9846.454
6730.5  9479.269
6733.1  9775.747
6735.7  9501.165
6738.3  9606.717
6740.9  9847.302
6743.5  9728.807
6746.1  9469.918
6748.7  9513.284
6751.3  9555.248
6753.9  9620.937
6756.5  9502.875
6759.1  9699.339
6761.7  9886.812
6764.3  9905.593
6766.9  9629.389
6769.5  9674.1
6772.1  9814.639
6774.7  9784.678
6777.3  9774.477
6779.9  9995.035
6782.5  10129.89
6785.1  9771.114
6787.7  9899.205
6790.3  9894.19
6792.9  9780.896
6795.5  9810.63
6798.1  9949.039
6800.7  9991.907
6803.3  10033.35
6805.9  10033.73
6808.5  10072.27
6811.1  10032.9
6813.7  10115.59
6816.3  10112.87
6818.9  10151.76
6821.5  10085.92
6824.1  10038.51
6826.7  9987.796
6829.3  9993.428
6831.9  10026.67
6834.5  10050.81
6837.1  9994.368
6839.7  9717.429
6842.3  9696.666
6844.9  10018.35
6847.5  9852.554
6850.1  9909.742
6852.7  10044.24
6855.3  10115.21
6857.9  9893.81
6860.5  9967.627
6863.1  9789.606
6865.7  9356.898
6868.3  8807.065
6870.9  8241.778
6873.5  7948.511
6876.1  8176.103
6878.7  8512.255
6881.3  9044.229
6883.9  9399.562
6886.5  9164.103
6889.1  9211.365
6891.7  9133.656
6894.3  9082.125
6896.9  9149.984
6899.5  9293.21
6902.1  9447.216
6904.7  9387.954
6907.3  9703.333
6909.9  9278.091
6912.5  9657.717
6915.1  9678.547
6917.7  10055.14
6920.3  9806.671
6922.9  10040.34
6925.5  10201.28
6928.1  10223.59
6930.7  10293.02
6933.3  10111.11
6935.9  10062.65
6938.5  10172.57
6941.1  10350.17
6943.7  10216.41
6946.3  10477.31
6948.9  10456.48
6951.5  10113.96
6954.1  10406.84
6956.7  10459.49
6959.3  10283.09
6961.9  10551.84
6964.5  10709.2
6967.1  10597.82
6969.7  10680.04
6972.3  10636.55
6974.9  10660.32
6977.5  10778.76
6980.1  10440.24
6982.7  10378.76
6985.3  10516.65
6987.9  10644.14
6990.5  10739.75
6993.1  10864.21
6995.7  10880.19
6998.3  10616.73
7000.9  10729.08
7003.5  10716.08
7006.1  10699.36
7008.7  10447.56
7011.3  10911.71
7013.9  10517.68
7016.5  10910.81
7019.1  10923.02
7021.7  10763.86
7024.3  10687.32
7026.9  10617.08
7029.5  10604.56
7032.1  10773.01
7034.7  10856.4
7037.3  10774.36
7039.9  10914.21
7042.5  11117.15
7045.1  11021.17
7047.7  11178.68
7050.3  11276.54
7052.9  11277.87
7055.5  11094.41
7058.1  10977.59
7060.7  10667.85
7063.3  10604.85
7065.9  10494.89
7068.5  10702.27
7071.1  10527.95
7073.7  10503.24
7076.3  10787.
7078.9  10723.62
7081.5  10784.35
7084.1  10660.31
7086.7  10534.42
7089.3  10572.18
7091.9  10703.05
7094.5  10426.3
7097.1  10277.78
7099.7  10417.94
7102.3  10321.6
7104.9  10475.96
7107.5  10537.25
7110.1  10472.75
7112.7  10492.52
7115.3  10325.83
7117.9  10707.77
7120.5  10317.7
7123.1  10607.35
7125.7  10643.96
7128.3  10438.6
7130.9  10478.81
7133.5  10441.9
7136.1  10299.86
7138.7  10285.3
7141.3  10227.62
7143.9  10362.84
7146.5  10278.01
7149.1  10361.56
7151.7  10157.38
7154.3  10381.1
7156.9  10568.4
7159.5  10471.16
7162.1  10622.06
7164.7  10562.68
7167.3  10411.97
7169.9  10340.59
7172.5  10402.93
7175.1  10449.51
7177.7  10202.75
7180.3  10186.84
7182.9  10353.57
7185.5  9998.613
7188.1  9918.88
7190.7  10031.67
7193.3  10116.69
7195.9  10074.58
7198.5  10109.55
7201.1  10143.98
7203.7  10166.52
7206.3  10188.44
7208.9  10098.75
7211.5  10270.29
7214.1  10297.46
7216.7  10549.46
7219.3  10675.22
7221.9  10468.27
7224.5  10343.52
7227.1  10565.46
7229.7  10463.62
7232.3  10667.46
7234.9  10790.38
7237.5  10991.91
7240.1  11104.01
7242.7  10547.11
7245.3  10503.
7247.9  10858.37
7250.5  10863.65
7253.1  10744.88
7255.7  10956.83
7258.3  10833.8
7260.9  10914.32
7263.5  10989.2
7266.1  10797.99
7268.7  11012.66
7271.3  11325.84
7273.9  11091.68
7276.5  10822.37
7279.1  11255.22
7281.7  11069.63
7284.3  10992.08
7286.9  10945.04
7289.5  10736.84
7292.1  10683.59
7294.7  10843.12
7297.3  10910.57
7299.9  10977.
7302.5  10982.83
7305.1  11133.15
7307.7  11344.95
7310.3  11104.32
7312.9  10966.86
7315.5  11284.59
7318.1  11399.82
7320.7  11071.28
7323.3  11355.68
7325.9  11390.75
7328.5  11420.53
7331.1  11002.26
7333.7  11461.78
7336.3  11655.02
7338.9  11599.33
7341.5  11707.62
7344.1  11616.15
7346.7  11747.
7349.3  11582.43
7351.9  11544.88
7354.5  11251.98
7357.1  11187.58
7359.7  11325.82
7362.3  11114.76
7364.9  11235.07
7367.5  11423.46
7370.1  11405.86
7372.7  11353.29
7375.3  11546.98
7377.9  11591.1
7380.5  11764.49
7383.1  11686.61
7385.7  11804.43
7388.3  11678.97
7390.9  11241.44
7393.5  11345.89
7396.1  11602.38
7398.7  11637.56
7401.3  11611.16
7403.9  11596.01
7406.5  11593.57
7409.1  11571.46
7411.7  11530.27
7414.3  11458.46
7416.9  11356.84
7419.5  11369.85
7422.1  11463.15
7424.7  11501.78
7427.3  11340.59
7429.9  11819.45
7432.5  11637.52
7435.1  11954.68
7437.7  12027.74
7440.3  11564.52
7442.9  11525.58
7445.5  11915.54
7448.1  11829.79
7450.7  11566.22
7453.3  11702.87
7455.9  11938.36
7458.5  11939.36
7461.1  12057.11
7463.7  12199.39
7466.3  11937.18
7468.9  11927.97
7471.5  12067.2
7474.1  11915.74
7476.7  12042.87
7479.3  12014.77
7481.9  12281.41
7484.5  12276.47
7487.1  12198.11
7489.7  12058.38
7492.3  12045.72
7494.9  11833.96
7497.5  11887.39
7500.1  11939.37
7502.7  12056.75
7505.3  12200.65
7507.9  12160.9
7510.5  12055.21
7513.1  12188.58
7515.7  12272.97
7518.3  12443.16
7520.9  12449.43
7523.5  12255.06
7526.1  12373.64
7528.7  12327.56
7531.3  12186.52
7533.9  12164.03
7536.5  12273.27
7539.1  12442.98
7541.7  12315.03
7544.3  12470.73
7546.9  12559.48
7549.5  12200.12
7552.1  12491.44
7554.7  12526.19
7557.3  12516.24
7559.9  12401.92
7562.5  12451.94
7565.1  12331.79
7567.7  12449.31
7570.3  12456.8
7572.9  12333.88
7575.5  12376.42
7578.1  12572.38
7580.7  12553.03
7583.3  12253.52
7585.9  12186.64
7588.5  12075.95
7591.1  11673.88
7593.7  10703.7
7596.3  9398.02
7598.9  6982.633
7601.5  5266.231
7604.1  4452.304
7606.7  3895.916
7609.3  4040.2
7611.9  4780.355
7614.5  5716.526
7617.1  6893.513
7619.7  8075.017
7622.3  8701.691
7624.9  8125.203
7627.5  7356.789
7630.1  6978.113
7632.7  6828.937
7635.3  6815.669
7637.9  7127.739
7640.5  7338.
7643.1  7735.695
7645.7  8278.646
7648.3  8606.225
7650.9  8964.428
7653.5  9189.038
7656.1  9418.934
7658.7  9617.159
7661.3  9844.87
7663.9  9868.158
7666.5  9939.706
7669.1  9861.02
7671.7  10213.09
7674.3  10676.49
7676.9  11244.79
7679.5  11354.89
7682.1  11269.9
7684.7  11386.43
7687.3  11522.11
7689.9  11404.56
7692.5  11662.93
7695.1  11576.73
7697.7  11220.59
7700.3  11246.33
7702.9  11368.01
7705.5  11597.62
7708.1  11580.74
7710.7  11849.34
7713.3  11833.92
7715.9  11493.69
7718.5  11442.16
7721.1  11750.51
7723.7  11456.25
7726.3  11731.47
7728.9  11873.79
7731.5  11871.76
7734.1  11968.39
7736.7  12026.78
7739.3  12165.34
7741.9  12202.34
7744.5  12377.67
7747.1  12256.75
7749.7  12250.74
7752.3  12299.77
7754.9  11900.39
7757.5  11842.73
7760.1  11938.56
7762.7  12323.58
7765.3  12393.08
7767.9  12369.75
7770.5  12510.22
7773.1  12185.13
7775.7  12131.02
7778.3  12173.43
7780.9  12313.52
7783.5  12426.94
7786.1  12214.01
7788.7  12075.1
7791.3  12303.33
7793.9  12607.2
7796.5  12477.29
7799.1  12487.74
7801.7  12555.19
7804.3  12509.29
7806.9  12482.74
7809.5  12838.18
7812.1  12964.1
7814.7  13032.28
7817.3  13057.71
7819.9  12966.56
7822.5  12930.42
7825.1  13023.72
7827.7  13072.27
7830.3  13106.01
7832.9  12875.46
7835.5  12658.29
7838.1  12681.71
7840.7  12732.86
7843.3  12723.51
7845.9  12693.82
7848.5  12767.65
7851.1  13004.09
7853.7  13105.03
7856.3  13135.5
7858.9  13095.02
7861.5  12892.96
7864.1  12959.3
7866.7  13268.02
7869.3  13322.82
7871.9  13159.2
7874.5  13089.07
7877.1  13245.57
7879.7  12976.2
7882.3  12817.53
7884.9  13303.67
7887.5  13337.73
7890.1  12992.88
7892.7  13278.09
7895.3  13214.66
7897.9  13135.01
7900.5  13165.46
7903.1  12957.91
7905.7  13027.09
7908.3  13147.83
7910.9  12956.35
7913.5  13062.95
7916.1  12761.92
7918.7  12739.18
7921.3  12910.67
7923.9  12879.12
7926.5  13040.92
7929.1  12801.15
7931.7  12600.95
7934.3  12628.65
7936.9  12704.42
7939.5  13045.33
7942.1  12963.5
7944.7  12938.26
7947.3  12775.43
7949.9  12829.86
7952.5  12784.43
7955.1  13139.9
7957.7  13087.87
7960.3  13240.18
7962.9  13456.6
7965.5  13570.93
7968.1  13468.28
7970.7  13531.81
7973.3  13595.14
7975.9  13697.92
7978.5  13833.06
7981.1  13834.24
7983.7  13743.06
7986.3  13658.49
7988.9  13888.44
7991.5  14072.48
7994.1  13940.37
7996.7  13571.65
7999.3  13427.26
8001.9  13708.61
8004.5  13660.5
8007.1  13695.96
8009.7  13666.06
8012.3  13955.93
8014.9  14111.82
8017.5  14264.21
8020.1  14247.59
8022.7  14387.05
8025.3  14398.64
8027.9  14104.07
8030.5  14250.28
8033.1  13876.22
8035.7  13619.27
8038.3  13768.95
8040.9  14161.07
8043.5  14499.2
8046.1  14742.07
8048.7  14491.89
8051.3  14076.64
8053.9  13894.42
8056.5  14136.41
8059.1  14280.96
8061.7  14337.93
8064.3  14702.95
8066.9  14751.17
8069.5  14498.48
8072.1  14352.48
8074.7  14381.31
8077.3  14185.95
8079.9  14030.91
8082.5  14030.56
8085.1  14099.38
8087.7  14198.04
8090.3  14265.35
8092.9  14105.23
8095.5  14519.27
8098.1  14150.41
8100.7  14188.79
8103.3  13937.1
8105.9  14443.62
8108.5  14306.6
8111.1  14212.65
8113.7  14310.63
8116.3  14349.46
8118.9  14185.19
8121.5  14223.75
8124.1  14024.71
8126.7  13952.08
8129.3  14180.6
8131.9  14516.13
8134.5  14600.05
8137.1  14391.21
8139.7  14386.55
8142.3  14479.77
8144.9  14522.95
8147.5  14625.79
8150.1  14468.29
8152.7  14308.7
8155.3  14691.02
8157.9  14399.81
8160.5  14462.46
8163.1  14152.77
8165.7  14188.
8168.3  14130.59
8170.9  13813.79
8173.5  14358.46
8176.1  14481.5
8178.7  14549.21
8181.3  14239.92
8183.9  14528.13
8186.5  14718.12
8189.1  14288.62
8191.7  14200.54
8194.3  13956.91
8196.9  14112.93
8199.5  14472.21
8202.1  14367.87
8204.7  13932.62
8207.3  14476.44
8209.9  14651.98
8212.5  14609.35
8215.1  14691.72
8217.7  14740.52
8220.3  14752.81
8222.9  14789.58
8225.5  14755.55
8228.1  14629.73
8230.7  14375.31
8233.3  14447.
8235.9  14952.6
8238.5  15340.32
8241.1  15159.09
8243.7  15226.58
8246.3  15068.43
8248.9  15210.26
8251.5  15465.51
8254.1  15396.33
8256.7  15517.45
8259.3  15346.13
8261.9  14944.33
8264.5  15019.53
8267.1  15301.34
8269.7  15713.86
8272.3  16003.29
8274.9  16039.59
8277.5  15508.89
8280.1  15087.45
8282.7  15445.81
8285.3  15391.88
8287.9  15601.07
8290.5  15415.43
8293.1  15540.42
8295.7  15639.63
8298.3  15316.44
8300.9  15341.8
8303.5  15306.93
8306.1  15372.28
8308.7  15178.69
8311.3  15421.46
8313.9  14993.48
8316.5  14695.6
8319.1  14668.68
8321.7  14576.4
8324.3  14986.
8326.9  15144.42
8329.5  15080.04
8332.1  14906.92
8334.7  14793.43
8337.3  15031.74
8339.9  15166.43
8342.5  14830.32
8345.1  14810.33
8347.7  15625.45
8350.3  15105.2
8352.9  15361.53
8355.5  15137.93
8358.1  15158.38
8360.7  15388.94
8363.3  15280.62
8365.9  15285.79
8368.5  15307.64
8371.1  15303.42
8373.7  15236.8
8376.3  15753.42
8378.9  15867.09
8381.5  15626.81
8384.1  15516.26
8386.7  15226.03
8389.3  14846.18
8391.9  14686.74
8394.5  14820.06
8397.1  14708.54
8399.7  15215.03
8402.3  15772.37
8404.9  15779.77
8407.5  15953.5
8410.1  15988.11
8412.7  16069.06
8415.3  16170.64
8417.9  16178.26
8420.5  16162.84
8423.1  16347.26
8425.7  16326.25
8428.3  15782.31
8430.9  16077.76
8433.5  16086.86
8436.1  15548.2
8438.7  16117.4
8441.3  16013.47
8443.9  15317.
8446.5  15704.45
8449.1  16206.96
8451.7  16076.42
8454.3  16356.94
8456.9  16227.45
8459.5  16165.36
8462.1  16117.76
8464.7  16240.36
8467.3  16454.04
8469.9  16696.96
8472.5  16102.89
8475.1  15981.68
8477.7  15794.36
8480.3  16206.71
8482.9  16417.94
8485.5  16645.1
8488.1  16738.28
8490.7  16683.16
8493.3  16798.71
8495.9  16833.61
8498.5  16814.09
8501.1  16406.49
8503.7  14981.49
8506.3  14275.77
8508.9  15067.63
8511.5  16210.
8514.1  16725.93
8516.7  16871.9
8519.3  16783.07
8521.9  16235.5
8524.5  16083.33
8527.1  16408.31
8529.7  16606.5
8532.3  16755.4
8534.9  16270.67
8537.5  16127.97
8540.1  15620.49
8542.7  15352.31
8545.3  14879.13
8547.9  13576.55
8550.5  12589.37
8553.1  12903.92
8555.7  15092.5
8558.3  16002.5
8560.9  16612.11
8563.5  16974.54
8566.1  16773.4
8568.7  16929.
8571.3  17185.96
8573.9  17382.21
8576.5  17290.65
8579.1  17348.72
8581.7  17516.82
8584.3  17081.77
8586.9  17213.41
8589.5  17326.32
8592.1  17417.49
8594.7  17533.13
8597.3  17752.49
8599.9  17720.16
8602.5  17917.48
8605.1  18041.88
8607.7  17703.99
8610.3  17723.58
8612.9  18047.45
8615.5  17704.36
8618.1  17529.21
8620.7  17369.63
8623.3  17227.11
8625.9  17527.47
8628.5  17553.7
8631.1  17723.89
8633.7  17979.92
8636.3  18154.82
8638.9  18165.52
8641.5  18133.01
8644.1  18126.25
8646.7  17824.65
8649.3  17871.14
8651.9  17845.05
8654.5  17921.32
8657.1  17820.16
8659.7  17383.23
8662.3  17284.27
8664.9  16790.12
8667.5  15803.77
8670.1  14456.61
8672.7  14391.22
8675.3  16545.99
8677.9  17773.86
8680.5  18145.13
8683.1  18417.32
8685.7  18560.91
8688.3  18912.63
8690.9  18655.28
8693.5  18329.6
8696.1  18053.43
8698.7  18119.28
8701.3  18849.22
8703.9  19738.92
8706.5  19860.96
8709.1  19534.33
8711.7  19655.52
8714.3  19660.92
8716.9  19449.42
8719.5  19416.15
8722.1  19599.4
8724.7  20207.74
8727.3  20508.92
8729.9  20555.44
8732.5  20456.3
8735.1  20360.87
8737.7  19991.22
8740.3  19767.27
8742.9  19726.45
8745.5  19819.44
8748.1  20439.82
8750.7  20452.58
8753.3  20757.34
8755.9  20873.43
8758.5  20526.93
8761.1  20503.85
8763.7  20611.11
8766.3  20227.6
8768.9  20838.25
8771.5  20984.97
8774.1  20619.77
8776.7  20542.77
8779.3  20293.95
8781.9  19963.06
8784.5  20209.09
8787.1  20431.41
8789.7  20630.36
8792.3  21263.69
8794.9  21123.34
8797.5  21130.2
8800.1  21136.52
8802.7  20818.37
8805.3  20558.59
8807.9  20327.16
8810.5  19906.38
8813.1  19185.
8815.7  18942.73
8818.3  20281.96
8820.9  21902.79
8823.5  21979.07
8826.1  21201.8
8828.7  20661.09
8831.3  20027.87
8833.9  20045.32
8836.5  20960.13
8839.1  21214.84
8841.7  20922.09
8844.3  20904.24
8846.9  20644.19
8849.5  20780.6
8852.1  21457.4
8854.7  21424.38
8857.3  21384.07
8859.9  21171.71
8862.5  21236.3
8865.1  21302.01
8867.7  21129.95
8870.3  20726.55
8872.9  20458.68
8875.5  20092.63
8878.1  20243.11
8880.7  20454.62
8883.3  20509.18
8885.9  20390.59
8888.5  20337.97
8891.1  20949.66
8893.7  21228.88
8896.3  21180.16
8898.9  20918.14
8901.5  20958.42
8904.1  20656.65
8906.7  20959.3
8909.3  21248.48
8911.9  21392.47
8914.5  21940.89
8917.1  21613.2
8919.7  21258.4
8922.3  21066.46
8924.9  20741.99
8927.5  20526.1
8930.1  20343.35
8932.7  20595.6
8935.3  20832.84
8937.9  21200.71
8940.5  21014.03
8943.1  21101.95
8945.7  21407.49
8948.3  20879.5
8950.9  20696.68
8953.5  20331.39
8956.1  20087.62
8958.7  20642.96
8961.3  21283.46
8963.9  21325.09
8966.5  21128.09
8969.1  21050.53
8971.7  21189.03
8974.3  20824.21
8976.9  20513.08
8979.5  20467.24
8982.1  20277.79
8984.7  20392.15
8987.3  20839.73
8989.9  21052.19
8992.5  20581.9
8995.1  20619.2
8997.7  21026.39
9000.3  21180.59
9002.9  20773.12
9005.5  20538.31
9008.1  20603.27
9010.7  20915.14
9013.3  20950.35
9015.9  20988.72
9018.5  19765.22
9021.1  19705.5
9023.7  20272.29
9026.3  20302.41
9028.9  20160.5
9031.5  20109.51
9034.1  20561.12
9036.7  21124.59
9039.3  22183.43
9041.9  22417.59
9044.5  22012.01
9047.1  21941.97
9049.7  22586.2
9052.3  21788.14
9054.9  21797.04
9057.5  21505.87
9060.1  22067.27
9062.7  22162.4
9065.3  21849.02
9067.9  21964.62
9070.5  21523.9
9073.1  21256.56
9075.7  21168.
9078.3  21107.44
9080.9  21294.97
9083.5  21431.23
9086.1  21207.72
9088.7  21357.4
9091.3  20778.51
9093.9  20179.18
9096.5  19800.41
9099.1  20205.56
9101.7  20604.97
9104.3  20948.31
9106.9  21211.56
9109.5  21125.99
9112.1  21354.13
9114.7  21350.04
9117.3  21160.84
9119.9  20953.51
9122.5  20641.35
9125.1  20459.2
9127.7  20478.16
9130.3  20617.18
9132.9  20534.31
9135.5  20911.02
9138.1  21081.95
9140.7  20983.83
9143.3  21503.96
9145.9  21382.89
9148.5  20478.09
9151.1  19777.01
9153.7  19512.5
9156.3  19271.72
9158.9  19470.56
9161.5  20426.63
9164.1  20599.92
9166.7  20815.85
9169.3  21085.71
9171.9  20483.24
9174.5  19704.84
9177.1  18812.73
9179.7  18829.87
9182.3  19307.13
9184.9  19635.24
9187.5  19674.46
9190.1  20262.16
9192.7  20443.31
9195.3  20695.63
9197.9  20373.34
9200.5  20226.58
9203.1  20271.38
9205.7  20504.51
9208.3  19626.18
9210.9  19780.91
9213.5  19637.36
9216.1  19647.96
9218.7  19384.03
9221.3  19767.08
9223.9  19970.01
9226.5  20320.64
9229.1  20270.19
9231.7  20694.14
9234.3  19887.55
9236.9  19942.8
9239.5  19560.71
9242.1  19653.94
9244.7  20214.82
9247.3  20047.9
9249.9  20034.19
9252.5  20125.86
9255.1  19848.02
9257.7  19774.22
9260.3  20109.54
9262.9  20206.78
9265.5  19586.79
9268.1  19481.8
9270.7  20210.61
9273.3  20379.85
9275.9  20370.36
9278.5  20518.15
9281.1  20071.13
9283.7  19946.41
9286.3  19855.06
9288.9  19676.65
9291.5  19649.28
9294.1  19458.01
9296.7  18847.36
9299.3  18659.5
9301.9  18533.9
9304.5  18435.6
9307.1  18594.69
9309.7  18812.96
9312.3  18391.47
9314.9  18278.44
9317.5  18011.22
9320.1  17138.83
9322.7  16993.89
9325.3  16979.48
9327.9  16535.74
9330.5  17147.71
9333.1  17406.31
9335.7  16858.17
9338.3  16500.16
9340.9  16241.61
9343.5  15613.95
9346.1  14401.19
9348.7  14467.06
9351.3  16892.59
9353.9  16945.56
9356.5  15287.69
9359.1  14785.37
9361.7  15148.64
9364.3  15988.29
9366.9  15492.78
9369.5  14764.69
9372.1  14998.37
9374.7  15328.57
9377.3  16462.76
9379.9  16166.71
9382.5  16147.24
9385.1  15559.65
9387.7  16618.33
9390.3  16380.53
9392.9  17226.72
9395.5  17963.72
9398.1  17638.08
9400.7  17372.48
9403.3  17028.43
9405.9  17639.69
9408.5  17659.15
9411.1  17239.14
9413.7  16170.3
9416.3  16279.03
9418.9  16526.31
9421.5  15810.76
9424.1  16159.63
9426.7  15825.24
9429.3  15240.98
9431.9  14101.84
9434.5  16112.25
9437.1  16712.47
9439.7  15717.43
9442.3  14065.27
9444.9  14671.24
9447.5  15386.4
9450.1  15760.18
9452.7  15922.41
9455.3  15553.54
9457.9  14830.53
9460.5  14746.38
9463.1  14852.06
9465.7  15404.8
9468.3  16671.72
9470.9  16445.91
9473.5  16488.23
9476.1  16911.04
9478.7  16466.54
9481.3  16294.54
9483.9  15863.15
9486.5  15309.47
9489.1  16683.76
9491.7  17023.26
9494.3  16496.87
9496.9  14959.29
9499.5  14681.79
9502.1  15077.8
9504.7  14884.04
9507.3  16379.85
9509.9  17424.48
9512.5  16607.09
9515.1  16518.48
9517.7  16295.87
9520.3  15227.51
9522.9  14902.53
9525.5  15354.73
9528.1  15507.52
9530.7  16029.22
9533.3  16489.53
9535.9  16647.89
9538.5  15885.79
9541.1  15905.87
9543.7  15626.03
9546.3  14841.5
9548.9  15187.4
9551.5  15592.57
9554.1  15064.97
9556.7  14718.32
9559.3  15029.7
9561.9  15219.47
9564.5  15613.82
9567.1  15535.01
9569.7  15517.02
9572.3  15806.53
9574.9  16106.71
9577.5  15581.9
9580.1  14885.2
9582.7  14630.09
9585.3  14919.29
9587.9  15401.45
9590.5  15141.05
9593.1  14815.67
9595.7  15071.53
9598.3  15237.45
9600.9  15512.97
9603.5  15869.32
9606.1  15420.81
9608.7  14593.68
9611.3  14837.71
9613.9  15328.03
9616.5  15460.36
9619.1  15431.42
9621.7  15389.85
9624.3  14971.91
9626.9  14825.44
9629.5  15024.36
9632.1  15091.36
9634.7  14988.53
9637.3  14766.01
9639.9  14762.35
9642.5  14634.04
9645.1  14577.25
9647.7  14117.54
9650.3  14261.85
9652.9  14750.84
9655.5  14809.06
9658.1  14728.68
9660.7  14510.86
9663.3  14509.59
9665.9  14179.84
9668.5  14613.22
9671.1  14804.7
9673.7  14275.81
9676.3  14352.98
9678.9  14827.16
9681.5  14757.45
9684.1  14116.36
9686.7  14407.5
9689.3  14936.15
9691.9  14855.82
9694.5  14513.33
9697.1  14309.81
9699.7  13846.94
9702.3  14212.93
9704.9  14541.44
9707.5  14429.09
9710.1  14351.77
9712.7  13972.1
9715.3  13549.25
9717.9  13865.36
9720.5  14319.4
9723.1  14645.35
9725.7  14391.28
9728.3  13992.37
9730.9  13712.12
9733.5  13837.21
9736.1  13646.68
9738.7  13065.34
9741.3  13401.71
9743.9  13588.24
9746.5  13142.67
9749.1  13111.49
9751.7  13284.82
9754.3  12941.91
9756.9  12840.97
9759.5  12907.55
9762.1  13193.33
9764.7  13044.
9767.3  13133.78
9769.9  13137.11
9772.5  12963.6
9775.1  13009.58
9777.7  13058.47
9780.3  12667.46
9782.9  12229.8
9785.5  12182.9
9788.1  12360.77
9790.7  12003.5
9793.3  11942.39
9795.9  12307.34
9798.5  12452.68
9801.1  12749.53
9803.7  12770.34
9806.3  13009.89
9808.9  12556.29
9811.5  12392.28
9814.1  12686.6
9816.7  12380.42
9819.3  12524.65
9821.9  12293.17
9824.5  12209.24
9827.1  12356.52
9829.7  12201.2
9832.3  12151.41
9834.9  11912.91
9837.5  12256.05
9840.1  11761.04
9842.7  11527.23
9845.3  11419.71
9847.9  11770.56
9850.5  11704.67
9853.1  11901.57
9855.7  11940.51
9858.3  11839.59
9860.9  11743.87
9863.5  11456.39
9866.1  11043.8
9868.7  11091.14
9871.3  11133.86
9873.9  11045.29
9876.5  11196.95
9879.1  11267.39
9881.7  11398.61
9884.3  10986.23
9886.9  10930.45
9889.5  10823.34
9892.1  10537.1
9894.7  10902.79
9897.3  10910.09
9899.9  10539.17
9902.5  10730.6
9905.1  10565.97
9907.7  10202.21
9910.3  9962.563
9912.9  10055.32
9915.5  10064.14
9918.1  10204.12
9920.7  10498.89
