3501.3  -1.788329
3503.9  7.765323
3506.5  -28.19355
3509.1  5.564755
3511.7  3.964868
3514.3  -16.66384
3516.9  -7.467002
3519.5  23.59892
3522.1  5.372546
3524.7  -2.654322
3527.3  15.52482
3529.9  -12.66283
3532.5  33.02398
3535.1  -9.65846
3537.7  -1.18957
3540.3  -7.561125
3542.9  -0.2890404
3545.5  23.93543
3548.1  -4.083956
3550.7  5.465562
3553.3  -8.58184
3555.9  0.1189291
3558.5  7.923999
3561.1  -3.791651
3563.7  2.299037
3566.3  19.16607
3568.9  13.5459
3571.5  16.04487
3574.1  -9.85323
3576.7  19.28305
3579.3  10.2919
3581.9  19.21934
3584.5  -2.609201
3587.1  32.07047
3589.7  9.680037
3592.3  -14.42169
3594.9  6.786378
3597.5  -10.38584
3600.1  -4.264909
3602.7  60.79622
3605.3  8.657931
3607.9  9.126945
3610.5  4.575909
3613.1  -6.335189
3615.7  16.2031
3618.3  -0.3825588
3620.9  -5.924484
3623.5  7.940035
3626.1  -3.997092
3628.7  3.682966
3631.3  29.94663
3633.9  8.349201
3636.5  -23.76177
3639.1  10.10641
3641.7  2.946989
3644.3  11.94889
3646.9  -4.931702
3649.5  -12.69716
3652.1  1.184891
3654.7  20.43884
3657.3  -0.7700586
3659.9  -14.62006
3662.5  14.85919
3665.1  7.122237
3667.7  1.758681
3670.3  -1.399501
3672.9  -2.884007
3675.5  13.97144
3678.1  29.99391
3680.7  5.317598
3683.3  -1.889796
3685.9  17.96539
3688.5  -10.50564
3691.1  -25.03355
3693.7  -9.20962
3696.3  31.15935
3698.9  6.798609
3701.5  -9.393449
3704.1  20.06452
3706.7  48.59321
3709.3  12.47455
3711.9  16.89841
3714.5  -0.9596627
3717.1  26.63125
3719.7  20.2613
3722.3  -11.43236
3724.9  -17.5408
3727.5  10.74206
3730.1  6.085102
3732.7  5.099191
3735.3  17.52517
3737.9  13.40297
3740.5  18.95074
3743.1  -15.42448
3745.7  -9.319551
3748.3  21.12219
3750.9  -9.412692
3753.5  -8.124804
3756.1  3.195846
3758.7  2.600888
3761.3  -10.02324
3763.9  12.54833
3766.5  8.627916
3769.1  22.57828
3771.7  14.8346
3774.3  21.72396
3776.9  9.830832
3779.5  5.978755
3782.1  35.98866
3784.7  -26.88892
3787.3  0.9277304
3789.9  -17.90848
3792.5  -5.067353
3795.1  15.5252
3797.7  33.4635
3800.3  -9.884587
3802.9  10.0564
3805.5  39.98335
3808.1  -0.8226997
3810.7  -13.06358
3813.3  10.40219
3815.9  -16.93544
3818.5  -1.479004
3821.1  11.39966
3823.7  7.270279
3826.3  21.02015
3828.9  36.73592
3831.5  -12.97026
3834.1  12.79085
3836.7  40.52847
3839.3  -14.02179
3841.9  -28.06661
3844.5  6.135189
3847.1  4.523832
3849.7  18.41915
3852.3  15.62946
3854.9  11.6794
3857.5  20.90802
3860.1  -9.820163
3862.7  33.72479
3865.3  -15.24381
3867.9  3.782465
3870.5  9.307404
3873.1  26.34443
3875.7  17.94003
3878.3  16.17263
3880.9  9.538204
3883.5  11.63377
3886.1  20.7441
3888.7  11.66135
3891.3  15.52289
3893.9  28.68409
3896.5  10.99923
3899.1  -1.571263
3901.7  1.142047
3904.3  30.55831
3906.9  6.969817
3909.5  26.21439
3912.1  7.101311
3914.7  2.33398
3917.3  23.32817
3919.9  27.76972
3922.5  -13.03048
3925.1  4.474185
3927.7  28.44131
3930.3  5.663483
3932.9  7.735189
3935.5  -4.963397
3938.1  -9.148198
3940.7  36.38809
3943.3  -26.25568
3945.9  14.30123
3948.5  9.404699
3951.1  -7.546433
3953.7  1.977086
3956.3  -19.00501
3958.9  5.344605
3961.5  40.27672
3964.1  32.79549
3966.7  26.72502
3969.3  10.86712
3971.9  1.762713
3974.5  17.7793
3977.1  27.17556
3979.7  7.68099
3982.3  36.47051
3984.9  33.7654
3987.5  21.06365
3990.1  -4.842235
3992.7  34.19933
3995.3  11.11103
3997.9  30.73869
4000.5  21.11142
4003.1  -5.534972
4005.7  -3.923113
4008.3  4.456378
4010.9  -9.083871
4013.5  7.272965
4016.1  -24.42623
4018.7  -1.451473
4021.3  11.29561
4023.9  -11.32435
4026.5  12.99464
4029.1  11.97161
4031.7  20.57161
4034.3  -7.856445
4036.9  -4.930632
4039.5  -5.632025
4042.1  -5.487165
4044.7  3.335499
4047.3  7.990589
4049.9  35.7853
4052.5  -6.645203
4055.1  -0.8341449
4057.7  20.25041
4060.3  3.189803
4062.9  19.7016
4065.5  9.173659
4068.1  21.88934
4070.7  46.97712
4073.3  9.769207
4075.9  0.6457549
4078.5  29.58565
4081.1  5.543915
4083.7  -15.10888
4086.3  -1.946407
4088.9  -2.322621
4091.5  10.24085
4094.1  4.185845
4096.7  -35.54874
4099.3  0.4322049
4101.9  -3.281383
4104.5  12.43229
4107.1  13.28265
4109.7  -1.984558
4112.3  -15.67856
4114.9  34.72891
4117.5  20.24883
4120.1  -0.7087214
4122.7  19.50096
4125.3  11.73892
4127.9  19.04091
4130.5  16.28684
4133.1  15.7771
4135.7  -7.104395
4138.3  8.783948
4140.9  11.80097
4143.5  -1.348284
4146.1  13.61685
4148.7  -17.60776
4151.3  32.63541
4153.9  9.658274
4156.5  -6.358593
4159.1  0.2180623
4161.7  12.09404
4164.3  23.25724
4166.9  23.70028
4169.5  -2.84883
4172.1  -7.80232
4174.7  -11.88526
4177.3  17.52348
4179.9  23.6201
4182.5  18.6182
4185.1  7.811326
4187.7  20.37182
4190.3  36.77656
4192.9  25.73307
4195.5  3.704111
4198.1  5.602535
4200.7  5.336452
4203.3  -13.77279
4205.9  31.60453
4208.5  9.532697
4211.1  0.8717221
4213.7  13.00108
4216.3  -3.726623
4218.9  4.014729
4221.5  30.77271
4224.1  10.35552
4226.7  6.27177
4229.3  45.13425
4231.9  50.11904
4234.5  27.6792
4237.1  -12.10783
4239.7  -3.289208
4242.3  1.937223
4244.9  11.39626
4247.5  28.33762
4250.1  -8.821848
4252.7  30.85765
4255.3  14.85173
4257.9  4.927227
4260.5  14.54235
4263.1  -6.251105
4265.7  -21.22324
4268.3  18.2192
4270.9  20.69271
4273.5  -13.66863
4276.1  29.15141
4278.7  10.35552
4281.3  6.09796
4283.9  11.27154
4286.5  13.94121
4289.1  -2.322618
4291.7  3.133084
4294.3  25.19167
4296.9  1.147622
4299.5  37.92288
4302.1  11.36795
4304.7  33.34161
4307.3  25.13983
4309.9  27.08271
4312.5  18.60479
4315.1  8.238442
4317.7  -5.006261
4320.3  16.14263
4322.9  21.78351
4325.5  -22.16263
4328.1  7.139405
4330.7  8.2785
4333.3  5.095455
4335.9  15.95379
4338.5  5.824646
4341.1  -8.608114
4343.7  -25.09393
4346.3  22.30606
4348.9  1.620292
4351.5  -11.75716
4354.1  -3.529389
4356.7  -14.94813
4359.3  2.100692
4361.9  51.4122
4364.5  -18.16995
4367.1  -13.63497
4369.7  -17.99695
4372.3  -0.7762924
4374.9  5.828456
4377.5  33.27274
4380.1  -4.843749
4382.7  21.99857
4385.3  5.681671
4387.9  -21.99376
4390.5  12.23615
4393.1  4.808293
4395.7  0.5630918
4398.3  -0.07113663
4400.9  0.3364553
4403.5  17.90962
4406.1  2.669468
4408.7  17.78467
4411.3  21.10745
4413.9  65.51982
4416.5  13.05652
4419.1  -7.780465
4421.7  20.90393
4424.3  6.182668
4426.9  3.817126
4429.5  2.36605
4432.1  14.55893
4434.7  10.26394
4437.3  25.58711
4439.9  34.65559
4442.5  38.65657
4445.1  7.456325
4447.7  -2.377447
4450.3  -15.6474
4452.9  -4.457398
4455.5  13.56695
4458.1  -9.168337
4460.7  -11.91736
4463.3  41.3242
4465.9  -3.706511
4468.5  20.90557
4471.1  13.21699
4473.7  -2.226577
4476.3  8.290637
4478.9  -6.483012
4481.5  -2.902581
4484.1  17.61734
4486.7  3.726216
4489.3  0.4839559
4491.9  -15.98657
4494.5  45.3604
4497.1  23.61081
4499.7  2.347781
4502.3  12.83922
4504.9  5.052736
4507.5  13.28173
4510.1  4.357831
4512.7  16.81028
4515.3  2.622954
4517.9  13.34683
4520.5  -0.7265518
4523.1  -21.10765
4525.7  -11.31636
4528.3  -23.6278
4530.9  50.56491
4533.5  -7.888372
4536.1  3.507155
4538.7  11.31373
4541.3  5.309076
4543.9  3.15034
4546.5  13.59297
4549.1  17.24985
4551.7  -16.66202
4554.3  23.13766
4556.9  -21.96873
4559.5  26.74172
4562.1  -14.67048
4564.7  12.91855
4567.3  29.28655
4569.9  20.56535
4572.5  31.8683
4575.1  35.15453
4577.7  2.006983
4580.3  7.880114
4582.9  3.477187
4585.5  4.293775
4588.1  2.064128
4590.7  3.296967
4593.3  -1.973521
4595.9  36.07794
4598.5  -1.729496
4601.1  11.2561
4603.7  35.91497
4606.3  -11.55789
4608.9  41.38891
4611.5  26.4047
4614.1  13.71886
4616.7  -21.69993
4619.3  1.024533
4621.9  20.91673
4624.5  20.10165
4627.1  -5.584306
4629.7  25.22206
4632.3  0.5282798
4634.9  -8.741057
4637.5  8.415012
4640.1  20.78009
4642.7  15.22041
4645.3  22.50184
4647.9  10.45181
4650.5  36.4548
4653.1  31.07624
4655.7  36.34182
4658.3  2.148072
4660.9  16.61739
4663.5  33.35212
4666.1  25.66185
4668.7  7.481405
4671.3  3.044267
4673.9  -0.08208898
4676.5  11.03935
4679.1  21.45239
4681.7  7.682962
4684.3  17.10089
4686.9  -5.247734
4689.5  4.373276
4692.1  16.02518
4694.7  -2.216671
4697.3  20.57723
4699.9  8.408974
4702.5  10.05441
4705.1  -0.2000329
4707.7  40.47289
4710.3  36.72866
4712.9  46.42434
4715.5  61.92175
4718.1  22.64883
4720.7  50.10829
4723.3  34.66614
4725.9  39.01394
4728.5  34.37901
4731.1  66.52569
4733.7  89.96743
4736.3  40.28135
4738.9  48.70344
4741.5  40.12512
4744.1  121.6124
4746.7  88.65143
4749.3  102.5441
4751.9  112.7078
4754.5  140.0076
4757.1  158.5417
4759.7  136.727
4762.3  162.5608
4764.9  222.0532
4767.5  250.034
4770.1  294.8217
4772.7  272.5247
4775.3  311.4264
4777.9  329.5671
4780.5  453.0752
4783.1  466.5737
4785.7  375.6639
4788.3  395.6323
4790.9  441.2276
4793.5  456.3295
4796.1  559.809
4798.7  525.6375
4801.3  469.4532
4803.9  544.7102
4806.5  568.4735
4809.1  622.8353
4811.7  668.2806
4814.3  698.1924
4816.9  618.5399
4819.5  592.9738
4822.1  747.3584
4824.7  789.7617
4827.3  833.965
4829.9  813.6254
4832.5  872.7766
4835.1  897.2441
4837.7  954.7122
4840.3  968.0131
4842.9  1021.185
4845.5  946.1722
4848.1  852.462
4850.7  884.8255
4853.3  840.5953
4855.9  772.9255
4858.5  696.6968
4861.1  661.1159
4863.7  883.6282
4866.3  1046.959
4868.9  1174.03
4871.5  1242.178
4874.1  1258.581
4876.7  1339.322
4879.3  1409.521
4881.9  1494.245
4884.5  1356.869
4887.1  1592.999
4889.7  1771.314
4892.3  1703.508
4894.9  1785.131
4897.5  1722.218
4900.1  1864.672
4902.7  2067.654
4905.3  1856.449
4907.9  2230.803
4910.5  2135.621
4913.1  2203.485
4915.7  2406.054
4918.3  2424.89
4920.9  2230.173
4923.5  2501.771
4926.1  2694.71
4928.7  2676.472
4931.3  2678.528
4933.9  2899.668
4936.5  3039.353
4939.1  3025.209
4941.7  3120.814
4944.3  3308.896
4946.9  3261.183
4949.5  3328.115
4952.1  3398.413
4954.7  3223.681
4957.3  2989.848
4959.9  3327.326
4962.5  3118.456
4965.1  3131.144
4967.7  3418.762
4970.3  3186.43
4972.9  3332.442
4975.5  3120.32
4978.1  3495.881
4980.7  3079.13
4983.3  3700.804
4985.9  3613.546
4988.5  3433.877
4991.1  3691.542
4993.7  3920.647
4996.3  3898.514
4998.9  3847.232
5001.5  3690.968
5004.1  4062.165
5006.7  4043.081
5009.3  3916.941
5011.9  3923.076
5014.5  3870.441
5017.1  3902.087
5019.7  4175.721
5022.3  4343.454
5024.9  4090.388
5027.5  4106.023
5030.1  4328.157
5032.7  4045.181
5035.3  3941.859
5037.9  4100.833
5040.5  3985.752
5043.1  3906.558
5045.7  3678.042
5048.3  3943.509
5050.9  3992.193
5053.5  4215.572
5056.1  3985.927
5058.7  3975.472
5061.3  4067.551
5063.9  4214.36
5066.5  4280.39
5069.1  4438.221
5071.7  4088.549
5074.3  4519.
5076.9  4558.117
5079.5  4358.898
5082.1  4617.301
5084.7  4611.222
5087.3  4713.819
5089.9  4913.068
5092.5  4829.958
5095.1  4768.991
5097.7  4812.347
5100.3  4744.39
5102.9  4425.831
5105.5  4990.369
5108.1  5082.671
5110.7  4911.521
5113.3  5173.373
5115.9  4988.649
5118.5  4678.754
5121.1  4779.711
5123.7  4845.52
5126.3  4914.598
5128.9  5047.244
5131.5  5066.24
5134.1  4647.315
5136.7  4774.58
5139.3  4656.623
5141.9  4725.25
5144.5  4961.164
5147.1  4775.834
5149.7  4946.861
5152.3  4777.216
5154.9  5406.622
5157.5  5272.644
5160.1  5002.518
5162.7  5025.516
5165.3  4655.545
5167.9  4859.084
5170.5  5121.704
5173.1  4913.053
5175.7  5201.386
5178.3  5361.311
5180.9  5422.681
5183.5  5413.412
5186.1  5355.136
5188.7  5497.419
5191.3  5375.838
5193.9  5377.671
5196.5  5339.506
5199.1  5365.459
5201.7  5460.804
5204.3  5219.327
5206.9  5371.994
5209.5  5180.183
5212.1  5178.453
5214.7  5406.174
5217.3  5462.279
5219.9  5536.506
5222.5  5303.755
5225.1  5151.086
5227.7  5362.472
5230.3  5092.744
5232.9  5244.285
5235.5  4951.92
5238.1  5159.509
5240.7  5652.448
5243.3  5432.121
5245.9  5359.389
5248.5  5677.617
5251.1  5827.46
5253.7  6133.298
5256.3  6116.063
5258.9  5787.708
5261.5  5790.594
5264.1  5783.523
5266.7  5551.933
5269.3  5571.096
5271.9  5588.598
5274.5  5357.039
5277.1  5437.009
5279.7  5648.022
5282.3  5740.207
5284.9  5746.211
5287.5  5607.837
5290.1  5833.445
5292.7  6106.555
5295.3  5714.122
5297.9  5725.287
5300.5  5742.875
5303.1  5764.905
5305.7  5730.308
5308.3  5763.084
5310.9  5561.352
5313.5  5613.543
5316.1  5589.205
5318.7  5576.278
5321.3  5252.99
5323.9  5345.902
5326.5  5308.431
5329.1  5530.285
5331.7  5209.055
5334.3  5330.329
5336.9  6013.26
5339.5  5784.977
5342.1  5643.455
5344.7  5881.695
5347.3  6094.023
5349.9  6130.768
5352.5  6451.587
5355.1  6476.165
5357.7  6136.994
5360.3  6241.136
5362.9  6021.907
5365.5  6045.169
5368.1  5832.681
5370.7  6119.164
5373.3  6231.653
5375.9  6126.631
5378.5  6268.435
5381.1  6155.899
5383.7  6624.867
5386.3  6274.844
5388.9  5837.364
5391.5  5939.195
5394.1  6347.259
5396.7  6145.338
5399.3  5994.169
5401.9  6352.026
5404.5  5925.726
5407.1  6112.971
5409.7  6047.606
5412.3  6109.916
5414.9  5974.435
5417.5  6321.912
5420.1  6162.464
5422.7  5871.945
5425.3  6192.044
5427.9  6048.687
5430.5  6029.839
5433.1  6554.565
5435.7  6423.501
5438.3  6249.422
5440.9  5884.496
5443.5  6391.018
5446.1  6595.661
5448.7  6374.785
5451.3  6294.759
5453.9  6663.782
5456.5  6230.638
5459.1  5969.044
5461.7  6159.87
5464.3  6496.015
5466.9  6298.501
5469.5  6008.181
5472.1  5896.963
5474.7  5976.004
5477.3  6235.029
5479.9  5862.704
5482.5  5812.723
5485.1  5858.977
5487.7  5767.293
5490.3  5788.643
5492.9  5759.471
5495.5  5460.926
5498.1  5652.208
5500.7  5727.729
5503.3  5518.061
5505.9  5449.875
5508.5  5548.197
5511.1  5704.867
5513.7  5796.68
5516.3  5674.15
5518.9  5759.093
5521.5  5794.192
5524.1  5831.249
5526.7  5879.289
5529.3  5881.952
5531.9  6023.977
5534.5  6156.291
5537.1  6157.121
5539.7  6300.358
5542.3  6270.896
5544.9  6315.026
5547.5  6347.423
5550.1  6554.709
5552.7  6628.631
5555.3  6368.89
5557.9  6785.335
5560.5  6636.127
5563.1  6594.984
5565.7  6780.586
5568.3  6908.478
5570.9  7875.99
5573.5  7718.985
5576.1  6855.166
5578.7  6740.191
5581.3  6003.997
5583.9  4927.44
5586.5  6312.633
5589.1  6462.842
5591.7  6534.679
5594.3  6510.339
5596.9  6281.317
5599.5  6414.061
5602.1  6588.838
5604.7  6633.415
5607.3  6557.502
5609.9  6409.295
5612.5  6462.994
5615.1  6644.519
5617.7  6549.59
5620.3  6339.544
5622.9  6377.338
5625.5  6600.211
5628.1  6350.
5630.7  6565.55
5633.3  6574.625
5635.9  6635.347
5638.5  6668.901
5641.1  6620.306
5643.7  6893.077
5646.3  6856.719
5648.9  6793.984
5651.5  6831.555
5654.1  6868.039
5656.7  6856.746
5659.3  6838.68
5661.9  6666.349
5664.5  6676.228
5667.1  6925.719
5669.7  7010.985
5672.3  7023.541
5674.9  7049.562
5677.5  7034.987
5680.1  7149.064
5682.7  6697.419
5685.3  6759.497
5687.9  6593.479
5690.5  6564.021
5693.1  6608.752
5695.7  6712.744
5698.3  6875.672
5700.9  6729.097
5703.5  6787.076
5706.1  6903.677
5708.7  6908.74
5711.3  6757.389
5713.9  6692.234
5716.5  6769.343
5719.1  6812.87
5721.7  6732.807
5724.3  6783.607
5726.9  6972.003
5729.5  6996.92
5732.1  6808.19
5734.7  6763.271
5737.3  6719.753
5739.9  6851.813
5742.5  6835.48
5745.1  6773.722
5747.7  6733.038
5750.3  6773.594
5752.9  6569.781
5755.5  6663.564
5758.1  6603.389
5760.7  6532.145
5763.3  6506.827
5765.9  6243.071
5768.5  6447.101
5771.1  6111.974
5773.7  5988.761
5776.3  5947.926
5778.9  6005.058
5781.5  5652.498
5784.1  5658.049
5786.7  5558.709
5789.3  5496.693
5791.9  5277.084
5794.5  5214.103
5797.1  5297.749
5799.7  5094.23
5802.3  5071.82
5804.9  5113.361
5807.5  5064.73
5810.1  5100.714
5812.7  5190.321
5815.3  5092.986
5817.9  5052.971
5820.5  4945.63
5823.1  4741.819
5825.7  5001.039
5828.3  5093.509
5830.9  4952.445
5833.5  4915.33
5836.1  5023.857
5838.7  4987.38
5841.3  4918.901
5843.9  5231.655
5846.5  5337.045
5849.1  5264.353
5851.7  5344.435
5854.3  5451.158
5856.9  5494.539
5859.5  5580.237
5862.1  5612.796
5864.7  5573.628
5867.3  5760.591
5869.9  5980.395
5872.5  6188.517
5875.1  5999.467
5877.7  6134.863
5880.3  6256.201
5882.9  6155.016
5885.5  6121.165
5888.1  6029.033
5890.7  6044.492
5893.3  5883.079
5895.9  5556.249
5898.5  5721.784
5901.1  5905.915
5903.7  5998.368
5906.3  6151.049
5908.9  6045.459
5911.5  6112.175
5914.1  5999.741
5916.7  5895.099
5919.3  5902.957
5921.9  5900.75
5924.5  5690.662
5927.1  5584.518
5929.7  5786.323
5932.3  5756.453
5934.9  5638.441
5937.5  5597.165
5940.1  5650.628
5942.7  5570.006
5945.3  5257.936
5947.9  5379.608
5950.5  5597.891
5953.1  5476.215
5955.7  5369.815
5958.3  5454.478
5960.9  5484.185
5963.5  5307.041
5966.1  5496.553
5968.7  5599.329
5971.3  5491.467
5973.9  5706.433
5976.5  5724.896
5979.1  5721.643
5981.7  5780.401
5984.3  5884.979
5986.9  5959.483
5989.5  5993.052
5992.1  5902.169
5994.7  5964.256
5997.3  6295.497
5999.9  6484.007
6002.5  6392.469
6005.1  6617.955
6007.7  6704.803
6010.3  6761.865
6012.9  6779.915
6015.5  6835.131
6018.1  6972.335
6020.7  7123.005
6023.3  7271.554
6025.9  7264.589
6028.5  7420.74
6031.1  7537.358
6033.7  7588.635
6036.3  7693.868
6038.9  7695.439
6041.5  7650.674
6044.1  7501.056
6046.7  7724.157
6049.3  7826.627
6051.9  7710.874
6054.5  7680.803
6057.1  7747.297
6059.7  7702.45
6062.3  7537.279
6064.9  7645.423
6067.5  7757.651
6070.1  7928.052
6072.7  7731.435
6075.3  7765.03
6077.9  7607.973
6080.5  7783.31
6083.1  7825.12
6085.7  7804.491
6088.3  7466.552
6090.9  7999.1
6093.5  7557.238
6096.1  7562.19
6098.7  7669.158
6101.3  7578.619
6103.9  7554.039
6106.5  7548.32
6109.1  7677.618
6111.7  7723.021
6114.3  7745.755
6116.9  7747.508
6119.5  7745.834
6122.1  7576.277
6124.7  7757.372
6127.3  7793.438
6129.9  7683.534
6132.5  7561.763
6135.1  7690.814
6137.7  7732.393
6140.3  7616.631
6142.9  7754.254
6145.5  7666.316
6148.1  7858.398
6150.7  7719.835
6153.3  7624.474
6155.9  7495.54
6158.5  7568.311
6161.1  7653.111
6163.7  7731.676
6166.3  7754.042
6168.9  7740.415
6171.5  7768.638
6174.1  7971.383
6176.7  8061.76
6179.3  7977.817
6181.9  7901.216
6184.5  7975.933
6187.1  7814.069
6189.7  7834.836
6192.3  7834.371
6194.9  8017.24
6197.5  8130.352
6200.1  7978.383
6202.7  8059.479
6205.3  7964.266
6207.9  7896.189
6210.5  7855.021
6213.1  7913.871
6215.7  8154.319
6218.3  7747.671
6220.9  7768.328
6223.5  7987.308
6226.1  8185.818
6228.7  8070.795
6231.3  7878.454
6233.9  7933.955
6236.5  8050.04
6239.1  8023.053
6241.7  7810.608
6244.3  7966.995
6246.9  7897.076
6249.5  8091.501
6252.1  8280.012
6254.7  8207.609
6257.3  7998.004
6259.9  8093.391
6262.5  8064.016
6265.1  8064.138
6267.7  7952.875
6270.3  7975.656
6272.9  7731.829
6275.5  7663.452
6278.1  7682.652
6280.7  7641.558
6283.3  7633.243
6285.9  7565.426
6288.5  7700.391
6291.1  7843.669
6293.7  8602.728
6296.3  7858.521
6298.9  7661.285
6301.5  7336.791
6304.1  7110.743
6306.7  6688.834
6309.3  7786.523
6311.9  7510.564
6314.5  7443.769
6317.1  7429.766
6319.7  7389.232
6322.3  7449.499
6324.9  7642.416
6327.5  7459.998
6330.1  7589.024
6332.7  7665.513
6335.3  7547.21
6337.9  7669.196
6340.5  7524.671
6343.1  7325.884
6345.7  7476.002
6348.3  7576.174
6350.9  7609.
6353.5  7866.07
6356.1  7898.436
6358.7  7864.044
6361.3  7838.577
6363.9  7579.427
6366.5  7809.678
6369.1  7424.143
6371.7  7573.813
6374.3  7850.778
6376.9  7946.528
6379.5  8192.556
6382.1  8047.874
6384.7  7984.937
6387.3  8178.359
6389.9  8161.354
6392.5  7934.564
6395.1  8036.173
6397.7  8246.045
6400.3  8236.197
6402.9  8039.22
6405.5  8109.063
6408.1  8416.691
6410.7  8143.216
6413.3  8339.585
6415.9  8182.862
6418.5  8317.676
6421.1  8180.682
6423.7  8375.984
6426.3  8243.665
6428.9  8329.753
6431.5  8084.005
6434.1  8151.634
6436.7  8148.883
6439.3  8188.528
6441.9  8165.236
6444.5  8382.282
6447.1  8368.739
6449.7  8122.103
6452.3  7929.073
6454.9  8074.983
6457.5  8043.419
6460.1  7947.668
6462.7  7983.824
6465.3  7952.362
6467.9  8026.659
6470.5  8035.935
6473.1  8033.802
6475.7  8136.328
6478.3  7983.292
6480.9  7956.062
6483.5  7974.043
6486.1  7902.823
6488.7  7854.894
6491.3  7991.587
6493.9  7979.013
6496.5  7748.684
6499.1  7939.365
6501.7  7779.785
6504.3  7849.072
6506.9  7949.006
6509.5  8152.433
6512.1  8065.012
6514.7  7908.348
6517.3  8058.072
6519.9  7904.899
6522.5  7837.114
6525.1  7973.229
6527.7  8076.839
6530.3  7908.558
6532.9  7798.415
6535.5  7849.637
6538.1  7730.786
6540.7  7570.91
6543.3  7427.914
6545.9  7297.905
6548.5  7218.506
6551.1  6923.961
6553.7  6524.265
6556.3  6024.362
6558.9  5567.67
6561.5  5254.373
6564.1  5193.064
6566.7  5746.577
6569.3  6150.776
6571.9  6526.482
6574.5  6891.246
6577.1  7255.839
6579.7  7223.754
6582.3  7550.296
6584.9  7660.935
6587.5  7631.953
6590.1  7657.789
6592.7  7956.742
6595.3  8045.125
6597.9  8041.575
6600.5  8085.864
6603.1  8202.355
6605.7  8065.121
6608.3  8058.993
6610.9  8199.77
6613.5  8091.211
6616.1  8013.866
6618.7  8142.464
6621.3  8364.309
6623.9  8442.694
6626.5  8252.534
6629.1  8403.183
6631.7  8409.572
6634.3  8377.879
6636.9  8544.624
6639.5  8477.056
6642.1  8386.649
6644.7  8350.269
6647.3  8376.779
6649.9  8394.196
6652.5  8425.195
6655.1  8328.519
6657.7  8380.461
6660.3  8491.844
6662.9  8410.758
6665.5  8386.353
6668.1  8471.588
6670.7  8448.836
6673.3  8593.142
6675.9  8519.939
6678.5  8552.778
6681.1  8490.554
6683.7  8536.978
6686.3  8422.307
6688.9  8416.127
6691.5  8572.206
6694.1  8501.608
6696.7  8511.009
6699.3  8465.798
6701.9  8461.953
6704.5  8443.07
6707.1  8691.526
6709.7  8756.502
6712.3  8660.057
6714.9  8649.272
6717.5  8524.78
6720.1  8447.645
6722.7  8500.551
6725.3  8475.153
6727.9  8494.081
6730.5  8639.491
6733.1  8490.574
6735.7  8440.439
6738.3  8426.609
6740.9  8604.914
6743.5  8594.055
6746.1  8617.549
6748.7  8413.901
6751.3  8391.794
6753.9  8173.083
6756.5  8292.822
6759.1  8469.786
6761.7  8352.988
6764.3  8433.275
6766.9  8356.364
6769.5  8345.89
6772.1  8295.452
6774.7  8333.989
6777.3  8357.818
6779.9  8331.114
6782.5  8390.035
6785.1  8362.753
6787.7  8454.261
6790.3  8360.14
6792.9  8342.991
6795.5  8320.579
6798.1  8324.177
6800.7  8514.
6803.3  8457.217
6805.9  8333.774
6808.5  8320.078
6811.1  8549.99
6813.7  8340.304
6816.3  8326.486
6818.9  8410.861
6821.5  8430.506
6824.1  8382.748
6826.7  8447.107
6829.3  8391.505
6831.9  8441.061
6834.5  8381.99
6837.1  8228.292
6839.7  8156.021
6842.3  8245.604
6844.9  8348.374
6847.5  8404.682
6850.1  8341.735
6852.7  8198.662
6855.3  8207.255
6857.9  8361.939
6860.5  8225.571
6863.1  7570.063
6865.7  7178.447
6868.3  7000.794
6870.9  6563.113
6873.5  6573.192
6876.1  7055.705
6878.7  7199.891
6881.3  7362.049
6883.9  7642.66
6886.5  7512.928
6889.1  7306.132
6891.7  7221.801
6894.3  7351.369
6896.9  7283.321
6899.5  7583.615
6902.1  7696.692
6904.7  7491.521
6907.3  7616.98
6909.9  7559.811
6912.5  7720.65
6915.1  7742.817
6917.7  7786.119
6920.3  7793.601
6922.9  7887.681
6925.5  7883.684
6928.1  7806.229
6930.7  7813.485
6933.3  7952.441
6935.9  7824.811
6938.5  7800.941
6941.1  7849.145
6943.7  7908.512
6946.3  7922.518
6948.9  7889.078
6951.5  7789.264
6954.1  8024.464
6956.7  8074.431
6959.3  7948.033
6961.9  8049.267
6964.5  8233.168
6967.1  8372.474
6969.7  8173.025
6972.3  7965.947
6974.9  8022.819
6977.5  8137.64
6980.1  8143.036
6982.7  7840.883
6985.3  8112.48
6987.9  8087.521
6990.5  8154.109
6993.1  7911.832
6995.7  8127.346
6998.3  8026.655
7000.9  8149.195
7003.5  7970.919
7006.1  8058.935
7008.7  8004.571
7011.3  8033.048
7013.9  8070.352
7016.5  8264.26
7019.1  7980.162
7021.7  7933.556
7024.3  7868.847
7026.9  7844.584
7029.5  7934.146
7032.1  7958.404
7034.7  7963.965
7037.3  8129.851
7039.9  8149.99
7042.5  8094.77
7045.1  8046.889
7047.7  8135.406
7050.3  8055.893
7052.9  8139.301
7055.5  8094.701
7058.1  8065.729
7060.7  8101.266
7063.3  8002.172
7065.9  7877.037
7068.5  7892.93
7071.1  7861.597
7073.7  7876.542
7076.3  8030.401
7078.9  8013.227
7081.5  7896.406
7084.1  7841.831
7086.7  7807.002
7089.3  7821.783
7091.9  8019.558
7094.5  7962.52
7097.1  8017.845
7099.7  7992.557
7102.3  7889.337
7104.9  7787.349
7107.5  7848.76
7110.1  7755.465
7112.7  7746.083
7115.3  7801.829
7117.9  7722.547
7120.5  7887.302
7123.1  7807.146
7125.7  7807.041
7128.3  7774.547
7130.9  7952.098
7133.5  7844.433
7136.1  7758.622
7138.7  7810.688
7141.3  7699.13
7143.9  7832.042
7146.5  7724.716
7149.1  7858.255
7151.7  7874.969
7154.3  7811.742
7156.9  7690.478
7159.5  7823.156
7162.1  7691.322
7164.7  7497.828
7167.3  7510.829
7169.9  7394.629
7172.5  7321.94
7175.1  7204.857
7177.7  7105.775
7180.3  6848.665
7182.9  6766.182
7185.5  6975.777
7188.1  6952.172
7190.7  7020.529
7193.3  6983.441
7195.9  6898.197
7198.5  6967.375
7201.1  7033.969
7203.7  7034.338
7206.3  7134.039
7208.9  7086.179
7211.5  7376.12
7214.1  7509.376
7216.7  7593.805
7219.3  7539.345
7221.9  7316.585
7224.5  7285.279
7227.1  7294.22
7229.7  7295.339
7232.3  7210.416
7234.9  7131.471
7237.5  6912.196
7240.1  6876.946
7242.7  7083.785
7245.3  7189.523
7247.9  7115.064
7250.5  7217.646
7253.1  7232.719
7255.7  7117.322
7258.3  7091.285
7260.9  6493.09
7263.5  6568.262
7266.1  7005.736
7268.7  7036.434
7271.3  6823.605
7273.9  6622.621
7276.5  6810.355
7279.1  7135.304
7281.7  7166.502
7284.3  7213.837
7286.9  7013.458
7289.5  7016.872
7292.1  6924.382
7294.7  7181.701
7297.3  7300.115
7299.9  7001.252
7302.5  7029.792
7305.1  6943.442
7307.7  7141.341
7310.3  7013.208
7312.9  7059.49
7315.5  7153.269
7318.1  7226.432
7320.7  7244.75
7323.3  7136.194
7325.9  7102.48
7328.5  7174.352
7331.1  7102.517
7333.7  7222.352
7336.3  7067.843
7338.9  7089.719
7341.5  7177.758
7344.1  7410.587
7346.7  7344.206
7349.3  7029.988
7351.9  7046.769
7354.5  6956.349
7357.1  7064.74
7359.7  7201.68
7362.3  7143.279
7364.9  7182.772
7367.5  7211.559
7370.1  7073.637
7372.7  7003.786
7375.3  7169.54
7377.9  7284.161
7380.5  7129.702
7383.1  7098.101
7385.7  7124.574
7388.3  6939.549
7390.9  7042.848
7393.5  6978.784
7396.1  6898.475
7398.7  7086.998
7401.3  7096.725
7403.9  7016.315
7406.5  6913.565
7409.1  6961.565
7411.7  6967.684
7414.3  7004.441
7416.9  7050.084
7419.5  6936.673
7422.1  6872.847
7424.7  7057.131
7427.3  6984.582
7429.9  7013.966
7432.5  7001.39
7435.1  7026.154
7437.7  7036.576
7440.3  7005.531
7442.9  7046.356
7445.5  6847.028
7448.1  6918.854
7450.7  7026.373
7453.3  7101.621
7455.9  6925.027
7458.5  6835.065
7461.1  6997.358
7463.7  6859.197
7466.3  6974.159
7468.9  7005.081
7471.5  6850.108
7474.1  6820.922
7476.7  7025.262
7479.3  6984.194
7481.9  6855.996
7484.5  6918.716
7487.1  7052.696
7489.7  6969.711
7492.3  6788.601
7494.9  6707.099
7497.5  6772.745
7500.1  6748.909
7502.7  6891.706
7505.3  6855.177
7507.9  6776.713
7510.5  6720.416
7513.1  6769.793
7515.7  6820.648
7518.3  6704.513
7520.9  6744.451
7523.5  6819.597
7526.1  6776.003
7528.7  6938.787
7531.3  6863.052
7533.9  6727.835
7536.5  6752.002
7539.1  6792.614
7541.7  6715.76
7544.3  6819.013
7546.9  6727.177
7549.5  6702.921
7552.1  6698.176
7554.7  6783.775
7557.3  6712.089
7559.9  6696.219
7562.5  6510.312
7565.1  6497.891
7567.7  6553.304
7570.3  6654.468
7572.9  6532.864
7575.5  6582.817
7578.1  6700.966
7580.7  6443.634
7583.3  6406.58
7585.9  6397.314
7588.5  6256.537
7591.1  5571.934
7593.7  4780.351
7596.3  3819.716
7598.9  2966.934
7601.5  2317.378
7604.1  2172.641
7606.7  2140.433
7609.3  2405.909
7611.9  3073.361
7614.5  3879.587
7617.1  4270.374
7619.7  4310.052
7622.3  4208.385
7624.9  3953.198
7627.5  3622.094
7630.1  3516.977
7632.7  3654.806
7635.3  3750.024
7637.9  3928.875
7640.5  3936.396
7643.1  4251.436
7645.7  4428.254
7648.3  4680.245
7650.9  4760.004
7653.5  4984.564
7656.1  5046.494
7658.7  5287.133
7661.3  5336.074
7663.9  5480.808
7666.5  5567.355
7669.1  5641.561
7671.7  5893.695
7674.3  5878.494
7676.9  5887.697
7679.5  5954.017
7682.1  5975.854
7684.7  5977.903
7687.3  6048.918
7689.9  6065.638
7692.5  5935.81
7695.1  5847.
7697.7  5930.984
7700.3  5966.273
7702.9  5900.213
7705.5  6014.729
7708.1  6115.751
7710.7  6089.806
7713.3  6105.648
7715.9  6068.841
7718.5  6168.169
7721.1  6220.845
7723.7  6157.848
7726.3  6186.342
7728.9  6207.579
7731.5  6131.144
7734.1  6129.254
7736.7  6097.854
7739.3  6035.219
7741.9  6081.937
7744.5  6135.643
7747.1  6207.673
7749.7  6165.422
7752.3  6080.44
7754.9  6318.043
7757.5  6237.215
7760.1  6124.354
7762.7  6151.75
7765.3  6045.922
7767.9  5950.061
7770.5  5937.67
7773.1  6010.189
7775.7  5834.403
7778.3  5873.982
7780.9  6085.85
7783.5  6023.763
7786.1  5998.916
7788.7  6160.777
7791.3  6179.293
7793.9  6174.5
7796.5  6015.64
7799.1  6287.865
7801.7  6318.802
7804.3  6165.122
7806.9  6100.046
7809.5  6282.507
7812.1  6373.932
7814.7  6567.202
7817.3  6338.271
7819.9  6117.332
7822.5  6077.326
7825.1  6168.41
7827.7  6170.82
7830.3  6028.356
7832.9  6046.481
7835.5  6125.945
7838.1  6064.906
7840.7  6149.347
7843.3  6110.324
7845.9  5995.724
7848.5  6200.969
7851.1  6138.538
7853.7  6039.7
7856.3  5984.041
7858.9  6206.273
7861.5  6219.099
7864.1  6115.041
7866.7  6179.773
7869.3  5946.345
7871.9  5977.659
7874.5  5916.453
7877.1  5975.794
7879.7  5834.896
7882.3  5855.554
7884.9  5871.406
7887.5  6054.284
7890.1  6037.688
7892.7  5878.693
7895.3  5809.541
7897.9  5756.366
7900.5  5721.183
7903.1  5845.97
7905.7  5850.07
7908.3  5894.446
7910.9  5937.001
7913.5  5684.681
7916.1  5847.296
7918.7  5885.709
7921.3  5793.073
7923.9  5640.846
7926.5  5563.746
7929.1  5699.086
7931.7  5581.215
7934.3  5706.158
7936.9  5781.087
7939.5  5771.392
7942.1  5621.834
7944.7  5634.737
7947.3  5730.55
7949.9  5728.236
7952.5  5688.691
7955.1  5800.005
7957.7  5724.232
7960.3  5806.487
7962.9  5725.832
7965.5  5546.678
7968.1  5667.838
7970.7  5601.867
7973.3  5746.016
7975.9  5748.624
7978.5  5591.797
7981.1  5677.603
7983.7  5794.845
7986.3  5711.917
7988.9  5704.059
7991.5  5683.07
7994.1  5784.181
7996.7  5563.821
7999.3  5756.542
8001.9  5944.786
8004.5  5738.676
8007.1  5714.598
8009.7  5792.164
8012.3  5625.542
8014.9  5708.595
8017.5  5765.16
8020.1  5576.08
8022.7  5722.053
8025.3  5704.254
8027.9  5620.386
8030.5  5730.624
8033.1  5658.511
8035.7  5705.471
8038.3  5592.599
8040.9  5707.457
8043.5  5689.748
8046.1  5729.736
8048.7  5564.271
8051.3  5640.953
8053.9  5601.39
8056.5  5756.131
8059.1  5754.346
8061.7  5673.319
8064.3  5655.036
8066.9  5619.692
8069.5  5656.817
8072.1  5481.629
8074.7  5602.464
8077.3  5595.799
8079.9  5629.564
8082.5  5616.533
8085.1  5478.012
8087.7  5489.566
8090.3  5572.225
8092.9  5464.561
8095.5  5528.276
8098.1  5407.382
8100.7  5512.172
8103.3  5502.868
8105.9  5583.528
8108.5  5511.215
8111.1  5480.673
8113.7  5414.075
8116.3  5360.921
8118.9  5514.563
8121.5  5371.685
8124.1  5398.594
8126.7  5419.77
8129.3  5492.68
8131.9  5392.
8134.5  5297.06
8137.1  5220.063
8139.7  5165.292
8142.3  5202.95
8144.9  5209.417
8147.5  5233.965
8150.1  5063.146
8152.7  5086.079
8155.3  5007.986
8157.9  5182.589
8160.5  4856.765
8163.1  4921.313
8165.7  4968.601
8168.3  4799.702
8170.9  5017.311
8173.5  4950.33
8176.1  4917.988
8178.7  4878.432
8181.3  4838.729
8183.9  4858.261
8186.5  5056.759
8189.1  5041.19
8191.7  5045.938
8194.3  5050.828
8196.9  4991.658
8199.5  4962.391
8202.1  5312.623
8204.7  5153.29
8207.3  5233.699
8209.9  5365.818
8212.5  5271.75
8215.1  5217.565
8217.7  5232.149
8220.3  5233.671
8222.9  4939.333
8225.5  4874.832
8228.1  4619.128
8230.7  4568.608
8233.3  4658.54
8235.9  5063.542
8238.5  5250.109
8241.1  5211.94
8243.7  5309.047
8246.3  5297.277
8248.9  5431.905
8251.5  5141.935
8254.1  5231.473
8256.7  5190.768
8259.3  5146.891
8261.9  5243.625
8264.5  5304.146
8267.1  5554.93
8269.7  5469.24
8272.3  5128.33
8274.9  5076.673
8277.5  4988.151
8280.1  5222.151
8282.7  5169.203
8285.3  5071.353
8287.9  5236.979
8290.5  5230.554
8293.1  5164.406
8295.7  5333.19
8298.3  5004.089
8300.9  5329.267
8303.5  5174.758
8306.1  5122.597
8308.7  5103.982
8311.3  5198.867
8313.9  5064.849
8316.5  5071.823
8319.1  5057.423
8321.7  5064.153
8324.3  5015.094
8326.9  5071.647
8329.5  5218.151
8332.1  5057.791
8334.7  5086.996
8337.3  4892.352
8339.9  4909.194
8342.5  4803.725
8345.1  4847.395
8347.7  4991.575
8350.3  5288.315
8352.9  5111.028
8355.5  5252.263
8358.1  5252.578
8360.7  5225.574
8363.3  5166.057
8365.9  5115.569
8368.5  5113.673
8371.1  5184.227
8373.7  5173.659
8376.3  5264.979
8378.9  5291.357
8381.5  5255.715
8384.1  5187.585
8386.7  5159.162
8389.3  5182.814
8391.9  4935.84
8394.5  5250.234
8397.1  5282.32
8399.7  5343.956
8402.3  5143.025
8404.9  5204.869
8407.5  5194.806
8410.1  5084.09
8412.7  5175.443
8415.3  5104.886
8417.9  5190.091
8420.5  5169.756
8423.1  5219.631
8425.7  5239.481
8428.3  5214.233
8430.9  5119.104
8433.5  4971.336
8436.1  5270.012
8438.7  5377.325
8441.3  5185.514
8443.9  5133.571
8446.5  5210.456
8449.1  5141.773
8451.7  5199.48
8454.3  5385.379
8456.9  5276.523
8459.5  5305.715
8462.1  5197.894
8464.7  5212.72
8467.3  5207.549
8469.9  5332.257
8472.5  5370.532
8475.1  5477.279
8477.7  5357.213
8480.3  5258.206
8482.9  5411.921
8485.5  5424.697
8488.1  5316.097
8490.7  5217.106
8493.3  5119.46
8495.9  5030.852
8498.5  4890.727
8501.1  4882.782
8503.7  5026.491
8506.3  5155.702
8508.9  5157.214
8511.5  5081.685
8514.1  5238.571
8516.7  5371.246
8519.3  5335.212
8521.9  5352.694
8524.5  5488.583
8527.1  5407.461
8529.7  5180.916
8532.3  5103.601
8534.9  5018.649
8537.5  4770.121
8540.1  4624.514
8542.7  4416.094
8545.3  4440.263
8547.9  4732.824
8550.5  4814.667
8553.1  5006.838
8555.7  5051.013
8558.3  5035.719
8560.9  5210.458
8563.5  5278.866
8566.1  5241.19
8568.7  5248.882
8571.3  5244.898
8573.9  5306.131
8576.5  5208.999
8579.1  5137.749
8581.7  5169.559
8584.3  5237.976
8586.9  5239.706
8589.5  5185.706
8592.1  5096.186
8594.7  5022.203
8597.3  5053.191
8599.9  5032.23
8602.5  5066.659
8605.1  5087.13
8607.7  5164.233
8610.3  5202.227
8612.9  5112.137
8615.5  5172.103
8618.1  5194.17
8620.7  5085.963
8623.3  4987.865
8625.9  5092.808
8628.5  5171.648
8631.1  5186.688
8633.7  5262.04
8636.3  5203.636
8638.9  5236.702
8641.5  5366.207
8644.1  5227.741
8646.7  5072.735
8649.3  5116.266
8651.9  4977.958
8654.5  4912.851
8657.1  4861.849
8659.7  4609.382
8662.3  4409.077
8664.9  4348.214
8667.5  4422.5
8670.1  4599.273
8672.7  4731.547
8675.3  4975.625
8677.9  5218.974
8680.5  5166.168
8683.1  5272.676
8685.7  5186.554
8688.3  5128.461
8690.9  5166.832
8693.5  5242.382
8696.1  5373.851
8698.7  5419.044
8701.3  5484.757
8703.9  5435.04
8706.5  5514.803
8709.1  5534.777
8711.7  5441.69
8714.3  5434.304
8716.9  5460.73
8719.5  5516.316
8722.1  5452.574
8724.7  5410.624
8727.3  5417.064
8729.9  5391.012
8732.5  5368.785
8735.1  5372.898
8737.7  5242.66
8740.3  5221.908
8742.9  5262.43
8745.5  5059.029
8748.1  4940.86
8750.7  5015.508
8753.3  4978.979
8755.9  5000.496
8758.5  5187.137
8761.1  5517.782
8763.7  5214.066
8766.3  5272.668
8768.9  5421.902
8771.5  5592.587
8774.1  5455.439
8776.7  5348.965
8779.3  5427.446
8781.9  5343.427
8784.5  5568.69
8787.1  5591.84
8789.7  5702.7
8792.3  5578.156
8794.9  5527.151
8797.5  5449.688
8800.1  5293.827
8802.7  5299.49
8805.3  5316.776
8807.9  5472.403
8810.5  5436.393
8813.1  5460.107
8815.7  5470.943
8818.3  5592.592
8820.9  5194.752
8823.5  5198.021
8826.1  5270.97
8828.7  5468.139
8831.3  5508.373
8833.9  5245.081
8836.5  5483.477
8839.1  5267.579
8841.7  5272.676
8844.3  5001.283
8846.9  5127.913
8849.5  5090.691
8852.1  5058.903
8854.7  5086.59
8857.3  4972.383
8859.9  4773.418
8862.5  4664.878
8865.1  4621.022
8867.7  4899.006
8870.3  4779.065
8872.9  4926.833
8875.5  5006.356
8878.1  5130.875
8880.7  5292.649
8883.3  5259.752
8885.9  5409.007
8888.5  5194.865
8891.1  5266.726
8893.7  5299.49
8896.3  5295.652
8898.9  5456.859
8901.5  5477.81
8904.1  5407.095
8906.7  5293.82
8909.3  5351.297
8911.9  5205.704
8914.5  5469.437
8917.1  5214.837
8919.7  5243.251
8922.3  5221.652
8924.9  5385.914
8927.5  5284.848
8930.1  5262.566
8932.7  5278.098
8935.3  5296.058
8937.9  5419.079
8940.5  5261.179
8943.1  5244.186
8945.7  5187.943
8948.3  5231.719
8950.9  5175.627
8953.5  5114.877
8956.1  4994.862
8958.7  4845.552
8961.3  4929.424
8963.9  4961.01
8966.5  4772.935
8969.1  4735.117
8971.7  5028.925
8974.3  4898.282
8976.9  4783.647
8979.5  4847.486
8982.1  4694.767
8984.7  4459.69
8987.3  4336.299
8989.9  4327.326
8992.5  4517.32
8995.1  4599.619
8997.7  4498.556
9000.3  4477.106
9002.9  4345.004
9005.5  4346.183
9008.1  4171.227
9010.7  4108.793
9013.3  4001.128
9015.9  4135.666
9018.5  4145.373
9021.1  4146.359
9023.7  4399.561
9026.3  4374.623
9028.9  4380.071
9031.5  4711.058
9034.1  4797.126
9036.7  4763.247
9039.3  4878.266
9041.9  5007.091
9044.5  5024.522
9047.1  4845.519
9049.7  4959.259
9052.3  4953.742
9054.9  4824.884
9057.5  4613.262
9060.1  4778.691
9062.7  4736.941
9065.3  4689.408
9067.9  4590.913
9070.5  4719.503
9073.1  4521.099
9075.7  4353.315
9078.3  4445.203
9080.9  4501.25
9083.5  4364.024
9086.1  4352.758
9088.7  4396.314
9091.3  4330.847
9093.9  4426.533
9096.5  4417.105
9099.1  4517.416
9101.7  4455.437
9104.3  4541.484
9106.9  4440.659
9109.5  4436.226
9112.1  4351.721
9114.7  4447.437
9117.3  4525.199
9119.9  4487.536
9122.5  4568.504
9125.1  4582.781
9127.7  4591.124
9130.3  4370.474
9132.9  4176.143
9135.5  4106.499
9138.1  4272.309
9140.7  4404.
9143.3  4623.085
9145.9  4382.087
9148.5  4281.513
9151.1  4295.313
9153.7  4141.882
9156.3  4110.368
9158.9  4180.976
9161.5  4308.88
9164.1  4516.231
9166.7  4460.868
9169.3  4190.008
9171.9  4246.607
9174.5  4223.58
9177.1  4062.695
9179.7  4085.314
9182.3  4281.479
9184.9  4311.377
9187.5  4226.252
9190.1  4212.702
9192.7  4243.345
9195.3  4299.722
9197.9  4352.455
9200.5  4455.587
9203.1  4380.863
9205.7  4317.971
9208.3  4192.895
9210.9  3957.021
9213.5  3936.711
9216.1  3879.182
9218.7  3800.025
9221.3  3807.881
9223.9  3845.202
9226.5  3883.684
9229.1  3790.731
9231.7  3793.118
9234.3  3948.579
9236.9  3869.589
9239.5  3863.884
9242.1  3915.774
9244.7  4044.783
9247.3  4169.37
9249.9  4171.795
9252.5  4209.519
9255.1  4085.436
9257.7  4109.145
9260.3  4274.431
9262.9  4139.365
9265.5  4051.707
9268.1  4297.617
9270.7  4197.882
9273.3  4117.893
9275.9  4208.907
9278.5  4034.063
9281.1  3968.41
9283.7  3984.686
9286.3  3885.406
9288.9  3826.923
9291.5  3776.455
9294.1  3761.092
9296.7  3583.999
9299.3  3763.362
9301.9  3641.936
9304.5  3571.308
9307.1  3524.984
9309.7  3512.09
9312.3  3314.527
9314.9  3021.202
9317.5  2915.067
9320.1  2578.51
9322.7  2674.815
9325.3  3053.696
9327.9  2761.547
9330.5  2784.113
9333.1  2795.506
9335.7  2703.189
9338.3  2228.487
9340.9  2287.3
9343.5  2421.643
9346.1  2503.867
9348.7  2550.501
9351.3  2874.462
9353.9  2732.729
9356.5  2662.739
9359.1  2698.708
9361.7  2727.188
9364.3  2822.83
9366.9  2823.893
9369.5  2630.683
9372.1  2618.034
9374.7  2631.984
9377.3  2833.088
9379.9  3020.712
9382.5  2749.202
9385.1  3080.567
9387.7  3281.199
9390.3  3416.456
9392.9  3637.897
9395.5  3687.858
9398.1  3514.249
9400.7  3405.286
9403.3  3337.757
9405.9  3340.877
9408.5  3341.768
9411.1  3219.723
9413.7  3233.967
9416.3  3244.611
9418.9  3332.345
9421.5  3158.701
9424.1  2858.104
9426.7  2842.079
9429.3  2734.434
9431.9  2770.573
9434.5  2985.899
9437.1  3010.6
9439.7  2840.529
9442.3  2518.555
9444.9  2612.053
9447.5  3065.293
9450.1  3156.514
9452.7  3061.351
9455.3  2882.199
9457.9  2746.736
9460.5  2780.135
9463.1  2796.085
9465.7  2997.786
9468.3  3146.116
9470.9  3035.633
9473.5  3003.283
9476.1  2808.561
9478.7  2640.131
9481.3  2651.476
9483.9  2888.569
9486.5  3019.864
9489.1  3113.296
9491.7  2991.273
9494.3  2741.046
9496.9  2510.17
9499.5  2567.146
9502.1  2813.908
9504.7  2840.565
9507.3  3127.143
9509.9  3351.055
9512.5  3198.343
9515.1  3003.203
9517.7  2701.315
9520.3  2533.716
9522.9  2607.033
9525.5  2660.745
9528.1  2758.421
9530.7  2815.976
9533.3  2823.057
9535.9  2931.358
9538.5  2804.543
9541.1  2636.357
9543.7  2577.36
9546.3  2658.679
9548.9  2722.547
9551.5  2821.417
9554.1  2877.299
9556.7  2830.445
9559.3  2733.147
9561.9  2793.09
9564.5  2798.168
9567.1  2737.577
9569.7  2849.285
9572.3  3039.508
9574.9  3127.418
9577.5  3214.085
9580.1  3128.617
9582.7  2995.223
9585.3  3013.145
9587.9  3042.069
9590.5  2941.662
9593.1  2882.744
9595.7  2931.022
9598.3  3092.606
9600.9  3106.108
9603.5  3097.46
9606.1  3157.395
9608.7  3036.195
9611.3  3145.485
9613.9  3347.429
9616.5  3283.121
9619.1  3188.122
9621.7  3246.336
9624.3  3196.656
9626.9  3160.454
9629.5  3188.882
9632.1  3166.202
9634.7  3126.351
9637.3  3128.635
9639.9  3120.678
9642.5  3072.97
9645.1  3124.766
9647.7  3201.429
9650.3  3272.59
9652.9  3451.839
9655.5  3430.503
9658.1  3374.072
9660.7  3284.909
9663.3  3212.277
9665.9  3012.11
9668.5  3364.184
9671.1  3333.365
9673.7  3381.605
9676.3  3412.178
9678.9  3451.279
9681.5  3408.163
9684.1  3473.972
9686.7  3660.684
9689.3  3675.866
9691.9  3674.979
9694.5  3556.509
9697.1  3509.114
9699.7  3441.934
9702.3  3500.81
9704.9  3529.309
9707.5  3434.567
9710.1  3497.522
9712.7  3434.987
9715.3  3362.374
9717.9  3452.604
9720.5  3548.737
9723.1  3500.13
9725.7  3390.693
9728.3  3369.062
9730.9  3378.209
9733.5  3372.406
9736.1  3225.752
9738.7  3218.272
9741.3  3369.775
9743.9  3324.225
9746.5  3194.334
9749.1  3182.26
9751.7  3174.561
9754.3  3207.64
9756.9  3218.172
9759.5  3103.241
9762.1  3200.476
9764.7  3302.647
9767.3  3250.497
9769.9  3318.339
9772.5  3299.477
9775.1  3152.252
9777.7  3219.077
9780.3  3183.633
9782.9  3179.628
9785.5  2965.627
9788.1  3028.895
9790.7  3125.708
9793.3  3054.242
9795.9  3247.038
9798.5  3349.487
9801.1  3307.752
9803.7  3340.522
9806.3  3294.125
9808.9  3298.982
9811.5  3205.02
9814.1  3181.059
9816.7  3164.351
9819.3  3186.624
9821.9  3148.209
9824.5  3163.028
9827.1  3013.15
9829.7  3169.464
9832.3  3226.164
9834.9  3361.031
9837.5  3281.844
9840.1  3131.442
9842.7  3033.36
9845.3  3143.452
9847.9  3149.951
9850.5  3125.138
9853.1  3174.841
9855.7  3159.927
9858.3  3111.031
9860.9  3055.809
9863.5  2974.344
9866.1  2967.906
9868.7  3119.864
9871.3  3166.878
9873.9  3222.48
9876.5  3282.304
9879.1  3051.77
9881.7  2929.544
9884.3  3112.326
9886.9  2975.824
9889.5  2855.673
9892.1  2992.819
9894.7  2932.099
9897.3  2928.153
9899.9  3078.912
9902.5  3037.146
9905.1  2897.771
9907.7  2835.562
9910.3  2821.337
9912.9  2839.357
9915.5  2825.57
9918.1  2865.622
9920.7  3103.045
9923.3  2905.247
9925.9  2827.488
9928.5  2818.696
9931.1  2791.882
9933.7  2788.987
9936.3  2763.171
9938.9  2716.523
9941.5  2766.375
9944.1  2863.143
9946.7  2876.178
9949.3  2728.482
9951.9  2915.435
9954.5  2799.086
9957.1  2705.693
9959.7  2696.28
9962.3  2742.165
9964.9  2698.177
9967.5  2789.583
9970.1  2827.78
9972.7  2787.049
9975.3  2793.972
9977.9  2811.09
9980.5  2850.934
9983.1  2801.747
9985.7  2772.608
9988.3  2694.251
9990.9  2628.123
9993.5  2609.129
9996.1  2602.352
9998.7  2614.821
