3501.3  -0.001441705
3503.9  -8.482707E-4
3506.5  -0.002231919
3509.1  -0.001920888
3511.7  -0.001349951
3514.3  -0.001416831
3516.9  -9.615264E-4
3519.5  -0.001684379
3522.1  -7.327746E-4
3524.7  -7.474800E-4
3527.3  -0.001419612
3529.9  -8.364349E-4
3532.5  -0.001785515
3535.1  -0.00220946
3537.7  -8.116168E-4
3540.3  -9.980297E-4
3542.9  -0.001851394
3545.5  -6.375240E-4
3548.1  -0.001357917
3550.7  -7.768205E-4
3553.3  -0.001281654
3555.9  -0.002192445
3558.5  -0.002562196
3561.1  -0.001409553
3563.7  -0.001656457
3566.3  -0.001211951
3568.9  -2.442458E-4
3571.5  -0.001415976
3574.1  -0.001798285
3576.7  -9.382705E-4
3579.3  -0.001509646
3581.9  -0.001093373
3584.5  -0.001464012
3587.1  -0.001369491
3589.7  -0.002022834
3592.3  -0.002642367
3594.9  -0.001973567
3597.5  -8.619191E-4
3600.1  -0.002178165
3602.7  -0.001389259
3605.3  -0.001413602
3607.9  -0.002291544
3610.5  -0.001235152
3613.1  -0.003243476
3615.7  -7.063037E-4
3618.3  -0.001061975
3620.9  -0.001990335
3623.5  -5.375822E-4
3626.1  -0.001556681
3628.7  -0.001061126
3631.3  -3.410706E-4
3633.9  -6.727685E-4
3636.5  -3.920040E-4
3639.1  -8.933309E-4
3641.7  -0.001870381
3644.3  -5.817299E-4
3646.9  -0.001809537
3649.5  -0.0015866
3652.1  -0.0019904
3654.7  -0.001560299
3657.3  -0.001373629
3659.9  -0.002065466
3662.5  -0.001427505
3665.1  -0.001520463
3667.7  -0.002695484
3670.3  -0.001536835
3672.9  -0.001737
3675.5  -0.001971533
3678.1  -0.001934076
3680.7  -9.315382E-4
3683.3  -0.003525673
3685.9  -9.948050E-4
3688.5  -0.002586197
3691.1  -9.532167E-4
3693.7  -4.459902E-4
3696.3  -8.792715E-4
3698.9  -0.001155488
3701.5  -0.001050234
3704.1  -9.081217E-4
3706.7  -9.808533E-4
3709.3  -8.704982E-4
3711.9  -0.001477221
3714.5  -0.001113484
3717.1  -2.198589E-4
3719.7  -0.001776915
3722.3  -0.001716738
3724.9  -0.001091618
3727.5  -0.002974176
3730.1  -0.002503109
3732.7  -0.002544001
3735.3  -0.001922476
3737.9  -0.001798077
3740.5  -7.980247E-4
3743.1  -8.182939E-4
3745.7  -0.00222512
3748.3  -0.00188674
3750.9  -0.001798637
3753.5  -0.001766612
3756.1  -0.001935487
3758.7  -0.002264097
3761.3  -0.002118913
3763.9  -0.002035475
3766.5  -0.001448622
3769.1  -0.001395291
3771.7  -0.001628024
3774.3  -0.001872494
3776.9  -0.001284354
3779.5  -0.001011573
3782.1  -0.00110909
3784.7  -0.001281261
3787.3  -0.002317127
3789.9  -0.001228358
3792.5  -0.002553032
3795.1  -0.001867899
3797.7  -0.001065803
3800.3  -0.002175915
3802.9  -0.001402653
3805.5  -0.001720875
3808.1  -0.001967518
3810.7  -0.001541455
3813.3  -8.890641E-4
3815.9  -0.001604217
3818.5  -2.971800E-4
3821.1  -0.00154684
3823.7  -0.002713817
3826.3  -0.002410329
3828.9  -0.00118819
3831.5  -0.001759739
3834.1  -0.001329721
3836.7  -0.003169083
3839.3  -0.001386337
3841.9  -0.002402831
3844.5  -7.091684E-4
3847.1  -0.001998046
3849.7  -0.00222554
3852.3  -0.001075325
3854.9  -0.002327263
3857.5  -0.001390926
3860.1  -0.001175227
3862.7  -0.001325172
3865.3  -0.001771623
3867.9  -0.001798115
3870.5  -0.001906333
3873.1  -0.001353961
3875.7  -0.001676235
3878.3  -0.002104867
3880.9  -0.002004138
3883.5  -8.789225E-4
3886.1  -0.001751121
3888.7  -0.002677479
3891.3  -0.002281029
3893.9  -0.001619479
3896.5  -0.00136199
3899.1  -0.001782311
3901.7  -0.002374982
3904.3  -0.002188224
3906.9  -0.001609769
3909.5  -0.002264148
3912.1  -0.00251852
3914.7  -0.002473472
3917.3  -0.003008215
3919.9  -1.265971E-4
3922.5  -0.001361069
3925.1  -0.002501069
3927.7  -0.001247481
3930.3  -0.002141783
3932.9  -0.00224852
3935.5  -0.001562448
3938.1  -0.001607843
3940.7  -0.001536653
3943.3  -0.002903708
3945.9  -0.001064655
3948.5  -0.001688182
3951.1  -0.001784516
3953.7  -0.003047774
3956.3  -0.002472303
3958.9  -0.001996277
3961.5  -0.002809981
3964.1  -0.002218279
3966.7  -0.003093481
3969.3  -0.002108135
3971.9  -0.002961163
3974.5  -0.002064496
3977.1  -0.002245314
3979.7  -0.002184907
3982.3  -0.001736732
3984.9  -0.002755762
3987.5  -0.003015138
3990.1  -0.002945652
3992.7  -0.003110471
3995.3  -0.002412823
3997.9  -0.003555329
4000.5  -0.002768961
4003.1  -0.002206003
4005.7  -0.001967122
4008.3  -0.002305859
4010.9  -0.00178726
4013.5  -0.001165449
4016.1  -0.001938788
4018.7  -0.001465258
4021.3  -0.002489729
4023.9  -0.001646659
4026.5  -0.001819451
4029.1  -0.001691652
4031.7  -0.002859829
4034.3  -0.002429886
4036.9  -0.002174772
4039.5  -0.001916959
4042.1  -0.003403558
4044.7  -0.002748857
4047.3  -0.003512697
4049.9  -0.001368568
4052.5  -0.001301334
4055.1  -0.001585118
4057.7  -0.002405003
4060.3  -0.001317452
4062.9  -0.002468215
4065.5  -0.001753906
4068.1  -0.002546462
4070.7  -0.001173014
4073.3  -0.001107763
4075.9  -9.397560E-4
4078.5  -0.001956014
4081.1  -0.001955479
4083.7  -0.001637161
4086.3  -0.001739156
4088.9  -0.001949739
4091.5  -0.002606414
4094.1  -0.003102472
4096.7  -0.001175672
4099.3  -0.003994276
4101.9  -0.002791451
4104.5  -7.941377E-4
4107.1  -0.001572222
4109.7  -0.00201111
4112.3  -0.002064364
4114.9  -0.002975944
4117.5  -0.002443723
4120.1  -0.002061455
4122.7  -0.001484001
4125.3  -0.001931651
4127.9  -0.002788588
4130.5  -0.001754836
4133.1  -0.001563963
4135.7  -0.003181484
4138.3  -0.00354203
4140.9  -0.00397547
4143.5  -0.002508244
4146.1  -0.003806872
4148.7  -0.002375603
4151.3  -0.001812153
4153.9  -0.001776117
4156.5  -0.001404912
4159.1  -9.836032E-4
4161.7  -0.002738629
4164.3  -0.002655273
4166.9  -0.001506892
4169.5  -0.001009707
4172.1  -0.00118731
4174.7  -7.913241E-4
4177.3  -0.002831089
4179.9  -0.002203934
4182.5  -0.002671063
4185.1  -0.002717493
4187.7  -0.002749796
4190.3  -0.001533943
4192.9  -0.002162912
4195.5  -0.002265948
4198.1  -0.002505039
4200.7  -0.001969754
4203.3  -0.00315776
4205.9  -0.002505515
4208.5  -0.003070931
4211.1  -0.001017814
4213.7  -0.001621032
4216.3  -0.001408882
4218.9  -0.001024204
4221.5  -0.003100892
4224.1  -0.002499408
4226.7  -0.003555904
4229.3  -0.003435045
4231.9  -0.00230553
4234.5  -0.003187022
4237.1  -0.002208797
4239.7  -0.0019045
4242.3  -0.001777826
4244.9  -6.364735E-4
4247.5  -0.001905339
4250.1  -0.001139726
4252.7  -0.002955331
4255.3  -0.002475412
4257.9  -0.001976228
4260.5  -0.002054419
4263.1  -0.00161046
4265.7  -0.002653906
4268.3  -0.002288106
4270.9  -0.002059573
4273.5  -0.002656513
4276.1  -0.002256233
4278.7  -6.116727E-4
4281.3  -0.003198424
4283.9  -0.004064277
4286.5  -0.002053001
4289.1  -0.001271023
4291.7  -0.002978253
4294.3  -0.00215352
4296.9  -0.002080547
4299.5  -0.001284345
4302.1  -0.001723843
4304.7  -0.00243181
4307.3  -0.004885279
4309.9  -0.002854232
4312.5  -0.002933417
4315.1  -0.003747616
4317.7  -0.002188319
4320.3  -0.001012434
4322.9  -0.001199359
4325.5  -0.003143606
4328.1  -0.003910845
4330.7  -0.00103668
4333.3  -0.001556726
4335.9  -0.00170121
4338.5  -0.00291797
4341.1  -0.002653797
4343.7  -0.004189336
4346.3  -0.00276308
4348.9  -0.002353931
4351.5  -0.002712882
4354.1  -0.002201287
4356.7  -0.001653453
4359.3  -0.004620327
4361.9  -0.004453121
4364.5  -0.002802797
4367.1  -0.002994925
4369.7  -0.00452131
4372.3  -0.001511149
4374.9  -0.001200691
4377.5  -0.002107773
4380.1  -0.002838417
4382.7  -0.001424113
4385.3  -0.002133144
4387.9  -0.004717962
4390.5  -0.002087352
4393.1  -0.004200417
4395.7  -0.002700574
4398.3  -0.002663734
4400.9  -0.004532666
4403.5  -0.003623103
4406.1  -0.00210919
4408.7  -0.002465599
4411.3  -0.003326681
4413.9  -0.004045338
4416.5  -0.002054236
4419.1  -0.002519479
4421.7  -0.002448785
4424.3  -0.004249468
4426.9  -0.003977801
4429.5  -0.003336162
4432.1  -0.002831138
4434.7  -0.001612882
4437.3  -0.002036852
4439.9  -0.003530531
4442.5  -0.002810332
4445.1  -0.001294651
4447.7  -0.004459052
4450.3  -0.003430528
4452.9  -0.004058194
4455.5  -0.004287615
4458.1  -0.003004503
4460.7  -0.002515921
4463.3  -0.003057816
4465.9  -0.002448384
4468.5  -0.002784957
4471.1  -0.002759964
4473.7  -0.003488706
4476.3  -0.002800383
4478.9  -0.001365701
4481.5  -0.002503486
4484.1  -0.003625681
4486.7  -0.001815446
4489.3  -0.004367874
4491.9  -0.002361663
4494.5  -0.00415145
4497.1  -0.002777931
4499.7  -0.001860307
4502.3  -0.001439466
4504.9  -8.815866E-4
4507.5  -0.005901624
4510.1  -0.005580848
4512.7  -0.00323021
4515.3  -0.003717721
4517.9  -0.001766962
4520.5  -0.003412356
4523.1  -0.00301079
4525.7  -0.003225606
4528.3  -0.002478244
4530.9  -0.002679392
4533.5  -0.00233437
4536.1  -0.002156758
4538.7  -0.002923792
4541.3  -0.004243547
4543.9  -0.003905686
4546.5  -0.004115463
4549.1  -0.001692151
4551.7  -0.001360786
4554.3  -0.006441145
4556.9  -0.004675112
4559.5  -0.002598495
4562.1  -0.001162097
4564.7  -0.001707892
4567.3  -0.003493308
4569.9  -0.003823254
4572.5  -0.002280573
4575.1  -0.00115806
4577.7  -0.003117969
4580.3  -0.002145708
4582.9  -0.003351714
4585.5  -0.003121885
4588.1  -0.00369552
4590.7  -0.004543783
4593.3  -0.003560605
4595.9  -0.003054373
4598.5  -0.002589596
4601.1  -0.003860386
4603.7  -0.004690476
4606.3  -0.003962053
4608.9  -0.004740151
4611.5  -0.005183283
4614.1  -0.005343174
4616.7  -0.004003422
4619.3  -0.003359196
4621.9  -0.005236828
4624.5  -0.002685034
4627.1  -0.005771177
4629.7  -0.002897082
4632.3  -0.004242558
4634.9  -0.005531379
4637.5  -0.00377014
4640.1  -0.006092768
4642.7  -0.003133235
4645.3  -0.004669185
4647.9  -0.003174336
4650.5  -0.006172131
4653.1  -0.004527936
4655.7  -0.002789052
4658.3  -0.005451663
4660.9  -0.004039153
4663.5  -0.004488895
4666.1  -0.00580515
4668.7  -0.0071514
4671.3  -0.003771751
4673.9  -0.001882867
4676.5  -0.002666772
4679.1  -0.003669319
4681.7  -0.003456394
4684.3  -0.001775137
4686.9  -0.004614947
4689.5  -0.004988892
4692.1  -0.007618493
4694.7  -0.007046904
4697.3  -0.003395664
4699.9  -0.006679951
4702.5  -0.007918962
4705.1  -0.01157542
4707.7  -0.009857948
4710.3  -0.01030238
4712.9  -0.008493505
4715.5  -0.01141319
4718.1  -0.01490302
4720.7  -0.007524035
4723.3  -0.01057111
4725.9  -0.01262136
4728.5  -0.01130394
4731.1  -0.008127933
4733.7  -0.01499373
4736.3  -0.01514156
4738.9  -0.0176676
4741.5  -0.01349618
4744.1  -0.02476131
4746.7  -0.02346986
4749.3  -0.03084503
4751.9  -0.03343378
4754.5  -0.03213837
4757.1  -0.03602901
4759.7  -0.03789933
4762.3  -0.05309685
4764.9  -0.05779693
4767.5  -0.05878222
4770.1  -0.06107363
4772.7  -0.06386437
4775.3  -0.07683135
4777.9  -0.1071105
4780.5  -0.1199569
4783.1  -0.1044941
4785.7  -0.1011336
4788.3  -0.1095317
4790.9  -0.140376
4793.5  -0.1466394
4796.1  -0.1320742
4798.7  -0.1624158
4801.3  -0.1694622
4803.9  -0.1923627
4806.5  -0.1964328
4809.1  -0.2145295
4811.7  -0.2382537
4814.3  -0.2348085
4816.9  -0.2995895
4819.5  -0.2910997
4822.1  -0.2913854
4824.7  -0.3022332
4827.3  -0.302507
4829.9  -0.3835254
4832.5  -0.3985279
4835.1  -0.4534295
4837.7  -0.495669
4840.3  -0.5311723
4842.9  -0.490371
4845.5  -0.6109216
4848.1  -0.6692178
4850.7  -0.7347831
4853.3  -0.8312798
4855.9  -0.8193338
4858.5  -0.922065
4861.1  -0.8521102
4863.7  -0.9578995
4866.3  -1.149333
4868.9  -1.155662
4871.5  -1.382251
4874.1  -1.521872
4876.7  -1.822496
4879.3  -1.775568
4881.9  -1.905151
4884.5  -2.297871
4887.1  -2.468345
4889.7  -2.713282
4892.3  -3.27126
4894.9  -4.499115
4897.5  -4.898384
4900.1  -5.966153
4902.7  -7.958724
4905.3  -10.69937
4907.9  -17.56091
4910.5  -38.90412
4913.1  174.7487
4915.7  28.06591
4918.3  16.50328
4920.9  11.04973
4923.5  8.255004
4926.1  8.246283
4928.7  7.30656
4931.3  5.909449
4933.9  5.60675
4936.5  4.965665
4939.1  4.430962
4941.7  4.16896
4944.3  3.882189
4946.9  3.761361
4949.5  3.696578
4952.1  3.071899
4954.7  3.290334
4957.3  2.769508
4959.9  2.689996
4962.5  2.720224
4965.1  2.683682
4967.7  2.581413
4970.3  2.592715
4972.9  2.462602
4975.5  2.296443
4978.1  2.254578
4980.7  2.076051
4983.3  1.884924
4985.9  2.003883
4988.5  1.939507
4991.1  1.914367
4993.7  1.978057
4996.3  2.073897
4998.9  2.023098
5001.5  1.760315
5004.1  1.855649
5006.7  1.65009
5009.3  1.81768
5011.9  1.588125
5014.5  1.628095
5017.1  1.578674
5019.7  1.754472
5022.3  1.533885
5024.9  1.585573
5027.5  1.581572
5030.1  1.635298
5032.7  1.528684
5035.3  1.50962
5037.9  1.385183
5040.5  1.487196
5043.1  1.404741
5045.7  1.453637
5048.3  1.516552
5050.9  1.444592
5053.5  1.327223
5056.1  1.364392
5058.7  1.411804
5061.3  1.375048
5063.9  1.372501
5066.5  1.368937
5069.1  1.318146
5071.7  1.378116
5074.3  1.349258
5076.9  1.251369
5079.5  1.366936
5082.1  1.152258
5084.7  1.290375
5087.3  1.302921
5089.9  1.373207
5092.5  1.407185
5095.1  1.365628
5097.7  1.29983
5100.3  1.288351
5102.9  1.299495
5105.5  1.275995
5108.1  1.284962
5110.7  1.244402
5113.3  1.313926
5115.9  1.245309
5118.5  1.205605
5121.1  1.237734
5123.7  1.183919
5126.3  1.188915
5128.9  1.156233
5131.5  1.203598
5134.1  1.106132
5136.7  1.123365
5139.3  1.124951
5141.9  1.102442
5144.5  1.107247
5147.1  1.105808
5149.7  1.04092
5152.3  1.081554
5154.9  1.189509
5157.5  1.206764
5160.1  1.176028
5162.7  1.088234
5165.3  1.005729
5167.9  0.9343549
5170.5  0.932296
5173.1  1.002054
5175.7  1.08783
5178.3  1.108017
5180.9  1.106507
5183.5  1.065286
5186.1  1.000484
5188.7  1.135422
5191.3  1.07214
5193.9  1.055327
5196.5  1.103243
5199.1  1.085546
5201.7  1.179372
5204.3  1.105987
5206.9  1.067634
5209.5  1.03063
5212.1  1.04366
5214.7  1.058095
5217.3  1.064853
5219.9  1.040892
5222.5  1.040596
5225.1  0.9935868
5227.7  0.9333491
5230.3  1.004848
5232.9  0.9512177
5235.5  1.044626
5238.1  1.094741
5240.7  1.091574
5243.3  1.125944
5245.9  1.156054
5248.5  1.083975
5251.1  1.027167
5253.7  0.9788568
5256.3  1.084781
5258.9  1.126161
5261.5  1.110709
5264.1  0.9985046
5266.7  0.9305772
5269.3  0.8900352
5271.9  1.004706
5274.5  1.057657
5277.1  1.040422
5279.7  1.105264
5282.3  1.111522
5284.9  1.078788
5287.5  1.05801
5290.1  1.10807
5292.7  1.122235
5295.3  1.080932
5297.9  0.9804945
5300.5  1.001935
5303.1  1.019495
5305.7  1.042877
5308.3  1.109503
5310.9  1.060387
5313.5  1.080302
5316.1  1.07258
5318.7  1.012003
5321.3  1.000092
5323.9  0.9821891
5326.5  0.9585299
5329.1  0.9175136
5331.7  0.9527912
5334.3  0.9705241
5336.9  1.000784
5339.5  1.009235
5342.1  1.008324
5344.7  1.029704
5347.3  1.018059
5349.9  1.042123
5352.5  1.089223
5355.1  1.087526
5357.7  1.09807
5360.3  1.093974
5362.9  1.061227
5365.5  0.9912494
5368.1  0.9984848
5370.7  1.042465
5373.3  1.059808
5375.9  1.03345
5378.5  1.053163
5381.1  1.022516
5383.7  0.9840159
5386.3  1.045401
5388.9  1.065989
5391.5  1.026886
5394.1  0.9446391
5396.7  0.9480127
5399.3  0.9397549
5401.9  0.9598235
5404.5  0.9140612
5407.1  0.9420635
5409.7  0.9386317
5412.3  0.9811108
5414.9  0.9781119
5417.5  0.9793116
5420.1  0.979055
5422.7  0.9947187
5425.3  1.01146
5427.9  1.015648
5430.5  1.010929
5433.1  0.9936605
5435.7  0.9858015
5438.3  1.011974
5440.9  1.029019
5443.5  1.062583
5446.1  0.9926543
5448.7  0.9850848
5451.3  1.000991
5453.9  0.9952789
5456.5  0.997616
5459.1  0.9984838
5461.7  0.9824516
5464.3  0.9801017
5466.9  0.9661578
5469.5  0.9994928
5472.1  0.9454805
5474.7  0.9447997
5477.3  0.8942033
5479.9  0.9036365
5482.5  0.8943832
5485.1  0.8910843
5487.7  0.870128
5490.3  0.879115
5492.9  0.8718445
5495.5  0.886273
5498.1  0.8847578
5500.7  0.8704424
5503.3  0.8903061
5505.9  0.8487434
5508.5  0.8297921
5511.1  0.8443469
5513.7  0.8187894
5516.3  0.8756464
5518.9  0.8406861
5521.5  0.8781897
5524.1  0.9140305
5526.7  0.8669612
5529.3  0.8651938
5531.9  0.8781033
5534.5  0.8952701
5537.1  0.9114484
5539.7  0.9331738
5542.3  0.9487777
5544.9  0.9484954
5547.5  0.9701589
5550.1  0.9853606
5552.7  0.9814836
5555.3  1.026869
5557.9  0.982919
5560.5  1.006131
5563.1  1.025165
5565.7  1.018746
5568.3  0.9960038
5570.9  1.011545
5573.5  1.063645
5576.1  0.9859552
5578.7  1.020493
5581.3  0.9894043
5583.9  0.9577036
5586.5  0.9632742
5589.1  0.95538
5591.7  0.9089118
5594.3  0.9498632
5596.9  0.942627
5599.5  0.9254159
5602.1  0.9438017
5604.7  0.9501262
5607.3  0.96918
5609.9  0.9831991
5612.5  0.9991202
5615.1  0.9660494
5617.7  0.9561383
5620.3  0.9343663
5622.9  0.9235231
5625.5  0.9490103
5628.1  0.9793534
5630.7  0.9868761
5633.3  0.9639779
5635.9  0.9876686
5638.5  0.9872068
5641.1  0.9631224
5643.7  0.9651057
5646.3  1.016788
5648.9  0.9774817
5651.5  0.9848371
5654.1  0.9633317
5656.7  0.9595525
5659.3  0.9527275
5661.9  0.975371
5664.5  1.000878
5667.1  0.9953223
5669.7  0.9873226
5672.3  1.011015
5674.9  1.015026
5677.5  1.004827
5680.1  1.025669
5682.7  0.9616773
5685.3  0.9619467
5687.9  0.9833719
5690.5  0.9702668
5693.1  0.9955172
5695.7  0.9725307
5698.3  0.9501728
5700.9  0.9362004
5703.5  0.9141155
5706.1  0.9160387
5708.7  0.8748672
5711.3  0.9089786
5713.9  0.916276
5716.5  0.9622333
5719.1  1.025199
5721.7  1.019446
5724.3  0.9603506
5726.9  1.00544
5729.5  1.002171
5732.1  0.9827611
5734.7  0.9729596
5737.3  0.9778911
5739.9  0.9961776
5742.5  0.9995495
5745.1  0.9934994
5747.7  0.9511316
5750.3  0.9381465
5752.9  0.9542437
5755.5  0.9442143
5758.1  0.9365892
5760.7  0.9121258
5763.3  0.9194411
5765.9  0.9087528
5768.5  0.907888
5771.1  0.9166865
5773.7  0.8478891
5776.3  0.7748924
5778.9  0.742551
5781.5  0.7074387
5784.1  0.7153311
5786.7  0.7299776
5789.3  0.7571206
5791.9  0.7519072
5794.5  0.7346181
5797.1  0.7271556
5799.7  0.7157159
5802.3  0.7443667
5804.9  0.7042663
5807.5  0.7051406
5810.1  0.7033937
5812.7  0.7197675
5815.3  0.7218013
5817.9  0.6998762
5820.5  0.7449371
5823.1  0.7205917
5825.7  0.7046868
5828.3  0.7100497
5830.9  0.7371212
5833.5  0.70736
5836.1  0.6830623
5838.7  0.6959798
5841.3  0.7057058
5843.9  0.7280326
5846.5  0.7276626
5849.1  0.7183248
5851.7  0.7564185
5854.3  0.7151934
5856.9  0.7123311
5859.5  0.7300786
5862.1  0.7665638
5864.7  0.8023273
5867.3  0.8389605
5869.9  0.8249713
5872.5  0.8237032
5875.1  0.8210319
5877.7  0.8617896
5880.3  0.8638864
5882.9  0.866927
5885.5  0.8028628
5888.1  0.7494291
5890.7  0.7075276
5893.3  0.6778408
5895.9  0.6814432
5898.5  0.7417645
5901.1  0.7896224
5903.7  0.8349152
5906.3  0.8470128
5908.9  0.8402579
5911.5  0.837693
5914.1  0.8236766
5916.7  0.8086906
5919.3  0.8072637
5921.9  0.8080465
5924.5  0.7985575
5927.1  0.7746586
5929.7  0.7788493
5932.3  0.7648156
5934.9  0.7653342
5937.5  0.7656677
5940.1  0.7646099
5942.7  0.7569838
5945.3  0.7478507
5947.9  0.7207215
5950.5  0.7451494
5953.1  0.7302148
5955.7  0.7412474
5958.3  0.7238101
5960.9  0.7334237
5963.5  0.7313933
5966.1  0.7219004
5968.7  0.753447
5971.3  0.7285731
5973.9  0.7428063
5976.5  0.7228257
5979.1  0.7061095
5981.7  0.7438558
5984.3  0.7557658
5986.9  0.7507369
5989.5  0.784532
5992.1  0.8190163
5994.7  0.8098574
5997.3  0.8105954
5999.9  0.8175393
6002.5  0.8331232
6005.1  0.8263541
6007.7  0.8217091
6010.3  0.8414225
6012.9  0.8704848
6015.5  0.8819633
6018.1  0.890695
6020.7  0.9261434
6023.3  0.9139301
6025.9  0.9436766
6028.5  0.9523824
6031.1  0.9862201
6033.7  0.9888804
6036.3  0.9665496
6038.9  1.016165
6041.5  0.9929657
6044.1  1.015924
6046.7  1.016908
6049.3  1.023132
6051.9  1.058283
6054.5  1.023839
6057.1  1.018151
6059.7  0.9951468
6062.3  0.9903203
6064.9  0.9886318
6067.5  0.9963864
6070.1  1.009792
6072.7  1.0406
6075.3  1.023207
6077.9  0.994583
6080.5  0.9553076
6083.1  0.9781238
6085.7  0.9701217
6088.3  0.9567447
6090.9  0.9396932
6093.5  0.9794344
6096.1  0.9881517
6098.7  0.9923674
6101.3  0.9474147
6103.9  0.9466769
6106.5  0.9687676
6109.1  0.9547906
6111.7  0.959094
6114.3  0.9737577
6116.9  0.9780068
6119.5  0.9638045
6122.1  0.969864
6124.7  0.984567
6127.3  0.9695554
6129.9  0.9854807
6132.5  0.9710819
6135.1  0.9229577
6137.7  0.9717823
6140.3  0.9949518
6142.9  0.9847652
6145.5  0.9993257
6148.1  0.9805852
6150.7  1.0061
6153.3  0.9796072
6155.9  0.9576594
6158.5  0.9537306
6161.1  0.9142686
6163.7  0.8975692
6166.3  0.8993071
6168.9  0.9097985
6171.5  0.9084471
6174.1  0.9038768
6176.7  0.8974469
6179.3  0.9211584
6181.9  0.9545277
6184.5  0.942497
6187.1  0.9265283
6189.7  0.91805
6192.3  0.9386706
6194.9  0.9691495
6197.5  0.9517312
6200.1  0.948261
6202.7  0.942404
6205.3  0.940995
6207.9  0.9578031
6210.5  0.9523131
6213.1  0.9503551
6215.7  0.9260741
6218.3  0.9444801
6220.9  0.9587306
6223.5  0.9733536
6226.1  0.9763427
6228.7  0.9374465
6231.3  0.9361391
6233.9  0.9590873
6236.5  0.9573498
6239.1  0.9448723
6241.7  0.9458282
6244.3  0.9589059
6246.9  0.9470154
6249.5  0.9466412
6252.1  0.9357392
6254.7  0.9160113
6257.3  0.9082299
6259.9  0.9326283
6262.5  0.9536138
6265.1  0.966451
6267.7  0.9569964
6270.3  0.9358892
6272.9  0.9125063
6275.5  0.9068789
6278.1  0.8480279
6280.7  0.7743726
6283.3  0.7488618
6285.9  0.7842128
6288.5  0.851257
6291.1  0.9141828
6293.7  0.9402802
6296.3  0.90618
6298.9  0.9072483
6301.5  0.8842248
6304.1  0.884851
6306.7  0.8757529
6309.3  0.8939025
6311.9  0.8907037
6314.5  0.8643258
6317.1  0.8405717
6319.7  0.8575084
6322.3  0.9052728
6324.9  0.9352189
6327.5  0.9379184
6330.1  0.9353057
6332.7  0.9123296
6335.3  0.8849584
6337.9  0.8702459
6340.5  0.8943223
6343.1  0.9147078
6345.7  0.904945
6348.3  0.9334901
6350.9  0.909498
6353.5  0.9009843
6356.1  0.8867792
6358.7  0.8881425
6361.3  0.8760664
6363.9  0.89633
6366.5  0.9030662
6369.1  0.914073
6371.7  0.9200935
6374.3  0.9611164
6376.9  0.9691034
6379.5  0.9573379
6382.1  0.9735004
6384.7  0.9748757
6387.3  0.9823433
6389.9  0.9762263
6392.5  0.9630053
6395.1  0.9830126
6397.7  0.9953352
6400.3  0.9515196
6402.9  0.9893711
6405.5  1.000096
6408.1  0.9518343
6410.7  0.9797539
6413.3  0.9485224
6415.9  1.004681
6418.5  0.993292
6421.1  0.9731467
6423.7  1.001821
6426.3  1.009343
6428.9  0.9965718
6431.5  0.9800771
6434.1  0.98074
6436.7  0.9388609
6439.3  0.9815573
6441.9  0.986424
6444.5  0.9971656
6447.1  0.9874281
6449.7  0.9480183
6452.3  0.9426352
6454.9  0.934449
6457.5  0.9775525
6460.1  0.9327813
6462.7  0.9745052
6465.3  0.9644822
6467.9  0.9497883
6470.5  0.949958
6473.1  0.9474273
6475.7  0.9368121
6478.3  0.9507145
6480.9  0.9651393
6483.5  0.9701786
6486.1  0.9759358
6488.7  0.9535318
6491.3  0.8990795
6493.9  0.88968
6496.5  0.8920305
6499.1  0.9025898
6501.7  0.9653109
6504.3  0.990913
6506.9  1.019517
6509.5  1.031013
6512.1  1.01733
6514.7  0.9728357
6517.3  0.9794459
6519.9  0.9648671
6522.5  0.9602938
6525.1  0.9689797
6527.7  0.9719925
6530.3  0.9359224
6532.9  0.9495893
6535.5  0.9884942
6538.1  0.9925585
6540.7  1.0091
6543.3  1.012006
6545.9  1.008197
6548.5  0.9828061
6551.1  0.9772975
6553.7  0.9786707
6556.3  0.9860097
6558.9  0.9177303
6561.5  0.8522836
6564.1  0.8527848
6566.7  0.9149774
6569.3  0.9759047
6571.9  1.003979
6574.5  1.025995
6577.1  0.999255
6579.7  1.027255
6582.3  1.051835
6584.9  1.042431
6587.5  1.044623
6590.1  0.9964508
6592.7  1.000866
6595.3  0.9936369
6597.9  1.009643
6600.5  1.047071
6603.1  1.040517
6605.7  1.03886
6608.3  0.9873562
6610.9  0.9734777
6613.5  0.9800567
6616.1  1.030975
6618.7  1.017233
6621.3  1.064327
6623.9  1.057297
6626.5  1.050621
6629.1  1.044168
6631.7  1.028305
6634.3  1.010959
6636.9  1.037971
6639.5  1.03221
6642.1  1.049891
6644.7  1.030109
6647.3  1.012776
6649.9  1.058007
6652.5  1.053675
6655.1  1.061095
6657.7  1.053415
6660.3  1.032413
6662.9  0.9853095
6665.5  1.069618
6668.1  1.059489
6670.7  1.067725
6673.3  1.040612
6675.9  1.016031
6678.5  1.024332
6681.1  1.056859
6683.7  1.079973
6686.3  1.106515
6688.9  1.085314
6691.5  1.047374
6694.1  1.055456
6696.7  1.069399
6699.3  1.056423
6701.9  1.063625
6704.5  1.061632
6707.1  1.064679
6709.7  1.087348
6712.3  1.08154
6714.9  1.037838
6717.5  1.01902
6720.1  1.030164
6722.7  1.075281
6725.3  1.064762
6727.9  1.068095
6730.5  1.072024
6733.1  1.082302
6735.7  1.088863
6738.3  1.028798
6740.9  1.072631
6743.5  1.039544
6746.1  1.072971
6748.7  1.018055
6751.3  1.036192
6753.9  1.046479
6756.5  1.10925
6759.1  1.058922
6761.7  1.107713
6764.3  1.104849
6766.9  1.038463
6769.5  1.056337
6772.1  1.039229
6774.7  1.087819
6777.3  1.049606
6779.9  1.095989
6782.5  1.09986
6785.1  1.042746
6787.7  1.082707
6790.3  1.087423
6792.9  1.097766
6795.5  1.057796
6798.1  1.064559
6800.7  1.064677
6803.3  1.0623
6805.9  1.054349
6808.5  1.044981
6811.1  1.058316
6813.7  1.052357
6816.3  1.039439
6818.9  1.097618
6821.5  1.0716
6824.1  1.066427
6826.7  1.112297
6829.3  1.100132
6831.9  1.08417
6834.5  1.104406
6837.1  1.074566
6839.7  1.026881
6842.3  1.035578
6844.9  1.062183
6847.5  1.040518
6850.1  1.047498
6852.7  1.0658
6855.3  1.065125
6857.9  1.032509
6860.5  1.027224
6863.1  0.9659035
6865.7  0.9004274
6868.3  0.8455811
6870.9  0.838571
6873.5  0.8574849
6876.1  0.8768303
6878.7  0.9310304
6881.3  0.961131
6883.9  0.9651694
6886.5  0.9524872
6889.1  1.007536
6891.7  0.9879994
6894.3  0.9872607
6896.9  0.9949425
6899.5  0.9737213
6902.1  1.037637
6904.7  0.9911127
6907.3  0.9919846
6909.9  0.9900355
6912.5  0.9965611
6915.1  1.026271
6917.7  1.054785
6920.3  1.023449
6922.9  1.021618
6925.5  1.046733
6928.1  1.035409
6930.7  0.9922659
6933.3  1.039192
6935.9  1.007706
6938.5  1.003678
6941.1  0.9988164
6943.7  1.045452
6946.3  1.003956
6948.9  1.00659
6951.5  1.04679
6954.1  1.056743
6956.7  1.032351
6959.3  1.059032
6961.9  1.055467
6964.5  1.053234
6967.1  1.075727
6969.7  1.08458
6972.3  1.067976
6974.9  1.048271
6977.5  1.035349
6980.1  1.042858
6982.7  1.06481
6985.3  1.067576
6987.9  1.077698
6990.5  1.075561
6993.1  1.070614
6995.7  1.051167
6998.3  1.06338
7000.9  1.050358
7003.5  1.045379
7006.1  1.06115
7008.7  1.055537
7011.3  1.043299
7013.9  1.028016
7016.5  1.041216
7019.1  1.050599
7021.7  1.022761
7024.3  1.0367
7026.9  1.049084
7029.5  1.057318
7032.1  1.059323
7034.7  1.057258
7037.3  1.07142
7039.9  1.069119
7042.5  1.068102
7045.1  1.072124
7047.7  1.064076
7050.3  1.050763
7052.9  1.064534
7055.5  1.054134
7058.1  1.041793
7060.7  1.059538
7063.3  1.057928
7065.9  1.049429
7068.5  1.072037
7071.1  1.069145
7073.7  1.059695
7076.3  1.065829
7078.9  1.062565
7081.5  1.055921
7084.1  1.049383
7086.7  1.045462
7089.3  1.060713
7091.9  1.065348
7094.5  1.0699
7097.1  1.075991
7099.7  1.072737
7102.3  1.07071
7104.9  1.050754
7107.5  1.049705
7110.1  1.044849
7112.7  1.06564
7115.3  1.045153
7117.9  1.04931
7120.5  1.05443
7123.1  1.061211
7125.7  1.045403
7128.3  1.064766
7130.9  1.025172
7133.5  1.048533
7136.1  1.057909
7138.7  1.047847
7141.3  1.050116
7143.9  1.045576
7146.5  1.048563
7149.1  1.038289
7151.7  1.06495
7154.3  1.049057
7156.9  1.043868
7159.5  1.048661
7162.1  1.052316
7164.7  1.02301
7167.3  1.017693
7169.9  1.016203
7172.5  1.019984
7175.1  0.9909545
7177.7  0.9851421
7180.3  0.9643241
7182.9  0.939263
7185.5  0.927175
7188.1  0.9178292
7190.7  0.9316885
7193.3  0.968641
7195.9  0.9697248
7198.5  0.9913974
7201.1  1.009205
7203.7  0.9526155
7206.3  0.9955658
7208.9  1.007164
7211.5  1.028
7214.1  1.026959
7216.7  1.027167
7219.3  1.005571
7221.9  0.9821587
7224.5  0.9882187
7227.1  0.9973029
7229.7  1.009505
7232.3  1.005969
7234.9  1.005539
7237.5  1.004579
7240.1  1.005641
7242.7  1.004695
7245.3  1.005967
7247.9  1.015209
7250.5  1.008536
7253.1  1.0012
7255.7  1.008335
7258.3  1.003951
7260.9  0.9862198
7263.5  0.9886068
7266.1  1.011889
7268.7  1.01231
7271.3  0.9925377
7273.9  1.00023
7276.5  0.9850644
7279.1  0.9962378
7281.7  1.007737
7284.3  1.002177
7286.9  0.9691411
7289.5  0.9545196
7292.1  0.9718536
7294.7  0.9988874
7297.3  1.00295
7299.9  1.008377
7302.5  0.9970759
7305.1  0.983438
7307.7  0.9975615
7310.3  0.9864829
7312.9  0.9953046
7315.5  0.9849735
7318.1  1.010297
7320.7  1.025045
7323.3  1.01008
7325.9  1.011947
7328.5  1.026889
7331.1  1.008136
7333.7  1.003498
7336.3  1.030819
7338.9  1.04662
7341.5  1.004848
7344.1  0.9976745
7346.7  1.017242
7349.3  1.007981
7351.9  1.001947
7354.5  1.003526
7357.1  1.009811
7359.7  1.00567
7362.3  0.9924306
7364.9  1.023059
7367.5  1.021427
7370.1  1.019339
7372.7  1.041368
7375.3  1.0509
7377.9  1.027125
7380.5  1.014688
7383.1  1.007482
7385.7  0.99782
7388.3  0.9935079
7390.9  1.000742
7393.5  0.9974031
7396.1  1.020437
7398.7  1.009772
7401.3  1.022976
7403.9  0.9972661
7406.5  1.006345
7409.1  1.013772
7411.7  0.9852929
7414.3  0.990712
7416.9  0.9886115
7419.5  0.9828628
7422.1  0.9869186
7424.7  0.9893706
7427.3  0.9961843
7429.9  1.00431
7432.5  0.9892777
7435.1  0.9896039
7437.7  1.008279
7440.3  1.013376
7442.9  1.01358
7445.5  1.002159
7448.1  1.039558
7450.7  1.053935
7453.3  1.004232
7455.9  1.04578
7458.5  1.037607
7461.1  1.019821
7463.7  1.006712
7466.3  1.034042
7468.9  1.04976
7471.5  1.043591
7474.1  1.030465
7476.7  0.9744508
7479.3  1.030025
7481.9  1.044276
7484.5  1.053358
7487.1  1.034373
7489.7  1.022951
7492.3  1.025824
7494.9  1.002248
7497.5  1.0423
7500.1  1.046404
7502.7  1.052498
7505.3  0.9763209
7507.9  0.9802045
7510.5  1.020403
7513.1  1.025911
7515.7  1.053225
7518.3  1.032505
7520.9  1.034305
7523.5  1.028863
7526.1  1.032883
7528.7  1.024205
7531.3  1.030145
7533.9  1.03449
7536.5  1.040281
7539.1  1.035727
7541.7  1.034253
7544.3  0.9725442
7546.9  1.032025
7549.5  1.022373
7552.1  0.9907221
7554.7  0.9999529
7557.3  0.9898996
7559.9  0.9834195
7562.5  1.028151
7565.1  0.9889507
7567.7  1.00568
7570.3  0.9783993
7572.9  1.022384
7575.5  0.9690997
7578.1  0.9899611
7580.7  1.020164
7583.3  0.9612882
7585.9  0.9743516
7588.5  0.9682361
7591.1  0.8459709
7593.7  0.7477515
7596.3  0.5626131
7598.9  0.4348925
7601.5  0.3533604
7604.1  0.2987323
7606.7  0.3153131
7609.3  0.384402
7611.9  0.4980237
7614.5  0.6359884
7617.1  0.695464
7619.7  0.6756688
7622.3  0.7051435
7624.9  0.6418996
7627.5  0.5360139
7630.1  0.5379761
7632.7  0.5589299
7635.3  0.5806121
7637.9  0.59891
7640.5  0.6229189
7643.1  0.6512576
7645.7  0.6808546
7648.3  0.7124655
7650.9  0.7274895
7653.5  0.7533708
7656.1  0.7735914
7658.7  0.7869058
7661.3  0.7781007
7663.9  0.802362
7666.5  0.8281693
7669.1  0.8685379
7671.7  0.8984328
7674.3  0.9329848
7676.9  0.9355901
7679.5  0.9375889
7682.1  0.9398828
7684.7  0.9386961
7687.3  0.9457295
7689.9  0.942404
7692.5  0.9447311
7695.1  0.908977
7697.7  0.9200906
7700.3  0.9406483
7702.9  0.955484
7705.5  0.9503856
7708.1  0.9357044
7710.7  0.9315982
7713.3  0.9236295
7715.9  0.9351598
7718.5  0.9418591
7721.1  0.9349297
7723.7  0.9695304
7726.3  0.9506837
7728.9  0.94309
7731.5  0.9575924
7734.1  0.9815443
7736.7  0.9973677
7739.3  0.9608968
7741.9  0.9570079
7744.5  0.9455152
7747.1  0.9456545
7749.7  0.9618887
7752.3  0.9765563
7754.9  0.9876747
7757.5  1.000886
7760.1  1.006495
7762.7  1.006854
7765.3  1.004442
7767.9  0.9949683
7770.5  0.995953
7773.1  0.9996862
7775.7  0.9930723
7778.3  0.9571514
7780.9  0.9858918
7783.5  1.000291
7786.1  0.9902441
7788.7  1.005306
7791.3  1.020221
7793.9  1.022741
7796.5  1.008315
7799.1  1.01278
7801.7  1.031302
7804.3  1.046352
7806.9  1.029875
7809.5  1.023873
7812.1  1.036784
7814.7  1.055745
7817.3  1.051371
7819.9  1.038832
7822.5  1.044419
7825.1  1.034097
7827.7  1.021084
7830.3  1.014024
7832.9  1.000265
7835.5  1.004738
7838.1  1.012018
7840.7  1.012755
7843.3  1.019448
7845.9  1.039244
7848.5  1.037802
7851.1  1.031396
7853.7  1.029726
7856.3  1.037214
7858.9  1.04106
7861.5  1.043251
7864.1  1.040379
7866.7  1.033722
7869.3  1.039245
7871.9  1.024676
7874.5  1.020952
7877.1  1.021316
7879.7  1.018992
7882.3  1.02206
7884.9  1.008466
7887.5  1.016221
7890.1  0.9990178
7892.7  0.9952011
7895.3  1.00403
7897.9  1.00354
7900.5  1.004868
7903.1  1.008554
7905.7  0.998233
7908.3  0.9454614
7910.9  0.9601975
7913.5  0.9569738
7916.1  0.9765742
7918.7  0.9666605
7921.3  0.9464217
7923.9  0.9562923
7926.5  0.9417673
7929.1  0.9479109
7931.7  0.9395729
7934.3  0.9502978
7936.9  0.9513665
7939.5  0.9397996
7942.1  0.9370595
7944.7  0.9435258
7947.3  0.965139
7949.9  0.9879566
7952.5  0.9934999
7955.1  0.978986
7957.7  0.9683051
7960.3  0.9946191
7962.9  1.006918
7965.5  0.9966875
7968.1  1.014533
7970.7  1.006309
7973.3  1.009921
7975.9  1.003339
7978.5  1.001591
7981.1  1.001592
7983.7  1.010803
7986.3  1.003286
7988.9  1.004247
7991.5  0.9901301
7994.1  0.9615216
7996.7  0.9626565
7999.3  1.003152
8001.9  0.9916247
8004.5  0.9678953
8007.1  0.9947187
8009.7  0.9990502
8012.3  1.017397
8014.9  1.016574
8017.5  1.025072
8020.1  1.010377
8022.7  1.010451
8025.3  0.9515798
8027.9  0.9899091
8030.5  0.990883
8033.1  1.020297
8035.7  1.033403
8038.3  1.011281
8040.9  0.9637932
8043.5  0.9778458
8046.1  0.9833961
8048.7  0.9649079
8051.3  1.000042
8053.9  1.017504
8056.5  1.019333
8059.1  1.014956
8061.7  1.00853
8064.3  1.003313
8066.9  1.001497
8069.5  0.9874408
8072.1  0.970965
8074.7  0.9650365
8077.3  0.9722909
8079.9  0.9821692
8082.5  0.9593298
8085.1  0.9560832
8087.7  0.9576935
8090.3  0.9596224
8092.9  0.932024
8095.5  0.9544626
8098.1  0.9675322
8100.7  0.9493464
8103.3  0.9623395
8105.9  0.9552531
8108.5  0.9703963
8111.1  0.955107
8113.7  0.9565504
8116.3  0.9486393
8118.9  0.9485431
8121.5  0.9618578
8124.1  0.9433779
8126.7  0.9571292
8129.3  0.9538075
8131.9  0.9502594
8134.5  0.936966
8137.1  0.9301137
8139.7  0.9431456
8142.3  0.9342362
8144.9  0.9141428
8147.5  0.9405397
8150.1  0.9264745
8152.7  0.9310466
8155.3  0.9273032
8157.9  0.874223
8160.5  0.8995265
8163.1  0.8859683
8165.7  0.8743295
8168.3  0.8911163
8170.9  0.9086839
8173.5  0.8984702
8176.1  0.8850464
8178.7  0.9223433
8181.3  0.8866827
8183.9  0.887473
8186.5  0.8987959
8189.1  0.8956466
8191.7  0.8771415
8194.3  0.8854122
8196.9  0.8847343
8199.5  0.9233325
8202.1  0.9377809
8204.7  0.9531583
8207.3  0.9595687
8209.9  0.9450483
8212.5  0.9416575
8215.1  0.9450393
8217.7  0.948265
8220.3  0.9488965
8222.9  0.9157079
8225.5  0.8442679
8228.1  0.8334931
8230.7  0.8541317
8233.3  0.8965041
8235.9  0.9558262
8238.5  0.9609889
8241.1  0.960822
8243.7  0.9525175
8246.3  0.9574123
8248.9  0.9674189
8251.5  0.9600437
8254.1  0.9626714
8256.7  0.9588456
8259.3  0.9789671
8261.9  0.9691032
8264.5  0.9714774
8267.1  0.9873141
8269.7  0.9537307
8272.3  0.9439219
8274.9  0.9364852
8277.5  0.9419022
8280.1  0.9452006
8282.7  0.937583
8285.3  0.9275977
8287.9  0.9363531
8290.5  0.9360171
8293.1  0.9430518
8295.7  0.9465324
8298.3  0.9437221
8300.9  0.9487728
8303.5  0.9370681
8306.1  0.9420193
8308.7  0.9478304
8311.3  0.9558301
8313.9  0.9502738
8316.5  0.9355267
8319.1  0.9326153
8321.7  0.9405088
8324.3  0.9074115
8326.9  0.9011919
8329.5  0.9048832
8332.1  0.9124316
8334.7  0.8973426
8337.3  0.9098126
8339.9  0.9215329
8342.5  0.9367963
8345.1  0.9324063
8347.7  0.9276782
8350.3  0.9436839
8352.9  0.9613412
8355.5  0.9467852
8358.1  0.9519013
8360.7  0.9541013
8363.3  0.9510423
8365.9  0.945618
8368.5  0.9677171
8371.1  0.9461388
8373.7  0.9517694
8376.3  0.9552301
8378.9  0.9416236
8381.5  0.9378889
8384.1  0.9321936
8386.7  0.9304531
8389.3  0.9510981
8391.9  0.963418
8394.5  0.9533899
8397.1  0.9460201
8399.7  0.9529009
8402.3  0.9517082
8404.9  0.9561574
8407.5  0.9729811
8410.1  0.9681059
8412.7  0.9660202
8415.3  0.9568175
8417.9  0.9612663
8420.5  0.9563373
8423.1  0.9542484
8425.7  0.9442746
8428.3  0.9550457
8430.9  0.9467927
8433.5  0.9437875
8436.1  0.9638274
8438.7  0.954529
8441.3  0.9631734
8443.9  0.9890732
8446.5  1.0012
8449.1  1.01658
8451.7  1.013335
8454.3  1.001425
8456.9  0.9835188
8459.5  0.9830696
8462.1  0.9940071
8464.7  0.9752796
8467.3  0.9692867
8469.9  0.9790555
8472.5  1.026605
8475.1  0.9828668
8477.7  0.9927532
8480.3  0.9944474
8482.9  1.002622
8485.5  1.002271
8488.1  1.009692
8490.7  0.992402
8493.3  0.9465882
8495.9  0.8654402
8498.5  0.8666039
8501.1  0.8995595
8503.7  0.9639009
8506.3  1.009059
8508.9  1.010356
8511.5  0.9800637
8514.1  0.9777289
8516.7  0.9975162
8519.3  1.010436
8521.9  0.9896118
8524.5  0.9881039
8527.1  0.9853424
8529.7  0.9800957
8532.3  0.9730729
8534.9  0.9567589
8537.5  0.7984129
8540.1  0.6982092
8542.7  0.7154281
8545.3  0.7946861
8547.9  0.8906489
8550.5  0.9581127
8553.1  0.9695525
8555.7  0.9826182
8558.3  0.9858157
8560.9  0.9856231
8563.5  0.9860258
8566.1  0.9759762
8568.7  0.9806838
8571.3  0.9880801
8573.9  0.9856576
8576.5  0.9863874
8579.1  1.000086
8581.7  0.9909126
8584.3  0.9907683
8586.9  0.9972914
8589.5  0.9854203
8592.1  0.9643562
8594.7  0.9716613
8597.3  0.995995
8599.9  0.9994923
8602.5  0.9984121
8605.1  1.00812
8607.7  0.9988035
8610.3  0.9788884
8612.9  0.9566191
8615.5  0.9431399
8618.1  0.9195102
8620.7  0.9239764
8623.3  0.9495258
8625.9  0.9685099
8628.5  0.9843598
8631.1  0.9789023
8633.7  0.9738947
8636.3  0.9694956
8638.9  0.9657857
8641.5  0.9691899
8644.1  0.9802812
8646.7  0.9788514
8649.3  0.9720633
8651.9  0.9729451
8654.5  0.96734
8657.1  0.8606227
8659.7  0.7427937
8662.3  0.7498698
8664.9  0.8387191
8667.5  0.9299335
8670.1  0.9889073
8672.7  0.9953602
8675.3  0.9942508
8677.9  0.9941311
8680.5  0.986511
8683.1  0.9952366
8685.7  0.9872491
8688.3  0.995347
8690.9  1.006837
8693.5  1.04537
8696.1  1.042988
8698.7  1.045506
8701.3  1.053218
8703.9  1.051777
8706.5  1.037911
8709.1  1.011631
8711.7  1.008147
8714.3  1.034827
8716.9  1.066242
8719.5  1.080494
8722.1  1.085865
8724.7  1.07183
8727.3  1.06578
8729.9  1.057631
8732.5  1.021461
8735.1  1.041628
8737.7  1.064029
8740.3  1.072522
8742.9  1.081683
8745.5  1.02135
8748.1  1.009989
8750.7  1.053731
8753.3  1.05374
8755.9  1.045943
8758.5  1.053198
8761.1  1.058551
8763.7  1.069953
8766.3  1.083811
8768.9  1.074695
8771.5  1.066987
8774.1  1.044273
8776.7  1.039247
8779.3  1.053674
8781.9  1.073093
8784.5  1.093689
8787.1  1.074555
8789.7  1.061295
8792.3  1.03955
8794.9  1.049998
8797.5  1.058901
8800.1  1.040162
8802.7  1.005226
8805.3  1.001018
8807.9  1.001446
8810.5  1.054103
8813.1  1.070019
8815.7  1.061304
8818.3  1.04415
8820.9  1.031559
8823.5  1.033657
8826.1  1.069644
8828.7  1.083244
8831.3  1.082062
8833.9  1.058202
8836.5  1.047223
8839.1  1.019181
8841.7  1.047565
8844.3  1.02027
8846.9  1.062634
8849.5  1.078865
8852.1  1.081255
8854.7  1.068894
8857.3  1.029441
8859.9  1.027541
8862.5  1.002149
8865.1  0.9948704
8867.7  1.000357
8870.3  1.028016
8872.9  1.020829
8875.5  1.035754
8878.1  1.014076
8880.7  1.05136
8883.3  1.04988
8885.9  1.053192
8888.5  1.03246
8891.1  1.013175
8893.7  1.052686
8896.3  1.061458
8898.9  1.013185
8901.5  1.013559
8904.1  1.051109
8906.7  1.040413
8909.3  1.011544
8911.9  1.024432
8914.5  1.022752
8917.1  1.052063
8919.7  1.063208
8922.3  0.9800538
8924.9  1.000885
8927.5  1.016021
8930.1  1.025522
8932.7  1.011875
8935.3  1.01888
8937.9  1.024731
8940.5  1.018077
8943.1  1.014728
8945.7  1.005175
8948.3  1.000333
8950.9  1.009674
8953.5  1.005159
8956.1  0.9826895
8958.7  0.9536231
8961.3  0.9518893
8963.9  0.9612677
8966.5  0.9642943
8969.1  0.9571762
8971.7  0.9567396
8974.3  0.9372562
8976.9  0.9281984
8979.5  0.9517202
8982.1  0.9358074
8984.7  0.8845369
8987.3  0.8661059
8989.9  0.8869554
8992.5  0.9421446
8995.1  0.9504541
8997.7  0.9235799
9000.3  0.9159533
9002.9  0.9189012
9005.5  0.915401
9008.1  0.9120139
9010.7  0.9006344
9013.3  0.8960077
9015.9  0.9153101
9018.5  0.9143867
9021.1  0.9037432
9023.7  0.9195225
9026.3  0.9369454
9028.9  0.9682149
9031.5  1.031538
9034.1  1.026718
9036.7  1.037544
9039.3  1.024973
9041.9  1.026443
9044.5  1.032953
9047.1  0.9996115
9049.7  1.003223
9052.3  0.9922669
9054.9  0.9967673
9057.5  0.9480922
9060.1  0.9527402
9062.7  0.9706623
9065.3  0.9509496
9067.9  0.9357656
9070.5  0.9323071
9073.1  0.9303855
9075.7  0.8864609
9078.3  0.8877998
9080.9  0.8934684
9083.5  0.8739232
9086.1  0.866491
9088.7  0.8938446
9091.3  0.9182727
9093.9  0.9411041
9096.5  0.9082494
9099.1  0.9036328
9101.7  0.8853633
9104.3  0.8693044
9106.9  0.891912
9109.5  0.9139577
9112.1  0.915213
9114.7  0.9078727
9117.3  0.9038233
9119.9  0.9409177
9122.5  0.9371924
9125.1  0.8974126
9127.7  0.8795506
9130.3  0.9850062
9132.9  0.8213007
9135.5  0.8486329
9138.1  0.877956
9140.7  0.8988513
9143.3  0.9151092
9145.9  0.8959872
9148.5  0.8543529
9151.1  0.800814
9153.7  0.8009704
9156.3  0.820401
9158.9  0.8596509
9161.5  0.8907884
9164.1  0.8986107
9166.7  0.8784482
9169.3  0.8274401
9171.9  0.7943759
9174.5  0.8082367
9177.1  0.832544
9179.7  0.8435636
9182.3  0.8461714
9184.9  0.8632706
9187.5  0.8684663
9190.1  0.8640006
9192.7  0.8712434
9195.3  0.879436
9197.9  0.9103296
9200.5  0.9188628
9203.1  0.9001937
9205.7  0.8821752
9208.3  0.8527495
9210.9  0.8250851
9213.5  0.8314548
9216.1  0.8542824
9218.7  0.8856042
9221.3  0.900764
9223.9  0.8997238
9226.5  0.8921853
9229.1  0.8781745
9231.7  0.8620453
9234.3  0.8545125
9236.9  0.854624
9239.5  0.8591359
9242.1  0.8770155
9244.7  0.8917236
9247.3  0.8837186
9249.9  0.8909435
9252.5  0.8873079
9255.1  0.856083
9257.7  0.8539604
9260.3  0.8667936
9262.9  0.876642
9265.5  0.8864127
9268.1  0.8958244
9270.7  0.9030596
9273.3  0.8926949
9275.9  0.8577346
9278.5  0.8412619
9281.1  0.814957
9283.7  0.7930856
9286.3  0.7976655
9288.9  0.7864147
9291.5  0.7783396
9294.1  0.7617887
9296.7  0.7520065
9299.3  0.7655488
9301.9  0.7561402
9304.5  0.710568
9307.1  0.8069983
9309.7  0.6764268
9312.3  0.6769574
9314.9  0.6706736
9317.5  0.6234617
9320.1  0.5684343
9322.7  0.5799034
9325.3  0.616207
9327.9  0.6147147
9330.5  0.5580206
9333.1  0.5786965
9335.7  0.5885916
9338.3  0.5019628
9340.9  0.4477454
9343.5  0.4961281
9346.1  0.6296996
9348.7  0.5820904
9351.3  0.599323
9353.9  0.5323318
9356.5  0.5103027
9359.1  0.5499681
9361.7  0.5606155
9364.3  0.5998416
9366.9  0.5339508
9369.5  0.5245788
9372.1  0.5569866
9374.7  0.5405835
9377.3  0.5897926
9379.9  0.5547936
9382.5  0.5776069
9385.1  0.6005394
9387.7  0.6941997
9390.3  0.7238796
9392.9  0.7248119
9395.5  0.7876766
9398.1  0.7656829
9400.7  0.6982477
9403.3  0.6916356
9405.9  0.672805
9408.5  0.6533691
9411.1  0.6333041
9413.7  0.6237854
9416.3  0.6343747
9418.9  0.6596869
9421.5  0.6256425
9424.1  0.5744346
9426.7  0.5794114
9429.3  0.6122859
9431.9  0.6476704
9434.5  0.5942053
9437.1  0.5269608
9439.7  0.518137
9442.3  0.52538
9444.9  0.5893452
9447.5  0.6117285
9450.1  0.6104686
9452.7  0.6092994
9455.3  0.5791798
9457.9  0.5815264
9460.5  0.5991855
9463.1  0.6159138
9465.7  0.6092346
9468.3  0.6349267
9470.9  0.6179309
9473.5  0.6076331
9476.1  0.5838673
9478.7  0.5600507
9481.3  0.5850521
9483.9  0.6122305
9486.5  0.6542728
9489.1  0.6663439
9491.7  0.6107333
9494.3  0.5672709
9496.9  0.5086059
9499.5  0.5256135
9502.1  0.5861746
9504.7  0.6142076
9507.3  0.7011267
9509.9  0.7214444
9512.5  0.6446869
9515.1  0.6057231
9517.7  0.5765692
9520.3  0.5698206
9522.9  0.5827888
9525.5  0.5877723
9528.1  0.6345021
9530.7  0.6356847
9533.3  0.6277358
9535.9  0.6341709
9538.5  0.633707
9541.1  0.5781205
9543.7  0.6058816
9546.3  0.6166934
9548.9  0.6151834
9551.5  0.6012026
9554.1  0.6260281
9556.7  0.6241997
9559.3  0.6213651
9561.9  0.5760552
9564.5  0.5817907
9567.1  0.5934621
9569.7  0.6293079
9572.3  0.6781216
9574.9  0.6742221
9577.5  0.6395393
9580.1  0.6468174
9582.7  0.643204
9585.3  0.589989
9587.9  0.5567118
9590.5  0.574395
9593.1  0.5822771
9595.7  0.6175387
9598.3  0.636866
9600.9  0.6337547
9603.5  0.6401001
9606.1  0.6816388
9608.7  0.7004126
9611.3  0.6953244
9613.9  0.6834181
9616.5  0.6393024
9619.1  0.6108906
9621.7  0.6009064
9624.3  0.6042646
9626.9  0.6474797
9629.5  0.6679168
9632.1  0.6260083
9634.7  0.6083645
9637.3  0.6458088
9639.9  0.6575859
9642.5  0.6350927
9645.1  0.6515898
9647.7  0.6710123
9650.3  0.6720133
9652.9  0.6570573
9655.5  0.6463963
9658.1  0.6069149
9660.7  0.6069406
9663.3  0.64423
9665.9  0.6639495
9668.5  0.7016722
9671.1  0.7152718
9673.7  0.7088105
9676.3  0.6928103
9678.9  0.6909354
9681.5  0.6888435
9684.1  0.6887304
9686.7  0.666721
9689.3  0.6925348
9691.9  0.7044781
9694.5  0.710951
9697.1  0.7111021
9699.7  0.6710022
9702.3  0.6964859
9704.9  0.7122937
9707.5  0.7187216
9710.1  0.7172564
9712.7  0.6894916
9715.3  0.6973069
9717.9  0.6602393
9720.5  0.641341
9723.1  0.6716931
9725.7  0.6273529
9728.3  0.6304877
9730.9  0.6815192
9733.5  0.6653673
9736.1  0.6646693
9738.7  0.6431363
9741.3  0.6360986
9743.9  0.6719187
9746.5  0.6557153
9749.1  0.6598796
9751.7  0.6465095
9754.3  0.6321514
9756.9  0.6265585
9759.5  0.5754269
9762.1  0.6464317
9764.7  0.6681538
9767.3  0.6377254
9769.9  0.6369862
9772.5  0.6850486
9775.1  0.6664587
9777.7  0.6304469
9780.3  0.6307861
9782.9  0.6247489
9785.5  0.6425436
9788.1  0.6544486
9790.7  0.6601462
9793.3  0.6076937
9795.9  0.5977
9798.5  0.6505402
9801.1  0.5820886
9803.7  0.6364286
9806.3  0.5980632
9808.9  0.6448175
9811.5  0.6484217
9814.1  0.6682305
9816.7  0.616415
9819.3  0.6191605
9821.9  0.5938944
9824.5  0.601791
9827.1  0.6607962
9829.7  0.6556621
9832.3  0.5679563
9834.9  0.645994
9837.5  0.6375607
9840.1  0.6427616
9842.7  0.6390764
9845.3  0.6418764
9847.9  0.6487297
9850.5  0.6554636
9853.1  0.5670387
9855.7  0.6732108
9858.3  0.6727245
9860.9  0.669693
9863.5  0.6557199
9866.1  0.6316177
9868.7  0.6271398
9871.3  0.6219934
9873.9  0.6119655
9876.5  0.6288733
9879.1  0.6518565
9881.7  0.6452892
9884.3  0.6279212
9886.9  0.6292617
9889.5  0.6447958
9892.1  0.6505251
9894.7  0.6362082
9897.3  0.6387753
9899.9  0.5276623
9902.5  0.6406136
9905.1  0.6327875
9907.7  0.621022
9910.3  0.606486
9912.9  0.6200894
9915.5  0.4844443
9918.1  0.4964798
9920.7  0.4891813
9923.3  0.6273059
9925.9  0.6233357
9928.5  0.635923
9931.1  0.6277723
9933.7  0.6398184
9936.3  0.5010675
9938.9  0.6076207
9941.5  0.4694147
9944.1  0.453145
9946.7  0.4523256
9949.3  0.5787378
9951.9  0.5827265
9954.5  0.437548
9957.1  0.5830994
9959.7  0.5755582
9962.3  0.6013836
9964.9  0.6109067
9967.5  0.4725496
9970.1  0.6138273
9972.7  0.4477001
9975.3  0.6025761
9977.9  0.601942
9980.5  0.5923286
9983.1  0.5686436
9985.7  0.5677982
9988.3  0.5621061
9990.9  0.5611391
9993.5  0.5528505
9996.1  0.5519816
9998.7  0.4181362
