3501.3  1.087542E-4
3503.9  -4.737959E-4
3506.5  0.001725908
3509.1  -3.417846E-4
3511.7  -2.443298E-4
3514.3  0.001030308
3516.9  4.632174E-4
3519.5  -0.00146886
3522.1  -3.355222E-4
3524.7  1.663221E-4
3527.3  -9.760705E-4
3529.9  7.988150E-4
3532.5  -0.002090301
3535.1  6.134148E-4
3537.7  7.580643E-5
3540.3  4.834763E-4
3542.9  1.854483E-5
3545.5  -0.001540933
3548.1  2.638183E-4
3550.7  -3.542773E-4
3553.3  5.581825E-4
3555.9  -7.762010E-6
3558.5  -5.189478E-4
3561.1  2.491749E-4
3563.7  -1.516076E-4
3566.3  -0.001268268
3568.9  -8.994793E-4
3571.5  -0.001069124
3574.1  6.588438E-4
3576.7  -0.001293881
3579.3  -6.929983E-4
3581.9  -0.001298662
3584.5  1.769252E-4
3587.1  -0.002182303
3589.7  -6.610241E-4
3592.3  9.883040E-4
3594.9  -4.667125E-4
3597.5  7.167922E-4
3600.1  2.953965E-4
3602.7  -0.004225899
3605.3  -6.039581E-4
3607.9  -6.389570E-4
3610.5  -3.214996E-4
3613.1  4.467073E-4
3615.7  -0.001146634
3618.3  2.717015E-5
3620.9  4.222938E-4
3623.5  -5.680159E-4
3626.1  2.869853E-4
3628.7  -2.653955E-4
3631.3  -0.002165848
3633.9  -6.060557E-4
3636.5  0.001731162
3639.1  -7.390095E-4
3641.7  -2.162870E-4
3644.3  -8.801988E-4
3646.9  3.646328E-4
3649.5  9.422682E-4
3652.1  -8.825900E-5
3654.7  -0.001528104
3657.3  5.778835E-5
3659.9  0.001101259
3662.5  -0.001123473
3665.1  -5.405243E-4
3667.7  -1.339740E-4
3670.3  1.070152E-4
3672.9  2.213657E-4
3675.5  -0.001076469
3678.1  -0.002319764
3680.7  -4.128381E-4
3683.3  1.472777E-4
3685.9  -0.001405466
3688.5  8.250345E-4
3691.1  0.001973519
3693.7  7.288430E-4
3696.3  -0.002475473
3698.9  -5.422144E-4
3701.5  7.520761E-4
3704.1  -0.001612706
3706.7  -0.003920988
3709.3  -0.001010515
3711.9  -0.001374249
3714.5  7.835093E-5
3717.1  -0.002182868
3719.7  -0.001667313
3722.3  9.445061E-4
3724.9  0.001454926
3727.5  -8.945535E-4
3730.1  -5.087659E-4
3732.7  -4.280429E-4
3735.3  -0.001477027
3737.9  -0.001134153
3740.5  -0.001610073
3743.1  0.00131578
3745.7  7.982259E-4
3748.3  -0.001816485
3750.9  8.127809E-4
3753.5  7.044401E-4
3756.1  -2.782230E-4
3758.7  -2.273575E-4
3761.3  8.797943E-4
3763.9  -0.001105984
3766.5  -7.635954E-4
3769.1  -0.002006538
3771.7  -0.001323843
3774.3  -0.001946741
3776.9  -8.846532E-4
3779.5  -5.402716E-4
3782.1  -0.003265806
3784.7  0.002450338
3787.3  -8.490004E-5
3789.9  0.001645822
3792.5  4.676796E-4
3795.1  -0.001438973
3797.7  -0.003114868
3800.3  9.240285E-4
3802.9  -9.441318E-4
3805.5  -0.00376997
3808.1  7.790658E-5
3810.7  0.001242435
3813.3  -9.936206E-4
3815.9  0.001624732
3818.5  1.425114E-4
3821.1  -0.001103247
3823.7  -7.067038E-4
3826.3  -0.002052263
3828.9  -0.003602507
3831.5  0.00127757
3834.1  -0.001265503
3836.7  -0.004027701
3839.3  0.001399714
3841.9  0.002814301
3844.5  -6.179578E-4
3847.1  -4.577134E-4
3849.7  -0.001872053
3852.3  -0.001595733
3854.9  -0.001197872
3857.5  -0.002154182
3860.1  0.001016422
3862.7  -0.003506676
3865.3  0.001592348
3867.9  -3.969378E-4
3870.5  -9.812645E-4
3873.1  -0.002790373
3875.7  -0.001909055
3878.3  -0.001729038
3880.9  -0.001024531
3883.5  -0.00125551
3886.1  -0.002249273
3888.7  -0.001270429
3891.3  -0.001699161
3893.9  -0.003154787
3896.5  -0.001215528
3899.1  1.744745E-4
3901.7  -1.274248E-4
3904.3  -0.003426046
3906.9  -7.852099E-4
3909.5  -0.002967644
3912.1  -8.078382E-4
3914.7  -2.668117E-4
3917.3  -0.002679889
3919.9  -0.003205848
3922.5  0.00151173
3925.1  -5.216481E-4
3927.7  -0.003332502
3930.3  -6.669118E-4
3932.9  -9.154352E-4
3935.5  5.903565E-4
3938.1  0.001093599
3940.7  -0.004371952
3943.3  0.0031706
3945.9  -0.001735804
3948.5  -0.001147333
3951.1  9.253612E-4
3953.7  -2.436846E-4
3956.3  0.002354567
3958.9  -6.655908E-4
3961.5  -0.005041997
3964.1  -0.004126934
3966.7  -0.003380681
3969.3  -0.001381918
3971.9  -2.253402E-4
3974.5  -0.002284915
3977.1  -0.003511078
3979.7  -9.976864E-4
3982.3  -0.004762583
3984.9  -0.004433073
3987.5  -0.002780405
3990.1  6.426442E-4
3992.7  -0.00456353
3995.3  -0.001490753
3997.9  -0.004146805
4000.5  -0.002863729
4003.1  7.549625E-4
4005.7  5.380782E-4
4008.3  -6.146262E-4
4010.9  0.001259864
4013.5  -0.001014373
4016.1  0.003425984
4018.7  2.047344E-4
4021.3  -0.001602338
4023.9  0.001615587
4026.5  -0.001864505
4029.1  -0.001727608
4031.7  -0.00298582
4034.3  0.001146925
4036.9  7.239950E-4
4039.5  8.318246E-4
4042.1  8.151923E-4
4044.7  -4.984579E-4
4047.3  -0.001201195
4049.9  -0.005411486
4052.5  0.001010902
4055.1  1.276563E-4
4057.7  -0.00311778
4060.3  -4.940809E-4
4062.9  -0.00307022
4065.5  -0.001438323
4068.1  -0.003453059
4070.7  -0.007456364
4073.3  -0.001560204
4075.9  -1.037726E-4
4078.5  -0.004784118
4081.1  -9.021020E-4
4083.7  0.00247401
4086.3  3.207350E-4
4088.9  3.851651E-4
4091.5  -0.001709124
4094.1  -7.030761E-4
4096.7  0.006009504
4099.3  -7.353806E-5
4101.9  5.619555E-4
4104.5  -0.002143047
4107.1  -0.002304701
4109.7  3.466225E-4
4112.3  0.002756616
4114.9  -0.006146856
4117.5  -0.00360801
4120.1  1.271347E-4
4122.7  -0.003521923
4125.3  -0.00213453
4127.9  -0.003485995
4130.5  -0.003002317
4133.1  -0.002928486
4135.7  0.001327868
4138.3  -0.001653271
4140.9  -0.002236742
4143.5  2.573591E-4
4146.1  -0.002617647
4148.7  0.003409037
4151.3  -0.006363927
4153.9  -0.001896978
4156.5  0.001257963
4159.1  -4.345587E-5
4161.7  -0.002427832
4164.3  -0.004703281
4166.9  -0.004828487
4169.5  5.847329E-4
4172.1  0.001613491
4174.7  0.002476408
4177.3  -0.003678939
4179.9  -0.004996808
4182.5  -0.003968965
4185.1  -0.001678081
4187.7  -0.004410484
4190.3  -0.008024454
4192.9  -0.005659084
4195.5  -8.210482E-4
4198.1  -0.001251758
4200.7  -0.001201882
4203.3  0.003126986
4205.9  -0.007233865
4208.5  -0.002199766
4211.1  -2.028153E-4
4213.7  -0.003049915
4216.3  8.815192E-4
4218.9  -9.576483E-4
4221.5  -0.007402381
4224.1  -0.002512227
4226.7  -0.001534559
4229.3  -0.01113859
4231.9  -0.01247622
4234.5  -0.006950515
4237.1  0.00306718
4239.7  8.406229E-4
4242.3  -4.995185E-4
4244.9  -0.002965007
4247.5  -0.007439538
4250.1  0.00233717
4252.7  -0.008250321
4255.3  -0.004007651
4257.9  -0.001342
4260.5  -0.003998077
4263.1  0.001734889
4265.7  0.005946422
4268.3  -0.005153881
4270.9  -0.005910395
4273.5  0.003942323
4276.1  -0.008490796
4278.7  -0.003046181
4281.3  -0.001811754
4283.9  -0.003382707
4286.5  -0.004226533
4289.1  7.113786E-4
4291.7  -9.695553E-4
4294.3  -0.007877207
4296.9  -3.626348E-4
4299.5  -0.0121106
4302.1  -0.003669291
4304.7  -0.01087836
4307.3  -0.008291962
4309.9  -0.009031259
4312.5  -0.006273162
4315.1  -0.00280904
4317.7  0.001726329
4320.3  -0.00563023
4322.9  -0.007685466
4325.5  0.00791048
4328.1  -0.002578295
4330.7  -0.003025257
4333.3  -0.001884447
4335.9  -0.005971867
4338.5  -0.002207063
4341.1  0.003302237
4343.7  0.009747206
4346.3  -0.008774074
4348.9  -6.455064E-4
4351.5  0.004744594
4354.1  0.00144294
4356.7  0.006192285
4359.3  -8.818713E-4
4361.9  -0.02187546
4364.5  0.007837203
4367.1  0.005962773
4369.7  0.007980902
4372.3  3.491480E-4
4374.9  -0.002659175
4377.5  -0.01540172
4380.1  0.002275255
4382.7  -0.01048797
4385.3  -0.002749836
4387.9  0.01080817
4390.5  -0.006106741
4393.1  -0.002437572
4395.7  -2.900320E-4
4398.3  3.723538E-5
4400.9  -1.790144E-4
4403.5  -0.009688299
4406.1  -0.001468569
4408.7  -0.009952581
4411.3  -0.01201876
4413.9  -0.03797074
4416.5  -0.007703325
4419.1  0.004674747
4421.7  -0.01279421
4424.3  -0.003855916
4426.9  -0.002426588
4429.5  -0.001533688
4432.1  -0.009626025
4434.7  -0.006924586
4437.3  -0.01762069
4439.9  -0.02437076
4442.5  -0.02777092
4445.1  -0.005474516
4447.7  0.001784739
4450.3  0.01201576
4452.9  0.003503035
4455.5  -0.01091733
4458.1  0.007558309
4460.7  0.0100705
4463.3  -0.03581497
4465.9  0.003296686
4468.5  -0.01909424
4471.1  -0.01240487
4473.7  0.002148932
4476.3  -0.008234188
4478.9  0.006631361
4481.5  0.003060266
4484.1  -0.01916264
4486.7  -0.004185294
4489.3  -5.618759E-4
4491.9  0.01920558
4494.5  -0.05645273
4497.1  -0.03047781
4499.7  -0.003147481
4502.3  -0.01790131
4504.9  -0.007337993
4507.5  -0.02012443
4510.1  -0.006901416
4512.7  -0.0278795
4515.3  -0.004565244
4517.9  -0.02443645
4520.5  0.001402962
4523.1  0.04311012
4525.7  0.02452479
4528.3  0.05453064
4530.9  -0.1247876
4533.5  0.02091395
4536.1  -0.01004303
4538.7  -0.03521262
4541.3  -0.01809194
4543.9  -0.01185902
4546.5  -0.05713668
4549.1  -0.08205818
4551.7  0.09125673
4554.3  -0.1492626
4556.9  0.1723143
4559.5  -0.2673346
4562.1  0.2019961
4564.7  -0.2853341
4567.3  -1.628601
4569.9  2.221586
4572.5  0.8744729
4575.1  0.5530398
4577.7  0.02214207
4580.3  0.06697731
4582.9  0.0240446
4585.5  0.02503355
4588.1  0.01040541
4590.7  0.01464232
4593.3  -0.007834471
4595.9  0.1295038
4598.5  -0.005666581
4601.1  0.03392599
4603.7  0.1002362
4606.3  -0.03003893
4608.9  0.1006626
4611.5  0.06035016
4614.1  0.02957809
4616.7  -0.04427959
4619.3  0.001984586
4621.9  0.03856481
4624.5  0.03536164
4627.1  -0.009393578
4629.7  0.04065133
4632.3  8.173148E-4
4634.9  -0.01300334
4637.5  0.01205545
4640.1  0.02871069
4642.7  0.02030827
4645.3  0.02903062
4647.9  0.01305343
4650.5  0.04412195
4653.1  0.03648701
4655.7  0.04143278
4658.3  0.002380141
4660.9  0.01791027
4663.5  0.03499433
4666.1  0.02623157
4668.7  0.0074558
4671.3  0.002959823
4673.9  -7.791474E-5
4676.5  0.01023518
4679.1  0.01944021
4681.7  0.006808788
4684.3  0.01482889
4686.9  -0.004454809
4689.5  0.003636169
4692.1  0.01305634
4694.7  -0.001770499
4697.3  0.01611928
4699.9  0.006463123
4702.5  0.007585204
4705.1  -1.481803E-4
4707.7  0.02945022
4710.3  0.02626152
4712.9  0.0326285
4715.5  0.042793
4718.1  0.01539538
4720.7  0.03351218
4723.3  0.02281792
4725.9  0.02528067
4728.5  0.02193719
4731.1  0.04181299
4733.7  0.05571244
4736.3  0.0245826
4738.9  0.0292984
4741.5  0.02379918
4744.1  0.07113501
4746.7  0.0511505
4749.3  0.05837476
4751.9  0.06331535
4754.5  0.0776309
4757.1  0.08678409
4759.7  0.07390083
4762.3  0.08677402
4764.9  0.1170815
4767.5  0.1302459
4770.1  0.1517516
4772.7  0.1386314
4775.3  0.1565899
4777.9  0.1638224
4780.5  0.222684
4783.1  0.2267746
4785.7  0.1805894
4788.3  0.1881341
4790.9  0.2075782
4793.5  0.2124229
4796.1  0.2578838
4798.7  0.2396562
4801.3  0.2118704
4803.9  0.2433731
4806.5  0.251478
4809.1  0.2728334
4811.7  0.2899137
4814.3  0.3000012
4816.9  0.2632691
4819.5  0.2500351
4822.1  0.31223
4824.7  0.3269407
4827.3  0.3421308
4829.9  0.3308143
4832.5  0.3517397
4835.1  0.3584519
4837.7  0.3781258
4840.3  0.3801277
4842.9  0.3976276
4845.5  0.3653478
4848.1  0.3264468
4850.7  0.3360743
4853.3  0.3166959
4855.9  0.2888727
4858.5  0.258323
4861.1  0.24321
4863.7  0.3225469
4866.3  0.3792337
4868.9  0.4220305
4871.5  0.4431676
4874.1  0.4456741
4876.7  0.4707662
4879.3  0.4918219
4881.9  0.5176113
4884.5  0.4666552
4887.1  0.5439754
4889.7  0.600612
4892.3  0.5735978
4894.9  0.5969329
4897.5  0.571957
4900.1  0.6150712
4902.7  0.6774465
4905.3  0.6042017
4907.9  0.7212521
4910.5  0.6859661
4913.1  0.7031809
4915.7  0.7628972
4918.3  0.7639777
4920.9  0.6982005
4923.5  0.7783318
4926.1  0.8331612
4928.7  0.8224375
4931.3  0.8180561
4933.9  0.8802463
4936.5  0.9171216
4939.1  0.907432
4941.7  0.9305972
4944.3  0.9809195
4946.9  0.9611734
4949.5  0.9752653
4952.1  0.9901919
4954.7  0.933971
4957.3  0.8613689
4959.9  0.9532644
4962.5  0.8884963
4965.1  0.8872278
4967.7  0.9634674
4970.3  0.8931543
4972.9  0.9290904
4975.5  0.8653379
4978.1  0.9643887
4980.7  0.8449872
4983.3  1.010329
4985.9  0.9814373
4988.5  0.9278807
4991.1  0.9924544
4993.7  1.048753
4996.3  1.037633
4998.9  1.018917
5001.5  0.9727275
5004.1  1.065334
5006.7  1.055199
5009.3  1.017367
5011.9  1.0141
5014.5  0.9957571
5017.1  0.999181
5019.7  1.06426
5022.3  1.101883
5024.9  1.03291
5027.5  1.032125
5030.1  1.083031
5032.7  1.007666
5035.3  0.9775394
5037.9  1.01245
5040.5  0.979702
5043.1  0.9560339
5045.7  0.8961977
5048.3  0.9567366
5050.9  0.964398
5053.5  1.014025
5056.1  0.9547323
5058.7  0.9482316
5061.3  0.9661501
5063.9  0.9968755
5066.5  1.00833
5069.1  1.041239
5071.7  0.9553108
5074.3  1.051632
5076.9  1.056488
5079.5  1.006295
5082.1  1.061738
5084.7  1.056179
5087.3  1.07547
5089.9  1.116588
5092.5  1.093476
5095.1  1.075545
5097.7  1.0812
5100.3  1.061912
5102.9  0.9868966
5105.5  1.108636
5108.1  1.124962
5110.7  1.083083
5113.3  1.13666
5115.9  1.092094
5118.5  1.020558
5121.1  1.038842
5123.7  1.049395
5126.3  1.060589
5128.9  1.085383
5131.5  1.085659
5134.1  0.9924285
5136.7  1.016086
5139.3  0.9875849
5141.9  0.9987231
5144.5  1.045033
5147.1  1.002608
5149.7  1.035037
5152.3  0.9962181
5154.9  1.123743
5157.5  1.092298
5160.1  1.032953
5162.7  1.034334
5165.3  0.9550973
5167.9  0.9936578
5170.5  1.044024
5173.1  0.998319
5175.7  1.05358
5178.3  1.082575
5180.9  1.091561
5183.5  1.086326
5186.1  1.071326
5188.7  1.096431
5191.3  1.068925
5193.9  1.06606
5196.5  1.055316
5199.1  1.057281
5201.7  1.072876
5204.3  1.022409
5206.9  1.049229
5209.5  1.008816
5212.1  1.005557
5214.7  1.04675
5217.3  1.054585
5219.9  1.065871
5222.5  1.018171
5225.1  0.9860789
5227.7  1.02367
5230.3  0.969476
5232.9  0.9955612
5235.5  0.9374732
5238.1  0.9741004
5240.7  1.064263
5243.3  1.020014
5245.9  1.00365
5248.5  1.060401
5251.1  1.085494
5253.7  1.139442
5256.3  1.133255
5258.9  1.069609
5261.5  1.067361
5264.1  1.063303
5266.7  1.018101
5269.3  1.019005
5271.9  1.019609
5274.5  0.9748925
5277.1  0.9869584
5279.7  1.022701
5282.3  1.036811
5284.9  1.03533
5287.5  1.007916
5290.1  1.045902
5292.7  1.092208
5295.3  1.019549
5297.9  1.019085
5300.5  1.019773
5303.1  1.02125
5305.7  1.012722
5308.3  1.01612
5310.9  0.9782592
5313.5  0.9851431
5316.1  0.9786034
5318.7  0.9740947
5321.3  0.9155222
5323.9  0.9295952
5326.5  0.920991
5329.1  0.9573228
5331.7  0.8996981
5334.3  0.9185956
5336.9  1.033993
5339.5  0.9925487
5342.1  0.9661476
5344.7  1.004741
5347.3  1.038756
5349.9  1.042768
5352.5  1.094985
5355.1  1.096812
5357.7  1.037167
5360.3  1.052543
5362.9  1.013442
5365.5  1.015235
5368.1  0.9775167
5370.7  1.023414
5373.3  1.040089
5375.9  1.020472
5378.5  1.041971
5381.1  1.021199
5383.7  1.096787
5386.3  1.036763
5388.9  0.9625636
5391.5  0.9774196
5394.1  1.042521
5396.7  1.007382
5399.3  0.9806902
5401.9  1.037227
5404.5  0.9657541
5407.1  0.9943627
5409.7  0.9818572
5412.3  0.9900946
5414.9  0.9663163
5417.5  1.020601
5420.1  0.9930059
5422.7  0.9444372
5425.3  0.9940856
5427.9  0.9692897
5430.5  0.9645057
5433.1  1.046535
5435.7  1.023757
5438.3  0.9942237
5440.9  0.9344946
5443.5  1.01313
5446.1  1.043722
5448.7  1.006997
5451.3  0.9926167
5453.9  1.04898
5456.5  0.9790982
5459.1  0.9363762
5461.7  0.9646567
5464.3  1.015566
5466.9  0.9830186
5469.5  0.9361273
5472.1  0.9172587
5474.7  0.9280031
5477.3  0.9666208
5479.9  0.9073989
5482.5  0.8981869
5485.1  0.9038553
5487.7  0.8882669
5490.3  0.8901154
5492.9  0.8842064
5495.5  0.8370331
5498.1  0.8649747
5500.7  0.8751459
5503.3  0.8417844
5505.9  0.8300817
5508.5  0.843742
5511.1  0.866224
5513.7  0.8788095
5516.3  0.8589153
5518.9  0.870445
5521.5  0.8744228
5524.1  0.8786883
5526.7  0.8845987
5529.3  0.8836793
5531.9  0.9036729
5534.5  0.9221594
5537.1  0.9209292
5539.7  0.9409774
5542.3  0.9352168
5544.9  0.9404375
5547.5  0.9439039
5550.1  0.973335
5552.7  0.9829124
5555.3  0.9430614
5557.9  1.003312
5560.5  0.9798763
5563.1  0.9724458
5565.7  0.998429
5568.3  1.01586
5570.9  1.156543
5573.5  1.131943
5576.1  1.003906
5578.7  0.9857388
5581.3  0.8768947
5583.9  0.7187023
5586.5  0.9195212
5589.1  0.9401592
5591.7  0.9493625
5594.3  0.9445919
5596.9  0.9101806
5599.5  0.9282152
5602.1  0.9522839
5604.7  0.9575021
5607.3  0.9453427
5609.9  0.9228091
5612.5  0.9293714
5615.1  0.9542801
5617.7  0.9394778
5620.3  0.9082243
5622.9  0.9125159
5625.5  0.9432516
5628.1  0.9063893
5630.7  0.9360226
5633.3  0.9361893
5635.9  0.9437055
5638.5  0.9473491
5641.1  0.9393331
5643.7  0.9768844
5646.3  0.9705949
5648.9  0.9605953
5651.5  0.9647893
5654.1  0.9688252
5656.7  0.9661247
5659.3  0.9624826
5661.9  0.9371656
5664.5  0.937498
5667.1  0.9714433
5669.7  0.9823084
5672.3  0.9829784
5674.9  0.9855337
5677.5  0.9824193
5680.1  0.9972624
5682.7  0.933248
5685.3  0.9408845
5687.9  0.9167928
5690.5  0.9117252
5693.1  0.9169657
5695.7  0.9304146
5698.3  0.9519994
5700.9  0.930735
5703.5  0.9377828
5706.1  0.9529118
5708.7  0.9526351
5711.3  0.9308174
5713.9  0.9209101
5716.5  0.9305836
5719.1  0.9356305
5721.7  0.9237156
5724.3  0.9297647
5726.9  0.9546473
5729.5  0.9571225
5732.1  0.9304005
5734.7  0.9233688
5737.3  0.9165466
5739.9  0.9336666
5742.5  0.9305561
5745.1  0.9212785
5747.7  0.9148853
5750.3  0.9195378
5752.9  0.8910419
5755.5  0.9029282
5758.1  0.8939544
5760.7  0.8835031
5763.3  0.879282
5765.9  0.8428804
5768.5  0.8696468
5771.1  0.823708
5773.7  0.8063891
5776.3  0.8001862
5778.9  0.807166
5781.5  0.7591172
5784.1  0.7592061
5786.7  0.7452361
5789.3  0.7362937
5791.9  0.7062773
5794.5  0.6972591
5797.1  0.7078513
5799.7  0.6800918
5802.3  0.6765395
5804.9  0.68152
5807.5  0.6744862
5810.1  0.6787265
5812.7  0.6900924
5815.3  0.6766077
5817.9  0.6707566
5820.5  0.6559872
5823.1  0.6284584
5825.7  0.6622954
5828.3  0.6740171
5830.9  0.6548435
5833.5  0.6494368
5836.1  0.6632694
5838.7  0.6579543
5841.3  0.6484314
5843.9  0.6891438
5846.5  0.7025034
5849.1  0.6924226
5851.7  0.70244
5854.3  0.7159445
5856.9  0.7211192
5859.5  0.7318384
5862.1  0.7355819
5864.7  0.7299297
5867.3  0.7538818
5869.9  0.7820985
5872.5  0.8087519
5875.1  0.7835028
5877.7  0.8006345
5880.3  0.8159119
5882.9  0.802171
5885.5  0.7972219
5888.1  0.7846968
5890.7  0.786186
5893.3  0.7646862
5895.9  0.7217306
5898.5  0.742749
5901.1  0.7661549
5903.7  0.777649
5906.3  0.7969338
5908.9  0.7827572
5911.5  0.7908978
5914.1  0.7758641
5916.7  0.7618591
5919.3  0.7624049
5921.9  0.7616532
5924.5  0.7340893
5927.1  0.7199628
5929.7  0.745533
5932.3  0.7412435
5934.9  0.7256188
5937.5  0.7198846
5940.1  0.7263383
5942.7  0.7155614
5945.3  0.6750835
5947.9  0.6903124
5950.5  0.7179165
5953.1  0.7019184
5955.7  0.6878974
5958.3  0.6983569
5960.9  0.7017756
5963.5  0.678738
5966.1  0.7025962
5968.7  0.71535
5971.3  0.7011966
5973.9  0.7282609
5976.5  0.7302346
5979.1  0.72944
5981.7  0.7365516
5984.3  0.7494936
5986.9  0.7585971
5989.5  0.7624859
5992.1  0.750548
5994.7  0.7580673
5997.3  0.7997758
5999.9  0.8233225
6002.5  0.8113065
6005.1  0.8395211
6007.7  0.850134
6010.3  0.8569649
6012.9  0.8588499
6015.5  0.8654431
6018.1  0.882409
6020.7  0.9010664
6023.3  0.9194418
6025.9  0.9181492
6028.5  0.9374671
6031.1  0.9517801
6033.7  0.9578364
6036.3  0.9706978
6038.9  0.970479
6041.5  0.9644228
6044.1  0.9451632
6046.7  0.9728679
6049.3  0.9853657
6051.9  0.9703942
6054.5  0.9662163
6057.1  0.9741877
6059.7  0.9681615
6062.3  0.9470255
6064.9  0.9602365
6067.5  0.9739532
6070.1  0.994964
6072.7  0.9699188
6075.3  0.9737652
6077.9  0.9537131
6080.5  0.9753313
6083.1  0.9802113
6085.7  0.9772723
6088.3  0.9346197
6090.9  1.000924
6093.5  0.9453015
6096.1  0.9455911
6098.7  0.9586355
6101.3  0.9469945
6103.9  0.9436037
6106.5  0.9425739
6109.1  0.9584023
6111.7  0.9637545
6114.3  0.9662785
6116.9  0.9661867
6119.5  0.9656717
6122.1  0.944237
6124.7  0.966507
6127.3  0.9707029
6129.9  0.9567239
6132.5  0.9412791
6135.1  0.9570594
6137.7  0.9619516
6140.3  0.9472755
6142.9  0.9641156
6145.5  0.9529124
6148.1  0.9765152
6150.7  0.959032
6153.3  0.9469268
6155.9  0.9306633
6158.5  0.9394487
6161.1  0.9497253
6163.7  0.9592263
6166.3  0.9617549
6168.9  0.9598219
6171.5  0.9630812
6174.1  0.9879723
6176.7  0.9989311
6179.3  0.988293
6181.9  0.9785721
6184.5  0.9875956
6187.1  0.9673313
6189.7  0.9696822
6192.3  0.9694084
6194.9  0.9918178
6197.5  1.005593
6200.1  0.986586
6202.7  0.9964039
6205.3  0.9844289
6207.9  0.9758152
6210.5  0.9705325
6213.1  0.9776105
6215.7  1.007118
6218.3  0.9567103
6220.9  0.9590801
6223.5  0.9859332
6226.1  1.010253
6228.7  0.9958787
6231.3  0.971975
6233.9  0.9786534
6236.5  0.9928035
6239.1  0.9893109
6241.7  0.9629577
6244.3  0.9820805
6246.9  0.9733088
6249.5  0.9971179
6252.1  1.020194
6254.7  1.011124
6257.3  0.9851586
6259.9  0.9967665
6262.5  0.9930106
6265.1  0.9928908
6267.7  0.9790615
6270.3  0.9817385
6272.9  0.9516049
6275.5  0.9430724
6278.1  0.945321
6280.7  0.9401535
6283.3  0.939023
6285.9  0.9305755
6288.5  0.9470738
6291.1  0.9645931
6293.7  1.057831
6296.3  0.9662235
6298.9  0.9418811
6301.5  0.9019027
6304.1  0.8740351
6306.7  0.8221023
6309.3  0.9569334
6311.9  0.922943
6314.5  0.9146621
6317.1  0.9128709
6319.7  0.9078232
6322.3  0.9151626
6324.9  0.9387978
6327.5  0.9163299
6330.1  0.9321204
6332.7  0.9414589
6335.3  0.9268762
6337.9  0.9418065
6340.5  0.9240109
6343.1  0.8995568
6345.7  0.9179481
6348.3  0.9302078
6350.9  0.934201
6353.5  0.9657272
6356.1  0.9696674
6358.7  0.9654145
6361.3  0.9622607
6363.9  0.9304229
6366.5  0.9586655
6369.1  0.9113206
6371.7  0.9296768
6374.3  0.9636593
6376.9  0.9753996
6379.5  1.005589
6382.1  0.9878232
6384.7  0.9800945
6387.3  1.003834
6389.9  1.001748
6392.5  0.9739152
6395.1  0.9863937
6397.7  1.012164
6400.3  1.010967
6402.9  0.9868034
6405.5  0.9953933
6408.1  1.033176
6410.7  0.9996285
6413.3  1.02376
6415.9  1.004549
6418.5  1.02113
6421.1  1.004346
6423.7  1.02836
6426.3  1.012153
6428.9  1.022766
6431.5  0.9926353
6434.1  1.000986
6436.7  1.000697
6439.3  1.005617
6441.9  1.002811
6444.5  1.029527
6447.1  1.027924
6449.7  0.9976916
6452.3  0.9740437
6454.9  0.9920342
6457.5  0.9882256
6460.1  0.976532
6462.7  0.9810478
6465.3  0.9772575
6467.9  0.9864666
6470.5  0.9876879
6473.1  0.9875098
6475.7  1.0002
6478.3  0.9814753
6480.9  0.9782178
6483.5  0.980522
6486.1  0.9718592
6488.7  0.9660617
6491.3  0.9829742
6493.9  0.9815308
6496.5  0.9532995
6499.1  0.9768659
6501.7  0.9573386
6504.3  0.9659758
6506.9  0.9783892
6509.5  1.003548
6512.1  0.9929081
6514.7  0.9737422
6517.3  0.9923037
6519.9  0.9735674
6522.5  0.9653465
6525.1  0.9822448
6527.7  0.9951451
6530.3  0.9745468
6532.9  0.9611105
6535.5  0.9675629
6538.1  0.9530523
6540.7  0.9334822
6543.3  0.9159895
6545.9  0.9000957
6548.5  0.8904417
6551.1  0.8542435
6553.7  0.8050603
6556.3  0.7434964
6558.9  0.6872475
6561.5  0.6486844
6564.1  0.6412247
6566.7  0.7096934
6569.3  0.7597443
6571.9  0.8062944
6574.5  0.8515111
6577.1  0.8967248
6579.7  0.8929243
6582.3  0.9334622
6584.9  0.9473198
6587.5  0.9439165
6590.1  0.9472949
6592.7  0.9844695
6595.3  0.9956023
6597.9  0.9953626
6600.5  1.001047
6603.1  1.015678
6605.7  0.9988915
6608.3  0.9983417
6610.9  1.015996
6613.5  1.00276
6616.1  0.9933891
6618.7  1.009551
6621.3  1.037285
6623.9  1.04724
6626.5  1.023883
6629.1  1.042812
6631.7  1.043844
6634.3  1.040152
6636.9  1.061102
6639.5  1.052961
6642.1  1.04198
6644.7  1.03771
6647.3  1.041258
6649.9  1.043679
6652.5  1.047793
6655.1  1.036028
6657.7  1.042752
6660.3  1.05688
6662.9  1.047056
6665.5  1.044288
6668.1  1.055177
6670.7  1.05262
6673.3  1.070882
6675.9  1.062044
6678.5  1.066424
6681.1  1.058953
6683.7  1.065035
6686.3  1.051018
6688.9  1.050539
6691.5  1.070321
6694.1  1.061806
6696.7  1.063283
6699.3  1.057937
6701.9  1.057762
6704.5  1.055709
6707.1  1.087093
6709.7  1.095544
6712.3  1.083799
6714.9  1.082773
6717.5  1.06751
6720.1  1.058171
6722.7  1.065124
6725.3  1.062268
6727.9  1.06497
6730.5  1.083539
6733.1  1.065196
6735.7  1.05924
6738.3  1.057841
6740.9  1.08057
6743.5  1.079554
6746.1  1.082856
6748.7  1.057611
6751.3  1.055178
6753.9  1.028017
6756.5  1.043424
6759.1  1.066047
6761.7  1.051699
6764.3  1.062167
6766.9  1.052838
6769.5  1.051878
6772.1  1.045882
6774.7  1.051104
6777.3  1.054476
6779.9  1.051475
6782.5  1.059285
6785.1  1.056214
6787.7  1.068152
6790.3  1.056639
6792.9  1.054851
6795.5  1.052398
6798.1  1.053237
6800.7  1.077649
6803.3  1.070856
6805.9  1.055616
6808.5  1.054273
6811.1  1.083811
6813.7  1.057628
6816.3  1.056274
6818.9  1.067383
6821.5  1.070284
6824.1  1.064629
6826.7  1.073217
6829.3  1.066566
6831.9  1.073282
6834.5  1.066188
6837.1  1.047049
6839.7  1.038263
6842.3  1.050083
6844.9  1.063595
6847.5  1.071198
6850.1  1.063603
6852.7  1.045783
6855.3  1.047305
6857.9  1.067479
6860.5  1.050501
6863.1  0.9671838
6865.7  0.9175287
6868.3  0.8951933
6870.9  0.8395774
6873.5  0.8412198
6876.1  0.9033505
6878.7  0.922201
6881.3  0.9433718
6883.9  0.9797474
6886.5  0.9635292
6889.1  0.9374108
6891.7  0.9269912
6894.3  0.9440322
6896.9  0.9357015
6899.5  0.9747074
6902.1  0.9896758
6904.7  0.9637191
6907.3  0.9802924
6909.9  0.9733679
6912.5  0.9945206
6915.1  0.9978235
6917.7  1.003856
6920.3  1.005274
6922.9  1.017871
6925.5  1.017819
6928.1  1.00828
6930.7  1.009681
6933.3  1.028111
6935.9  1.012078
6938.5  1.00946
6941.1  1.016171
6943.7  1.024336
6946.3  1.026632
6948.9  1.022781
6951.5  1.010318
6954.1  1.041319
6956.7  1.048303
6959.3  1.032385
6961.9  1.046037
6964.5  1.070451
6967.1  1.08909
6969.7  1.063661
6972.3  1.037216
6974.9  1.045132
6977.5  1.060609
6980.1  1.061835
6982.7  1.022939
6985.3  1.058897
6987.9  1.056164
6990.5  1.06539
6993.1  1.034253
6995.7  1.062958
6998.3  1.050318
7000.9  1.066892
7003.5  1.044081
7006.1  1.056147
7008.7  1.049558
7011.3  1.053831
7013.9  1.059269
7016.5  1.085279
7019.1  1.048512
7021.7  1.042929
7024.3  1.03496
7026.9  1.032307
7029.5  1.04464
7032.1  1.048384
7034.7  1.049669
7037.3  1.072099
7039.9  1.075324
7042.5  1.068606
7045.1  1.062851
7047.7  1.075117
7050.3  1.06518
7052.9  1.076787
7055.5  1.071465
7058.1  1.068207
7060.7  1.073496
7063.3  1.060941
7065.9  1.044921
7068.5  1.047602
7071.1  1.044016
7073.7  1.046576
7076.3  1.067608
7078.9  1.065915
7081.5  1.050958
7084.1  1.044275
7086.7  1.040217
7089.3  1.042769
7091.9  1.069736
7094.5  1.062725
7097.1  1.070712
7099.7  1.067939
7102.3  1.054745
7104.9  1.041702
7107.5  1.050515
7110.1  1.038622
7112.7  1.037959
7115.3  1.046029
7117.9  1.035996
7120.5  1.058709
7123.1  1.048557
7125.7  1.049152
7128.3  1.045393
7130.9  1.06989
7133.5  1.056022
7136.1  1.045083
7138.7  1.052714
7141.3  1.03829
7143.9  1.056837
7146.5  1.042973
7149.1  1.061632
7151.7  1.064523
7154.3  1.056606
7156.9  1.040826
7159.5  1.059417
7162.1  1.042189
7164.7  1.016582
7167.3  1.018959
7169.9  1.003801
7172.5  0.9945363
7175.1  0.9792275
7177.7  0.9663488
7180.3  0.931952
7182.9  0.9212909
7185.5  0.9504115
7188.1  0.9477777
7190.7  0.9576861
7193.3  0.9532143
7195.9  0.9421613
7198.5  0.9521993
7201.1  0.9618979
7203.7  0.9625472
7206.3  0.9767985
7208.9  0.9708521
7211.5  1.011209
7214.1  1.030124
7216.7  1.042361
7219.3  1.035538
7221.9  1.005577
7224.5  1.001907
7227.1  1.003774
7229.7  1.004566
7232.3  0.9935041
7234.9  0.983254
7237.5  0.9536306
7240.1  0.9493755
7242.7  0.9785581
7245.3  0.9938034
7247.9  0.9841453
7250.5  0.9989791
7253.1  1.001713
7255.7  0.9863698
7258.3  0.9834
7260.9  0.9010302
7263.5  0.9120558
7266.1  0.9734381
7268.7  0.9783439
7271.3  0.9493742
7273.9  0.9220164
7276.5  0.948778
7279.1  0.9947029
7281.7  0.9997119
7284.3  1.006981
7286.9  0.9796598
7289.5  0.9807876
7292.1  0.9685035
7294.7  1.005164
7297.3  1.02242
7299.9  0.9812184
7302.5  0.9858786
7305.1  0.9744227
7307.7  1.002869
7310.3  0.9855384
7312.9  0.9927118
7315.5  1.006579
7318.1  1.017563
7320.7  1.020834
7323.3  1.006221
7325.9  1.002148
7328.5  1.01298
7331.1  1.003521
7333.7  1.021151
7336.3  0.9999897
7338.9  1.003773
7341.5  1.016936
7344.1  1.050645
7346.7  1.041952
7349.3  0.9980614
7351.9  1.001135
7354.5  0.9889737
7357.1  1.00508
7359.7  1.025274
7362.3  1.017667
7364.9  1.024007
7367.5  1.028828
7370.1  1.009857
7372.7  1.000585
7375.3  1.024983
7377.9  1.042101
7380.5  1.02072
7383.1  1.016912
7385.7  1.021423
7388.3  0.9955998
7390.9  1.011135
7393.5  1.002647
7396.1  0.9918112
7398.7  1.019639
7401.3  1.021764
7403.9  1.010906
7406.5  0.9968122
7409.1  1.00445
7411.7  1.006051
7414.3  1.012082
7416.9  1.019408
7419.5  1.003729
7422.1  0.9952078
7424.7  1.022628
7427.3  1.012844
7429.9  1.017839
7432.5  1.016748
7435.1  1.021083
7437.7  1.023338
7440.3  1.019562
7442.9  1.026248
7445.5  0.9979424
7448.1  1.009145
7450.7  1.025574
7453.3  1.037312
7455.9  1.012257
7458.5  0.9998375
7461.1  1.024327
7463.7  1.004838
7466.3  1.022429
7468.9  1.027717
7471.5  1.00572
7474.1  1.002172
7476.7  1.032956
7479.3  1.027676
7481.9  1.009557
7484.5  1.019547
7487.1  1.040059
7489.7  1.028583
7492.3  1.002598
7494.9  0.9912978
7497.5  1.001744
7500.1  0.9989617
7502.7  1.020859
7505.3  1.016205
7507.9  1.005324
7510.5  0.9977168
7513.1  1.005799
7515.7  1.014114
7518.3  0.9975935
7520.9  1.004289
7523.5  1.016241
7526.1  1.010504
7528.7  1.035558
7531.3  1.025027
7533.9  1.005589
7536.5  1.009963
7539.1  1.016805
7541.7  1.006061
7544.3  1.022301
7546.9  1.009297
7549.5  1.00642
7552.1  1.00647
7554.7  1.020106
7557.3  1.010093
7559.9  1.008471
7562.5  0.9812195
7565.1  0.9800934
7567.7  0.9892045
7570.3  1.005242
7572.9  0.9876251
7575.5  0.9959375
7578.1  1.014588
7580.7  0.9763724
7583.3  0.9715011
7585.9  0.9708393
7588.5  0.9502034
7591.1  0.84688
7593.7  0.7271253
7596.3  0.5814523
7598.9  0.451986
7601.5  0.3533035
7604.1  0.3314922
7606.7  0.3268299
7609.3  0.3676497
7611.9  0.4700061
7614.5  0.5937598
7617.1  0.6540735
7619.7  0.6606613
7622.3  0.6455764
7624.9  0.6068997
7627.5  0.556499
7630.1  0.5407674
7632.7  0.562396
7635.3  0.5774958
7637.9  0.6055083
7640.5  0.6071386
7643.1  0.6562388
7645.7  0.6840639
7648.3  0.7235534
7650.9  0.7364566
7653.5  0.7718011
7656.1  0.7819988
7658.7  0.8199266
7661.3  0.8281621
7663.9  0.8512887
7666.5  0.8654063
7669.1  0.8776261
7671.7  0.9175663
7674.3  0.9159147
7676.9  0.9180661
7679.5  0.9291338
7682.1  0.9332716
7684.7  0.9343228
7687.3  0.9461626
7689.9  0.9495216
7692.5  0.9299268
7695.1  0.916732
7697.7  0.9306288
7700.3  0.9369011
7702.9  0.9272549
7705.5  0.9459943
7708.1  0.9626384
7710.7  0.9593074
7713.3  0.9625589
7715.9  0.9575083
7718.5  0.9739456
7721.1  0.9830357
7723.7  0.9738465
7726.3  0.9791223
7728.9  0.9832571
7731.5  0.9719149
7734.1  0.9723805
7736.7  0.968161
7739.3  0.9589713
7741.9  0.9671559
7744.5  0.976465
7747.1  0.9887077
7749.7  0.9827521
7752.3  0.9699709
7754.9  1.008669
7757.5  0.9965501
7760.1  0.9792892
7762.7  0.9844465
7765.3  0.9682741
7767.9  0.9536733
7770.5  0.9524384
7773.1  0.9648317
7775.7  0.937351
7778.3  0.944455
7780.9  0.9792926
7783.5  0.9700669
7786.1  0.966828
7788.7  0.9936987
7791.3  0.9974714
7793.9  0.9974846
7796.5  0.9725875
7799.1  1.017403
7801.7  1.023215
7804.3  0.9991169
7806.9  0.989351
7809.5  1.019747
7812.1  1.035403
7814.7  1.06764
7817.3  1.031234
7819.9  0.9960731
7822.5  0.9903395
7825.1  1.005974
7827.7  1.007161
7830.3  0.9846841
7832.9  0.9884225
7835.5  1.002201
7838.1  0.9929972
7840.7  1.007615
7843.3  1.002009
7845.9  0.9839901
7848.5  1.018475
7851.1  1.009014
7853.7  0.9935485
7856.3  0.985166
7858.9  1.022556
7861.5  1.025474
7864.1  1.009108
7866.7  1.020591
7869.3  0.9828109
7871.9  0.9887619
7874.5  0.9794052
7877.1  0.9900043
7879.7  0.9674196
7882.3  0.9716047
7884.9  0.9749982
7887.5  1.006153
7890.1  1.004181
7892.7  0.9785016
7895.3  0.9677472
7897.9  0.9596384
7900.5  0.9545186
7903.1  0.9760986
7905.7  0.9775453
7908.3  0.9857284
7910.9  0.9936189
7913.5  0.9521317
7916.1  0.9801303
7918.7  0.9873372
7921.3  0.9725525
7923.9  0.9477322
7926.5  0.9355043
7929.1  0.9590051
7931.7  0.9398991
7934.3  0.9616846
7936.9  0.975067
7939.5  0.9741856
7942.1  0.9496753
7944.7  0.9525907
7947.3  0.9695363
7949.9  0.9698929
7952.5  0.9639403
7955.1  0.9835599
7957.7  0.9714583
7960.3  0.9861758
7962.9  0.9732245
7965.5  0.9434983
7968.1  0.9648479
7970.7  0.9543492
7973.3  0.9796566
7975.9  0.9808521
7978.5  0.9548233
7981.1  0.9702157
7983.7  0.9910067
7986.3  0.9775698
7988.9  0.9769696
7991.5  0.9741158
7994.1  0.9922013
7996.7  0.9551268
7999.3  0.9889606
8001.9  1.022075
8004.5  0.9873864
8007.1  0.983988
8009.7  0.9980975
8012.3  0.9701182
8014.9  0.9851832
8017.5  0.9956946
8020.1  0.9637643
8022.7  0.9897374
8025.3  0.9873999
8027.9  0.9736121
8030.5  0.9934524
8033.1  0.981685
8035.7  0.990572
8038.3  0.9716998
8040.9  0.9923959
8043.5  0.9900534
8046.1  0.9977529
8048.7  0.9696593
8051.3  0.9837518
8053.9  0.9775757
8056.5  1.005325
8059.1  1.005756
8061.7  0.9923252
8064.3  0.9898556
8066.9  0.984393
8069.5  0.991624
8072.1  0.9616192
8074.7  0.983537
8077.3  0.9830852
8079.9  0.9897394
8082.5  0.9881684
8085.1  0.9644993
8087.7  0.9672363
8090.3  0.9825125
8092.9  0.9642276
8095.5  0.9761757
8098.1  0.9555182
8100.7  0.9747375
8103.3  0.9737929
8105.9  0.9887764
8108.5  0.9766709
8111.1  0.9719543
8113.7  0.9608304
8116.3  0.9520766
8118.9  0.9800605
8121.5  0.9553466
8124.1  0.9608143
8126.7  0.9652663
8129.3  0.9789436
8131.9  0.9616784
8134.5  0.945411
8137.1  0.9323243
8139.7  0.9231896
8142.3  0.9305721
8144.9  0.9323802
8147.5  0.9374269
8150.1  0.9074639
8152.7  0.9122078
8155.3  0.8988246
8157.9  0.9308057
8160.5  0.8728894
8163.1  0.8850998
8165.7  0.8942191
8168.3  0.8644145
8170.9  0.9042237
8173.5  0.8927623
8176.1  0.8875342
8178.7  0.8809943
8181.3  0.8744174
8183.9  0.8785413
8186.5  0.9150544
8189.1  0.9128519
8191.7  0.9143257
8194.3  0.9158248
8196.9  0.9057021
8199.5  0.9009922
8202.1  0.9652237
8204.7  0.9368973
8207.3  0.9521468
8209.9  0.9768271
8212.5  0.960335
8215.1  0.9510887
8217.7  0.9543723
8220.3  0.9552742
8222.9  0.9021383
8225.5  0.8909363
8228.1  0.8447509
8230.7  0.8360521
8233.3  0.853059
8235.9  0.9278181
8238.5  0.9626208
8241.1  0.9562334
8243.7  0.9746708
8246.3  0.973128
8248.9  0.998492
8251.5  0.9457872
8254.1  0.9628623
8256.7  0.9559706
8259.3  0.9484835
8261.9  0.9669132
8264.5  0.9786819
8267.1  1.02559
8269.7  1.010394
8272.3  0.9479975
8274.9  0.939025
8277.5  0.9232161
8280.1  0.9671147
8282.7  0.9578913
8285.3  0.9403291
8287.9  0.971626
8290.5  0.9710177
8293.1  0.9593136
8295.7  0.9912581
8298.3  0.9306434
8300.9  0.991707
8303.5  0.9635245
8306.1  0.9543744
8308.7  0.9514648
8311.3  0.9697197
8313.9  0.9452723
8316.5  0.9471229
8319.1  0.94498
8321.7  0.9467833
8324.3  0.938149
8326.9  0.9492698
8329.5  0.9772475
8332.1  0.9477526
8334.7  0.9537632
8337.3  0.9177848
8339.9  0.9214601
8342.5  0.9021665
8345.1  0.9108731
8347.7  0.9384844
8350.3  0.994823
8352.9  0.9619995
8355.5  0.9891227
8358.1  0.9897187
8360.7  0.9851634
8363.3  0.9744669
8365.9  0.9654607
8368.5  0.9656175
8371.1  0.9794599
8373.7  0.9779799
8376.3  0.9957656
8378.9  1.001279
8381.5  0.9950514
8384.1  0.9826621
8386.7  0.9777824
8389.3  0.982769
8391.9  0.936415
8394.5  0.9965671
8397.1  1.003164
8399.7  1.015379
8402.3  0.9776906
8404.9  0.9899392
8407.5  0.9885137
8410.1  0.9679219
8412.7  0.9857961
8415.3  0.9728295
8417.9  0.9895459
8420.5  0.9861432
8423.1  0.9961331
8425.7  1.000397
8428.3  0.9960471
8430.9  0.9783348
8433.5  0.9505378
8436.1  1.008114
8438.7  1.029117
8441.3  0.9928628
8443.9  0.9833659
8446.5  0.9985455
8449.1  0.9858265
8451.7  0.9973365
8454.3  1.033454
8456.9  1.013011
8459.5  1.019062
8462.1  0.9987879
8464.7  1.00207
8467.3  1.001505
8469.9  1.025926
8472.5  1.033729
8475.1  1.054718
8477.7  1.032029
8480.3  1.013376
8482.9  1.043429
8485.5  1.046319
8488.1  1.025788
8490.7  1.007091
8493.3  0.988637
8495.9  0.9719102
8498.5  0.9452105
8501.1  0.9440427
8503.7  0.9722031
8506.3  0.9975768
8508.9  0.9982481
8511.5  0.9839991
8514.1  1.014757
8516.7  1.040843
8519.3  1.03424
8521.9  1.038007
8524.5  1.064742
8527.1  1.04938
8529.7  1.005772
8532.3  0.9911104
8534.9  0.974952
8537.5  0.9269902
8540.1  0.8989999
8542.7  0.8587732
8545.3  0.8637618
8547.9  0.9209778
8550.5  0.9372103
8553.1  0.9749339
8555.7  0.9838506
8558.3  0.9811821
8560.9  1.015548
8563.5  1.0292
8566.1  1.022168
8568.7  1.023978
8571.3  1.023508
8573.9  1.035764
8576.5  1.017101
8579.1  1.003478
8581.7  1.00998
8584.3  1.023635
8586.9  1.024258
8589.5  1.013981
8592.1  0.9967471
8594.7  0.98254
8597.3  0.9888629
8599.9  0.9850174
8602.5  0.9920112
8605.1  0.9962712
8607.7  1.011624
8610.3  1.019316
8612.9  1.001907
8615.5  1.013901
8618.1  1.018465
8620.7  0.9974788
8623.3  0.9784616
8625.9  0.9992705
8628.5  1.014964
8631.1  1.018134
8633.7  1.033145
8636.3  1.021891
8638.9  1.028595
8641.5  1.054243
8644.1  1.027242
8646.7  0.9969761
8649.3  1.005721
8651.9  0.9787146
8654.5  0.9660896
8657.1  0.9562291
8659.7  0.9067313
8662.3  0.8674753
8664.9  0.8556428
8667.5  0.8704013
8670.1  0.9053348
8672.7  0.9315154
8675.3  0.9797147
8677.9  1.02778
8680.5  1.017525
8683.1  1.038646
8685.7  1.021818
8688.3  1.010504
8690.9  1.018192
8693.5  1.033206
8696.1  1.059241
8698.7  1.068271
8701.3  1.081342
8703.9  1.071653
8706.5  1.08749
8709.1  1.091536
8711.7  1.073277
8714.3  1.071916
8716.9  1.077219
8719.5  1.088272
8722.1  1.075778
8724.7  1.067579
8727.3  1.068922
8729.9  1.063849
8732.5  1.059526
8735.1  1.060396
8737.7  1.034745
8740.3  1.030698
8742.9  1.03874
8745.5  0.9986292
8748.1  0.9753365
8750.7  0.9901008
8753.3  0.9829148
8755.9  0.9871835
8758.5  1.024047
8761.1  1.089336
8763.7  1.029384
8766.3  1.040958
8768.9  1.07042
8771.5  1.104111
8774.1  1.077025
8776.7  1.05599
8779.3  1.071464
8781.9  1.054854
8784.5  1.099294
8787.1  1.103829
8789.7  1.125673
8792.3  1.101044
8794.9  1.090928
8797.5  1.075586
8800.1  1.044769
8802.7  1.045824
8805.3  1.04917
8807.9  1.079808
8810.5  1.072626
8813.1  1.077224
8815.7  1.079274
8818.3  1.103178
8820.9  1.024609
8823.5  1.025159
8826.1  1.039443
8828.7  1.078213
8831.3  1.086029
8833.9  1.034002
8836.5  1.080873
8839.1  1.03819
8841.7  1.039063
8844.3  0.9854521
8846.9  1.010266
8849.5  1.002793
8852.1  0.9963871
8854.7  1.00169
8857.3  0.9790497
8859.9  0.9397248
8862.5  0.9182066
8865.1  0.9094217
8867.7  0.9639634
8870.3  0.9401962
8872.9  0.9690899
8875.5  0.9845487
8878.1  1.008843
8880.7  1.040447
8883.3  1.033773
8885.9  1.06289
8888.5  1.020596
8891.1  1.034491
8893.7  1.040698
8896.3  1.039711
8898.9  1.071116
8901.5  1.074977
8904.1  1.060846
8906.7  1.038369
8909.3  1.049383
8911.9  1.020574
8914.5  1.072002
8917.1  1.021832
8919.7  1.027126
8922.3  1.022616
8924.9  1.054493
8927.5  1.034414
8930.1  1.029757
8932.7  1.032496
8935.3  1.035702
8937.9  1.059441
8940.5  1.028257
8943.1  1.024618
8945.7  1.013309
8948.3  1.021531
8950.9  1.01025
8953.5  0.9980627
8956.1  0.9743174
8958.7  0.944871
8961.3  0.9608943
8963.9  0.9667132
8966.5  0.9297348
8969.1  0.9220369
8971.7  0.9788907
8974.3  0.9531089
8976.9  0.9304548
8979.5  0.9425147
8982.1  0.9124705
8984.7  0.866444
8987.3  0.8421396
8989.9  0.8400616
8992.5  0.8765913
8995.1  0.8921969
8997.7  0.8722327
9000.3  0.8677105
9002.9  0.841751
9005.5  0.8416185
9008.1  0.8073891
9010.7  0.794956
9013.3  0.773782
9015.9  0.7994422
9018.5  0.8009552
9021.1  0.8007792
9023.7  0.8492863
9026.3  0.8440771
9028.9  0.8447282
9031.5  0.9081275
9034.1  0.9242724
9036.7  0.9172968
9039.3  0.9389839
9041.9  0.9633005
9044.5  0.9661684
9047.1  0.931275
9049.7  0.9526463
9052.3  0.9510936
9054.9  0.9258697
9057.5  0.8847934
9060.1  0.9160337
9062.7  0.9075425
9065.3  0.8979481
9067.9  0.8786069
9070.5  0.9027174
9073.1  0.8642853
9075.7  0.8317425
9078.3  0.8488165
9080.9  0.8590268
9083.5  0.8323573
9086.1  0.829725
9088.7  0.8375353
9091.3  0.8245745
9093.9  0.842289
9096.5  0.8399888
9099.1  0.8585431
9101.7  0.8462454
9104.3  0.8620561
9106.9  0.8423929
9109.5  0.841024
9112.1  0.8244824
9114.7  0.8420793
9117.3  0.8562523
9119.9  0.8485762
9122.5  0.8633235
9125.1  0.8654526
9127.7  0.8664534
9130.3  0.8242614
9132.9  0.7870817
9135.5  0.7734315
9138.1  0.804112
9140.7  0.8283284
9143.3  0.8689337
9145.9  0.8230628
9148.5  0.8036076
9151.1  0.8056279
9153.7  0.7762972
9156.3  0.7698383
9158.9  0.7824972
9161.5  0.805849
9164.1  0.84401
9166.7  0.8330492
9169.3  0.7818868
9171.9  0.7918566
9174.5  0.7869711
9177.1  0.7564209
9179.7  0.7600529
9182.3  0.7959382
9184.9  0.8008776
9187.5  0.7844554
9190.1  0.7813299
9192.7  0.7863943
9195.3  0.7962115
9197.9  0.805335
9200.5  0.8237572
9203.1  0.8092892
9205.7  0.7970243
9208.3  0.7733061
9210.9  0.7292042
9213.5  0.7248628
9216.1  0.713677
9218.7  0.6985297
9221.3  0.6993856
9223.9  0.7056435
9226.5  0.7120996
9229.1  0.6944622
9231.7  0.6943018
9234.3  0.7221326
9236.9  0.7070713
9239.5  0.7054117
9242.1  0.7142566
9244.7  0.7371364
9247.3  0.7591661
9249.9  0.7589285
9252.5  0.765103
9255.1  0.7418796
9257.7  0.7455072
9260.3  0.7747868
9262.9  0.7496157
9265.5  0.7330642
9268.1  0.7768349
9270.7  0.7580994
9273.3  0.7429573
9275.9  0.7586626
9278.5  0.7264587
9281.1  0.713956
9283.7  0.7161987
9286.3  0.6976831
9288.9  0.686518
9291.5  0.676807
9294.1  0.6733965
9296.7  0.6410602
9299.3  0.6724799
9301.9  0.6501378
9304.5  0.6368961
9307.1  0.6280071
9309.7  0.6250817
9312.3  0.5893249
9314.9  0.5366274
9317.5  0.5172488
9320.1  0.4570624
9322.7  0.4736461
9325.3  0.5401793
9327.9  0.4879936
9330.5  0.4914692
9333.1  0.4929643
9335.7  0.4761844
9338.3  0.3921484
9340.9  0.4020712
9343.5  0.4252336
9346.1  0.4392021
9348.7  0.446902
9351.3  0.5031241
9353.9  0.4777982
9356.5  0.4650548
9359.1  0.4708226
9361.7  0.4752697
9364.3  0.4913956
9366.9  0.4910372
9369.5  0.4569329
9372.1  0.4542293
9374.7  0.4561387
9377.3  0.4904397
9379.9  0.5223295
9382.5  0.4748426
9385.1  0.5314713
9387.7  0.5654389
9390.3  0.5880725
9392.9  0.6254687
9395.5  0.6333264
9398.1  0.6028123
9400.7  0.5834417
9403.3  0.5712039
9405.9  0.5710673
9408.5  0.5705475
9411.1  0.5490612
9413.7  0.5508359
9416.3  0.5519915
9418.9  0.5662398
9421.5  0.5360905
9424.1  0.48449
9426.7  0.4811917
9429.3  0.4624054
9431.9  0.4679466
9434.5  0.5036996
9437.1  0.5072443
9439.7  0.4780013
9442.3  0.4232972
9444.9  0.4384682
9447.5  0.5139117
9450.1  0.5285456
9452.7  0.5119699
9455.3  0.4814045
9457.9  0.4582006
9460.5  0.4631863
9463.1  0.4652535
9465.7  0.4981814
9468.3  0.5221642
9470.9  0.5031821
9473.5  0.4971808
9476.1  0.4643463
9478.7  0.435935
9481.3  0.4372407
9483.9  0.4757186
9486.5  0.4966929
9489.1  0.5113901
9491.7  0.4907013
9494.3  0.4490606
9496.9  0.4106932
9499.5  0.4194584
9502.1  0.4591672
9504.7  0.4628988
9507.3  0.508918
9509.9  0.5446262
9512.5  0.5191077
9515.1  0.4867777
9517.7  0.4372531
9520.3  0.4095679
9522.9  0.4208454
9525.5  0.4289298
9528.1  0.4440669
9530.7  0.4527096
9533.3  0.4532232
9535.9  0.4699601
9538.5  0.4490062
9541.1  0.4214934
9543.7  0.4114872
9546.3  0.4238774
9548.9  0.4334519
9551.5  0.4485621
9554.1  0.4568025
9556.7  0.4487292
9559.3  0.4326905
9561.9  0.4415524
9564.5  0.4417254
9567.1  0.4315439
9569.7  0.4485103
9572.3  0.4777672
9574.9  0.4908781
9577.5  0.503754
9580.1  0.4896492
9582.7  0.4680927
9585.3  0.4702094
9587.9  0.474031
9590.5  0.4577156
9593.1  0.4478914
9595.7  0.4547237
9598.3  0.479086
9600.9  0.4804678
9603.5  0.4784215
9606.1  0.4869559
9608.7  0.4675677
9611.3  0.4836767
9613.9  0.5139602
9616.5  0.5033323
9619.1  0.4880349
9621.7  0.4961988
9624.3  0.4878688
9626.9  0.4816148
9629.5  0.4852109
9632.1  0.4810291
9634.7  0.4742516
9637.3  0.4738747
9639.9  0.471947
9642.5  0.4640203
9645.1  0.4711173
9647.7  0.4819329
9650.3  0.4918858
9652.9  0.5180258
9655.5  0.5140267
9658.1  0.5047866
9660.7  0.4906826
9663.3  0.4790853
9665.9  0.4485301
9668.5  0.500173
9671.1  0.4948137
9673.7  0.5011855
9676.3  0.5049199
9678.9  0.5098997
9681.5  0.5027332
9684.1  0.5116285
9686.7  0.5382702
9689.3  0.5396423
9691.9  0.5386516
9694.5  0.5204544
9697.1  0.5126966
9699.7  0.5020744
9702.3  0.5098419
9704.9  0.5131645
9707.5  0.4985832
9710.1  0.5069015
9712.7  0.4970314
9715.3  0.4857353
9717.9  0.4979588
9720.5  0.5109902
9723.1  0.5031686
9725.7  0.486639
9728.3  0.4827424
9730.9  0.4832586
9733.5  0.4816354
9736.1  0.4599319
9738.7  0.4581081
9741.3  0.4788812
9743.9  0.4716252
9746.5  0.4524452
9749.1  0.449986
9751.7  0.44815
9754.3  0.4520644
9756.9  0.4527908
9759.5  0.4358896
9762.1  0.4487939
9764.7  0.4623432
9767.3  0.4542772
9769.9  0.4629768
9772.5  0.4595684
9775.1  0.43832
9777.7  0.4468538
9780.3  0.441184
9782.9  0.4398804
9785.5  0.4095766
9788.1  0.4176015
9790.7  0.4302135
9793.3  0.4196585
9795.9  0.4453845
9798.5  0.4586493
9801.1  0.4521563
9803.7  0.4558499
9806.3  0.4487441
9808.9  0.4486298
9811.5  0.4350985
9814.1  0.431098
9816.7  0.4280901
9819.3  0.4303549
9821.9  0.4244275
9824.5  0.4256826
9827.1  0.4048047
9829.7  0.4250608
9832.3  0.4319082
9834.9  0.4491755
9837.5  0.4378234
9840.1  0.4170248
9842.7  0.4032519
9845.3  0.4171514
9847.9  0.4172761
9850.5  0.4132578
9853.1  0.4190878
9855.7  0.4163798
9858.3  0.4092098
9860.9  0.401232
9863.5  0.389841
9866.1  0.3883044
9868.7  0.4074575
9871.3  0.412859
9873.9  0.4193563
9876.5  0.4263768
9879.1  0.3957194
9881.7  0.3791884
9884.3  0.4021228
9886.9  0.3837942
9889.5  0.3676347
9892.1  0.3845956
9894.7  0.3761117
9897.3  0.3749263
9899.9  0.3935156
9902.5  0.3874737
9905.1  0.3690214
9907.7  0.3604428
9910.3  0.3579821
9912.9  0.3596122
9915.5  0.3572131
9918.1  0.3616152
9920.7  0.3908595
9923.3  0.3652752
9925.9  0.3548469
9928.5  0.3530946
9931.1  0.3490933
9933.7  0.3480901
9936.3  0.3442332
9938.9  0.337798
9941.5  0.3433623
9944.1  0.354717
9946.7  0.3556729
9949.3  0.3367839
9951.9  0.3591931
9954.5  0.3442187
9957.1  0.332116
9959.7  0.3303453
9962.3  0.3353418
9964.9  0.3293477
9967.5  0.3398702
9970.1  0.3438809
9972.7  0.3382942
9975.3  0.3385003
9977.9  0.3399364
9980.5  0.3441086
9983.1  0.3375373
9985.7  0.3333995
9988.3  0.3233685
9990.9  0.3148379
9993.5  0.311974
9996.1  0.3105772
9998.7  0.3114763
