3501.3  29.01926
3503.9  11.32532
3506.5  61.45607
3509.1  52.86708
3511.7  30.55213
3514.3  37.59023
3516.9  -11.9097
3519.5  55.70377
3522.1  3.647711
3524.7  25.83914
3527.3  56.28687
3529.9  8.7409
3532.5  54.45532
3535.1  61.4724
3537.7  -2.222975
3540.3  7.658106
3542.9  40.73391
3545.5  14.83596
3548.1  34.73421
3550.7  9.669683
3553.3  12.99848
3555.9  45.94039
3558.5  62.75405
3561.1  28.13037
3563.7  43.416
3566.3  21.04104
3568.9  4.937418
3571.5  28.84362
3574.1  48.97703
3576.7  19.05378
3579.3  24.82657
3581.9  14.52494
3584.5  49.40598
3587.1  12.63302
3589.7  29.44108
3592.3  63.3517
3594.9  62.38979
3597.5  1.283742
3600.1  59.73652
3602.7  48.39287
3605.3  32.2584
3607.9  71.01956
3610.5  31.86341
3613.1  81.80962
3615.7  4.582821
3618.3  20.51409
3620.9  35.21576
3623.5  5.818619
3626.1  28.47595
3628.7  27.10907
3631.3  -3.754318
3633.9  7.829623
3636.5  9.673801
3639.1  32.31164
3641.7  51.28716
3644.3  8.23989
3646.9  58.72645
3649.5  53.27997
3652.1  70.7527
3654.7  29.71939
3657.3  35.81285
3659.9  47.62469
3662.5  41.47662
3665.1  40.2632
3667.7  69.88242
3670.3  59.73909
3672.9  38.03727
3675.5  56.38318
3678.1  54.6811
3680.7  18.64167
3683.3  77.81206
3685.9  32.23611
3688.5  54.93847
3691.1  10.00337
3693.7  20.78932
3696.3  20.43204
3698.9  42.62175
3701.5  27.1626
3704.1  13.18339
3706.7  16.70495
3709.3  23.51332
3711.9  30.24589
3714.5  25.65279
3717.1  -7.470003
3719.7  25.19436
3722.3  44.22006
3724.9  31.6575
3727.5  64.34882
3730.1  76.45451
3732.7  77.49377
3735.3  48.94048
3737.9  37.78578
3740.5  18.94321
3743.1  14.53655
3745.7  45.95256
3748.3  34.65014
3750.9  56.115
3753.5  33.34194
3756.1  48.88745
3758.7  43.40436
3761.3  37.23336
3763.9  42.56927
3766.5  40.39926
3769.1  33.74304
3771.7  37.9744
3774.3  42.62748
3776.9  34.9093
3779.5  29.30265
3782.1  42.56924
3784.7  25.21882
3787.3  60.72586
3789.9  24.67382
3792.5  62.74448
3795.1  40.59075
3797.7  20.1086
3800.3  54.39408
3802.9  23.0745
3805.5  38.5289
3808.1  31.89321
3810.7  28.9671
3813.3  12.84405
3815.9  32.91412
3818.5  -12.93432
3821.1  36.02945
3823.7  72.02478
3826.3  57.78783
3828.9  30.37154
3831.5  43.32711
3834.1  15.91335
3836.7  54.01202
3839.3  27.25196
3841.9  57.72902
3844.5  8.036037
3847.1  51.15435
3849.7  54.42462
3852.3  15.41656
3854.9  55.79519
3857.5  29.1074
3860.1  12.57081
3862.7  21.3276
3865.3  58.35267
3867.9  30.48073
3870.5  44.01332
3873.1  13.4777
3875.7  22.88406
3878.3  51.61566
3880.9  32.75223
3883.5  13.34249
3886.1  35.29713
3888.7  67.95092
3891.3  55.72691
3893.9  31.89198
3896.5  19.41756
3899.1  32.81979
3901.7  43.15009
3904.3  51.45439
3906.9  35.37937
3909.5  41.58609
3912.1  24.58437
3914.7  76.46516
3917.3  70.37464
3919.9  5.177391
3922.5  36.05638
3925.1  66.76244
3927.7  31.78306
3930.3  36.44014
3932.9  -4.668205
3935.5  39.34946
3938.1  39.36168
3940.7  41.05216
3943.3  61.58871
3945.9  25.09299
3948.5  23.75264
3951.1  -6.679839
3953.7  55.70047
3956.3  36.49942
3958.9  54.30507
3961.5  39.63229
3964.1  26.33883
3966.7  23.451
3969.3  49.90953
3971.9  45.58736
3974.5  37.42043
3977.1  47.69109
3979.7  26.54397
3982.3  36.40879
3984.9  64.1719
3987.5  36.47183
3990.1  50.91147
3992.7  69.51662
3995.3  19.0393
3997.9  57.16093
4000.5  71.69727
4003.1  46.7935
4005.7  22.07779
4008.3  39.48728
4010.9  30.83432
4013.5  28.7292
4016.1  14.42611
4018.7  2.244365
4021.3  51.89878
4023.9  60.27438
4026.5  38.26921
4029.1  19.94466
4031.7  68.93932
4034.3  13.62916
4036.9  31.79209
4039.5  37.48871
4042.1  43.79524
4044.7  48.71796
4047.3  54.38778
4049.9  26.2469
4052.5  28.57474
4055.1  34.90041
4057.7  47.79883
4060.3  16.25165
4062.9  46.10604
4065.5  43.41899
4068.1  50.628
4070.7  5.267036
4073.3  25.92807
4075.9  11.8995
4078.5  18.62019
4081.1  33.81531
4083.7  22.05252
4086.3  18.13069
4088.9  26.26407
4091.5  76.53338
4094.1  58.09912
4096.7  15.77387
4099.3  91.06544
4101.9  55.69018
4104.5  15.42259
4107.1  7.981054
4109.7  33.71316
4112.3  48.51631
4114.9  46.0101
4117.5  32.38668
4120.1  39.48708
4122.7  26.59291
4125.3  29.08359
4127.9  62.16027
4130.5  29.54057
4133.1  22.19118
4135.7  40.33184
4138.3  19.30769
4140.9  44.04391
4143.5  40.8536
4146.1  58.96836
4148.7  34.74281
4151.3  25.43406
4153.9  24.4135
4156.5  27.2587
4159.1  10.96275
4161.7  34.4856
4164.3  45.68492
4166.9  19.3271
4169.5  11.38466
4172.1  28.23934
4174.7  15.02544
4177.3  57.29242
4179.9  41.06781
4182.5  46.88215
4185.1  47.27903
4187.7  57.85745
4190.3  19.5068
4192.9  44.90657
4195.5  35.52416
4198.1  20.23617
4200.7  26.58052
4203.3  27.71008
4205.9  42.36174
4208.5  46.11773
4211.1  18.25665
4213.7  18.83474
4216.3  16.39063
4218.9  20.4628
4221.5  34.67987
4224.1  29.63638
4226.7  27.85639
4229.3  25.62062
4231.9  52.78964
4234.5  45.77485
4237.1  33.47019
4239.7  32.14478
4242.3  33.36091
4244.9  8.339351
4247.5  37.25989
4250.1  24.64643
4252.7  48.51419
4255.3  37.48373
4257.9  31.65845
4260.5  13.57739
4263.1  17.34748
4265.7  45.67017
4268.3  25.22109
4270.9  39.48677
4273.5  41.38454
4276.1  24.39009
4278.7  2.672744
4281.3  43.83484
4283.9  60.4316
4286.5  33.88254
4289.1  17.84118
4291.7  39.68524
4294.3  31.99743
4296.9  23.99512
4299.5  11.46907
4302.1  26.97411
4304.7  16.27908
4307.3  72.78154
4309.9  35.47519
4312.5  33.88485
4315.1  49.51693
4317.7  31.27176
4320.3  1.925673
4322.9  22.60549
4325.5  32.32947
4328.1  41.33701
4330.7  7.87236
4333.3  25.39526
4335.9  12.60822
4338.5  32.83202
4341.1  29.94031
4343.7  85.7416
4346.3  46.26002
4348.9  20.0977
4351.5  35.64716
4354.1  9.521751
4356.7  3.882558
4359.3  66.75919
4361.9  81.38067
4364.5  34.12392
4367.1  29.48529
4369.7  57.40054
4372.3  -4.13771
4374.9  16.17197
4377.5  25.88286
4380.1  58.18401
4382.7  20.20743
4385.3  34.79001
4387.9  48.71501
4390.5  32.22189
4393.1  58.1158
4395.7  8.588639
4398.3  14.65986
4400.9  54.62803
4403.5  37.86283
4406.1  22.4548
4408.7  18.76665
4411.3  24.83077
4413.9  31.60688
4416.5  8.098039
4419.1  19.49257
4421.7  23.64781
4424.3  39.84933
4426.9  52.59958
4429.5  30.71497
4432.1  17.14347
4434.7  32.46827
4437.3  32.72995
4439.9  42.08716
4442.5  29.18739
4445.1  5.8777
4447.7  48.28785
4450.3  37.8152
4452.9  40.17947
4455.5  64.15751
4458.1  20.79762
4460.7  17.96719
4463.3  42.85154
4465.9  15.42314
4468.5  38.68222
4471.1  23.09576
4473.7  33.75583
4476.3  21.97326
4478.9  13.24079
4481.5  28.62309
4484.1  25.45135
4486.7  18.73443
4489.3  46.75983
4491.9  18.73304
4494.5  48.06271
4497.1  22.74591
4499.7  6.581839
4502.3  7.484527
4504.9  4.071664
4507.5  60.08479
4510.1  48.47453
4512.7  37.3049
4515.3  19.3861
4517.9  14.43589
4520.5  40.06407
4523.1  36.47538
4525.7  35.85384
4528.3  22.11661
4530.9  16.97958
4533.5  26.33313
4536.1  31.1762
4538.7  16.40396
4541.3  44.66953
4543.9  45.26603
4546.5  29.2431
4549.1  17.09285
4551.7  15.04724
4554.3  47.58659
4556.9  32.71534
4559.5  16.45114
4562.1  12.63757
4564.7  22.35992
4567.3  34.79077
4569.9  36.40633
4572.5  19.39539
4575.1  19.81479
4577.7  13.2057
4580.3  26.34917
4582.9  26.8389
4585.5  18.89205
4588.1  17.57242
4590.7  26.83638
4593.3  33.8286
4595.9  18.82451
4598.5  22.21704
4601.1  24.30537
4603.7  25.5115
4606.3  42.35025
4608.9  38.11375
4611.5  31.60085
4614.1  40.69038
4616.7  18.94022
4619.3  19.29609
4621.9  34.12703
4624.5  30.09168
4627.1  43.30194
4629.7  13.7379
4632.3  25.32138
4634.9  26.74299
4637.5  8.166948
4640.1  41.99269
4642.7  30.50852
4645.3  42.74132
4647.9  16.89141
4650.5  30.79258
4653.1  21.9076
4655.7  10.37543
4658.3  43.22301
4660.9  25.88981
4663.5  18.60117
4666.1  34.44431
4668.7  30.97043
4671.3  12.40645
4673.9  13.44033
4676.5  12.76046
4679.1  10.85533
4681.7  18.65742
4684.3  5.98629
4686.9  31.58673
4689.5  27.14856
4692.1  41.02321
4694.7  33.84891
4697.3  13.44482
4699.9  35.84614
4702.5  42.77573
4705.1  67.43458
4707.7  31.52683
4710.3  44.47006
4712.9  51.55098
4715.5  53.573
4718.1  58.16679
4720.7  18.18614
4723.3  51.71717
4725.9  51.9692
4728.5  22.17649
4731.1  33.15564
4733.7  46.87153
4736.3  50.26568
4738.9  56.62379
4741.5  57.28258
4744.1  85.7141
4746.7  54.8861
4749.3  95.25616
4751.9  104.2488
4754.5  95.70134
4757.1  91.0965
4759.7  104.6562
4762.3  157.2181
4764.9  186.4829
4767.5  174.2034
4770.1  169.1448
4772.7  187.5602
4775.3  213.3414
4777.9  279.9612
4780.5  299.0963
4783.1  258.8398
4785.7  239.646
4788.3  274.955
4790.9  340.9249
4793.5  315.1755
4796.1  282.8623
4798.7  347.6583
4801.3  360.1305
4803.9  376.11
4806.5  386.8792
4809.1  414.6146
4811.7  410.1329
4814.3  433.5383
4816.9  497.6765
4819.5  495.9702
4822.1  462.8324
4824.7  476.6193
4827.3  483.8975
4829.9  567.3683
4832.5  607.6114
4835.1  663.0477
4837.7  655.2776
4840.3  649.4843
4842.9  605.0891
4845.5  698.4555
4848.1  768.3597
4850.7  817.8348
4853.3  898.51
4855.9  806.7663
4858.5  814.3447
4861.1  777.9083
4863.7  888.1765
4866.3  985.4678
4868.9  871.8818
4871.5  964.1218
4874.1  995.2125
4876.7  1065.233
4879.3  1054.613
4881.9  988.655
4884.5  1094.682
4887.1  1160.221
4889.7  1203.574
4892.3  1158.885
4894.9  1321.263
4897.5  1290.078
4900.1  1287.158
4902.7  1401.669
4905.3  1425.327
4907.9  1517.705
4910.5  1431.362
4913.1  1488.477
4915.7  1614.77
4918.3  1742.633
4920.9  1658.47
4923.5  1606.062
4926.1  1767.303
4928.7  2303.08
4931.3  1960.487
4933.9  2110.771
4936.5  2224.15
4939.1  2128.611
4941.7  2221.464
4944.3  2300.204
4946.9  2356.032
4949.5  2386.378
4952.1  2207.633
4954.7  2558.021
4957.3  2241.222
4959.9  2319.645
4962.5  2350.612
4965.1  2431.116
4967.7  2464.121
4970.3  2623.905
4972.9  2686.387
4975.5  2512.158
4978.1  2677.914
4980.7  2500.061
4983.3  2442.643
4985.9  2640.226
4988.5  2641.226
4991.1  2718.068
4993.7  2831.742
4996.3  2959.889
4998.9  3033.97
5001.5  2760.431
5004.1  3066.219
5006.7  2816.229
5009.3  3064.38
5011.9  2850.964
5014.5  3011.859
5017.1  3005.684
5019.7  3216.611
5022.3  3007.92
5024.9  3127.603
5027.5  3257.333
5030.1  3508.154
5032.7  3291.79
5035.3  3177.823
5037.9  2982.21
5040.5  3226.028
5043.1  3078.397
5045.7  3523.622
5048.3  3596.35
5050.9  3546.945
5053.5  3337.082
5056.1  3361.582
5058.7  3565.074
5061.3  3737.736
5063.9  3644.073
5066.5  3694.751
5069.1  3691.555
5071.7  3800.41
5074.3  3950.035
5076.9  3473.962
5079.5  3759.675
5082.1  3478.163
5084.7  3889.972
5087.3  4141.402
5089.9  4307.703
5092.5  4285.552
5095.1  4381.185
5097.7  4214.944
5100.3  4430.912
5102.9  4431.704
5105.5  4359.395
5108.1  4361.563
5110.7  4260.515
5113.3  4616.205
5115.9  4571.274
5118.5  4414.538
5121.1  4403.278
5123.7  4471.717
5126.3  4406.89
5128.9  4453.347
5131.5  4656.968
5134.1  4227.845
5136.7  4430.706
5139.3  4495.138
5141.9  4385.817
5144.5  4458.355
5147.1  4494.874
5149.7  4345.574
5152.3  4484.209
5154.9  5125.08
5157.5  5288.32
5160.1  5222.446
5162.7  4782.468
5165.3  4422.799
5167.9  4175.645
5170.5  4267.678
5173.1  4596.763
5175.7  5051.45
5178.3  5136.551
5180.9  5160.667
5183.5  4937.814
5186.1  4898.375
5188.7  5467.345
5191.3  5358.147
5193.9  4973.524
5196.5  5355.313
5199.1  5473.214
5201.7  6111.286
5204.3  5440.359
5206.9  5578.687
5209.5  5367.161
5212.1  5346.972
5214.7  5669.604
5217.3  5940.627
5219.9  5525.432
5222.5  5645.055
5225.1  5368.144
5227.7  5046.984
5230.3  5543.812
5232.9  5357.745
5235.5  5756.158
5238.1  6301.041
5240.7  6389.474
5243.3  6480.134
5245.9  6541.121
5248.5  6272.623
5251.1  6122.566
5253.7  5658.788
5256.3  6284.141
5258.9  6501.818
5261.5  6365.993
5264.1  5984.75
5266.7  5788.164
5269.3  5522.828
5271.9  6073.958
5274.5  6447.661
5277.1  6639.107
5279.7  6842.043
5282.3  6902.061
5284.9  7111.308
5287.5  6931.591
5290.1  7212.549
5292.7  7166.433
5295.3  7061.995
5297.9  6550.655
5300.5  6786.674
5303.1  6985.011
5305.7  7090.493
5308.3  7489.903
5310.9  7142.243
5313.5  7545.188
5316.1  7482.234
5318.7  7081.413
5321.3  7005.292
5323.9  7061.275
5326.5  6828.025
5329.1  6592.889
5331.7  6832.742
5334.3  7159.417
5336.9  7289.512
5339.5  7502.501
5342.1  7389.982
5344.7  7514.81
5347.3  7574.666
5349.9  7719.319
5352.5  8044.388
5355.1  8086.98
5357.7  8396.65
5360.3  8212.038
5362.9  8309.499
5365.5  7654.859
5368.1  7616.905
5370.7  8308.489
5373.3  8212.575
5375.9  8265.381
5378.5  8439.666
5381.1  8498.389
5383.7  8336.691
5386.3  8594.92
5388.9  8831.672
5391.5  8605.939
5394.1  7713.426
5396.7  7986.798
5399.3  8033.096
5401.9  8034.395
5404.5  7825.765
5407.1  8051.107
5409.7  7962.307
5412.3  8424.418
5414.9  8326.212
5417.5  8397.439
5420.1  8668.537
5422.7  8799.73
5425.3  8895.911
5427.9  8808.195
5430.5  8849.312
5433.1  9008.832
5435.7  8986.271
5438.3  9029.208
5440.9  9490.92
5443.5  9666.318
5446.1  9219.062
5448.7  9215.579
5451.3  9235.014
5453.9  8997.269
5456.5  8925.688
5459.1  9198.862
5461.7  9119.955
5464.3  9130.832
5466.9  9096.992
5469.5  9229.788
5472.1  8704.007
5474.7  8983.694
5477.3  8705.782
5479.9  8924.304
5482.5  9058.29
5485.1  8599.815
5487.7  8491.057
5490.3  8739.935
5492.9  8595.649
5495.5  8666.73
5498.1  8815.302
5500.7  8872.52
5503.3  8759.137
5505.9  8454.969
5508.5  8280.156
5511.1  8616.365
5513.7  8412.247
5516.3  9026.365
5518.9  8430.035
5521.5  9121.936
5524.1  9126.58
5526.7  9020.941
5529.3  9338.717
5531.9  9332.415
5534.5  9459.047
5537.1  9739.148
5539.7  9942.688
5542.3  10107.86
5544.9  10203.45
5547.5  10369.27
5550.1  10495.71
5552.7  10832.89
5555.3  11086.34
5557.9  10667.82
5560.5  10929.38
5563.1  11267.59
5565.7  11105.3
5568.3  11216.87
5570.9  11892.03
5573.5  11804.88
5576.1  11122.88
5578.7  11071.24
5581.3  10918.28
5583.9  10623.75
5586.5  10639.56
5589.1  10924.25
5591.7  10406.46
5594.3  10686.31
5596.9  10817.36
5599.5  10844.62
5602.1  10956.11
5604.7  10840.72
5607.3  11338.33
5609.9  11637.7
5612.5  11763.71
5615.1  11431.54
5617.7  11283.99
5620.3  11060.85
5622.9  10959.84
5625.5  11272.15
5628.1  11710.04
5630.7  11678.95
5633.3  11902.89
5635.9  12254.63
5638.5  12176.73
5641.1  11726.87
5643.7  11836.57
5646.3  12540.97
5648.9  12153.57
5651.5  12425.84
5654.1  11791.4
5656.7  11839.84
5659.3  11981.18
5661.9  11880.95
5664.5  12563.28
5667.1  12665.1
5669.7  12562.06
5672.3  12707.83
5674.9  13035.27
5677.5  12927.97
5680.1  13045.21
5682.7  12497.23
5685.3  12608.86
5687.9  13023.7
5690.5  12600.79
5693.1  13026.61
5695.7  12696.54
5698.3  12563.
5700.9  12364.78
5703.5  12039.99
5706.1  12087.08
5708.7  11678.53
5711.3  11997.7
5713.9  12361.44
5716.5  12741.68
5719.1  13589.76
5721.7  13586.48
5724.3  12954.52
5726.9  13769.17
5729.5  13536.28
5732.1  13503.62
5734.7  13292.39
5737.3  13445.69
5739.9  13743.08
5742.5  13627.21
5745.1  13474.31
5747.7  13331.06
5750.3  13106.31
5752.9  13198.75
5755.5  13136.75
5758.1  13006.59
5760.7  12892.24
5763.3  13195.92
5765.9  12749.08
5768.5  12863.21
5771.1  12916.
5773.7  12166.2
5776.3  11515.89
5778.9  10825.76
5781.5  10359.12
5784.1  10293.5
5786.7  10559.18
5789.3  11041.04
5791.9  10964.78
5794.5  10766.88
5797.1  10781.46
5799.7  10698.5
5802.3  10850.55
5804.9  10498.16
5807.5  10344.42
5810.1  10300.76
5812.7  10921.58
5815.3  10640.79
5817.9  10457.86
5820.5  11035.61
5823.1  10854.9
5825.7  10758.36
5828.3  10932.27
5830.9  11053.49
5833.5  10718.86
5836.1  10544.03
5838.7  10755.85
5841.3  10864.51
5843.9  11430.83
5846.5  11409.6
5849.1  11074.5
5851.7  11448.26
5854.3  11242.55
5856.9  11260.93
5859.5  11447.59
5862.1  11709.27
5864.7  12422.04
5867.3  13008.34
5869.9  12924.63
5872.5  13054.89
5875.1  13048.58
5877.7  13620.58
5880.3  13838.25
5882.9  13640.63
5885.5  12870.19
5888.1  11911.75
5890.7  11269.5
5893.3  10813.16
5895.9  10896.48
5898.5  11968.44
5901.1  12597.37
5903.7  13558.35
5906.3  13889.64
5908.9  13585.07
5911.5  13709.8
5914.1  13474.63
5916.7  13684.04
5919.3  13421.89
5921.9  13001.91
5924.5  13193.55
5927.1  12738.38
5929.7  12777.53
5932.3  12850.04
5934.9  12834.47
5937.5  12671.82
5940.1  12678.73
5942.7  12907.02
5945.3  12830.79
5947.9  12198.92
5950.5  12544.72
5953.1  12570.48
5955.7  12445.9
5958.3  12595.31
5960.9  12598.02
5963.5  12608.13
5966.1  12701.09
5968.7  12839.45
5971.3  12786.
5973.9  12548.54
5976.5  12509.43
5979.1  12949.94
5981.7  12642.74
5984.3  13238.
5986.9  13212.33
5989.5  13511.68
5992.1  14134.36
5994.7  14373.5
5997.3  14173.44
5999.9  14350.25
6002.5  14824.56
6005.1  14931.75
6007.7  14680.64
6010.3  14864.78
6012.9  15670.01
6015.5  15484.56
6018.1  16201.5
6020.7  16231.26
6023.3  16504.19
6025.9  17013.52
6028.5  17270.83
6031.1  17761.92
6033.7  17968.93
6036.3  17826.77
6038.9  18375.01
6041.5  18159.84
6044.1  18561.35
6046.7  18432.6
6049.3  18736.55
6051.9  19295.2
6054.5  18952.56
6057.1  18766.9
6059.7  18457.36
6062.3  18651.06
6064.9  18394.1
6067.5  18481.72
6070.1  18813.76
6072.7  19041.67
6075.3  19273.37
6077.9  18757.19
6080.5  18576.72
6083.1  18620.91
6085.7  18384.94
6088.3  18284.53
6090.9  17576.18
6093.5  18665.34
6096.1  18614.02
6098.7  18585.65
6101.3  18216.5
6103.9  18068.29
6106.5  18334.21
6109.1  18303.06
6111.7  18565.3
6114.3  18794.13
6116.9  18840.5
6119.5  18679.39
6122.1  18552.58
6124.7  18616.55
6127.3  18854.79
6129.9  19118.59
6132.5  18878.43
6135.1  18292.23
6137.7  18868.85
6140.3  19374.05
6142.9  19342.55
6145.5  19463.18
6148.1  19789.79
6150.7  19784.96
6153.3  19236.2
6155.9  19076.29
6158.5  18741.06
6161.1  18262.69
6163.7  18050.75
6166.3  17927.61
6168.9  17975.81
6171.5  18222.8
6174.1  18693.21
6176.7  18214.31
6179.3  18451.88
6181.9  19125.07
6184.5  18682.97
6187.1  18777.23
6189.7  18577.8
6192.3  18922.78
6194.9  19902.63
6197.5  19424.91
6200.1  19276.35
6202.7  19158.34
6205.3  19309.37
6207.9  19255.31
6210.5  19043.96
6213.1  19536.37
6215.7  19375.25
6218.3  19264.24
6220.9  19895.28
6223.5  20230.05
6226.1  19676.85
6228.7  19376.94
6231.3  19667.45
6233.9  19887.21
6236.5  19858.47
6239.1  19920.92
6241.7  19639.65
6244.3  20015.78
6246.9  20037.38
6249.5  19881.7
6252.1  19251.25
6254.7  19300.75
6257.3  18996.98
6259.9  19633.66
6262.5  20011.07
6265.1  20266.37
6267.7  20218.54
6270.3  20007.1
6272.9  19458.17
6275.5  19585.22
6278.1  18124.03
6280.7  16735.15
6283.3  16275.59
6285.9  16950.38
6288.5  18689.25
6291.1  20016.22
6293.7  20790.41
6296.3  19899.92
6298.9  19634.6
6301.5  19178.15
6304.1  18913.45
6306.7  19224.89
6309.3  19283.2
6311.9  19461.
6314.5  18948.13
6317.1  18544.24
6319.7  18843.41
6322.3  19744.85
6324.9  20272.28
6327.5  19711.08
6330.1  19790.07
6332.7  19686.09
6335.3  19310.46
6337.9  19291.4
6340.5  19868.88
6343.1  20096.61
6345.7  20115.18
6348.3  20596.73
6350.9  20097.64
6353.5  19971.02
6356.1  20122.49
6358.7  19990.
6361.3  19637.19
6363.9  19642.33
6366.5  20243.56
6369.1  20582.15
6371.7  21146.52
6374.3  21632.21
6376.9  21618.59
6379.5  21312.21
6382.1  21902.01
6384.7  22190.74
6387.3  22401.52
6389.9  22094.51
6392.5  21932.09
6395.1  22166.14
6397.7  21948.18
6400.3  22131.21
6402.9  22516.67
6405.5  22410.79
6408.1  22414.52
6410.7  22236.61
6413.3  22051.78
6415.9  22796.02
6418.5  22700.56
6421.1  22784.04
6423.7  23129.41
6426.3  22932.2
6428.9  23157.34
6431.5  22923.78
6434.1  22875.1
6436.7  22131.13
6439.3  22601.78
6441.9  22795.81
6444.5  22650.16
6447.1  22315.75
6449.7  21748.44
6452.3  22062.74
6454.9  22217.18
6457.5  22305.05
6460.1  22284.74
6462.7  22002.36
6465.3  22619.39
6467.9  22656.64
6470.5  22442.59
6473.1  22424.04
6475.7  22561.49
6478.3  22939.38
6480.9  23276.
6483.5  23199.35
6486.1  23179.59
6488.7  22853.21
6491.3  21842.31
6493.9  21344.21
6496.5  21673.82
6499.1  21945.61
6501.7  23065.94
6504.3  23992.5
6506.9  24117.12
6509.5  24850.13
6512.1  24666.85
6514.7  23841.88
6517.3  23551.58
6519.9  23812.53
6522.5  23719.36
6525.1  23725.62
6527.7  23854.33
6530.3  23221.4
6532.9  23583.8
6535.5  24297.26
6538.1  24786.87
6540.7  24963.06
6543.3  24801.16
6545.9  24651.34
6548.5  24605.47
6551.1  24504.56
6553.7  24575.45
6556.3  24518.61
6558.9  21613.76
6561.5  21561.09
6564.1  21518.5
6566.7  23130.73
6569.3  24062.78
6571.9  24958.92
6574.5  25043.66
6577.1  25392.66
6579.7  25830.49
6582.3  25594.74
6584.9  26046.15
6587.5  25433.61
6590.1  25075.17
6592.7  25122.25
6595.3  25217.47
6597.9  25544.76
6600.5  26403.75
6603.1  26519.39
6605.7  25920.98
6608.3  25495.54
6610.9  25172.56
6613.5  25398.58
6616.1  26169.58
6618.7  26409.95
6621.3  27265.13
6623.9  27546.34
6626.5  26836.39
6629.1  26643.35
6631.7  26451.61
6634.3  26465.91
6636.9  26746.05
6639.5  26647.05
6642.1  26746.56
6644.7  26664.98
6647.3  26701.96
6649.9  27575.62
6652.5  27412.26
6655.1  28338.66
6657.7  27611.04
6660.3  27124.88
6662.9  26170.49
6665.5  27887.47
6668.1  27133.89
6670.7  27826.93
6673.3  27762.46
6675.9  27150.58
6678.5  27415.02
6681.1  27879.04
6683.7  27772.9
6686.3  28581.93
6688.9  28895.01
6691.5  28173.41
6694.1  28458.74
6696.7  28502.07
6699.3  27969.19
6701.9  27998.99
6704.5  28193.49
6707.1  28335.38
6709.7  29167.05
6712.3  28409.58
6714.9  27665.6
6717.5  27814.01
6720.1  28139.55
6722.7  28295.81
6725.3  28921.96
6727.9  29111.8
6730.5  28863.
6733.1  29106.89
6735.7  29498.91
6738.3  28320.85
6740.9  28345.57
6743.5  28665.29
6746.1  29249.73
6748.7  28161.04
6751.3  28693.59
6753.9  29013.02
6756.5  29741.68
6759.1  29446.93
6761.7  29351.39
6764.3  29159.69
6766.9  28952.48
6769.5  29051.72
6772.1  29050.02
6774.7  29331.91
6777.3  29423.
6779.9  30209.73
6782.5  30157.67
6785.1  29318.89
6787.7  29938.05
6790.3  30417.22
6792.9  30362.38
6795.5  29873.97
6798.1  30127.46
6800.7  30170.31
6803.3  30145.19
6805.9  29941.18
6808.5  29696.31
6811.1  30100.24
6813.7  29990.7
6816.3  29676.81
6818.9  30759.56
6821.5  30621.69
6824.1  30515.03
6826.7  31030.98
6829.3  31036.81
6831.9  30644.81
6834.5  30875.73
6837.1  30151.36
6839.7  29594.
6842.3  29869.23
6844.9  30178.45
6847.5  30103.97
6850.1  30347.15
6852.7  30416.94
6855.3  29818.94
6857.9  29991.42
6860.5  29875.33
6863.1  28112.74
6865.7  26268.28
6868.3  24538.93
6870.9  23563.03
6873.5  24584.67
6876.1  25684.12
6878.7  27278.49
6881.3  28198.47
6883.9  28363.17
6886.5  28004.77
6889.1  27570.95
6891.7  27702.
6894.3  28649.09
6896.9  28783.69
6899.5  28797.11
6902.1  29125.45
6904.7  29365.86
6907.3  29445.55
6909.9  29402.27
6912.5  29639.01
6915.1  29965.63
6917.7  30363.34
6920.3  30506.7
6922.9  30488.2
6925.5  30643.58
6928.1  30725.52
6930.7  29731.53
6933.3  29808.25
6935.9  30248.46
6938.5  30170.38
6941.1  30038.81
6943.7  30174.12
6946.3  30299.9
6948.9  30398.38
6951.5  30962.22
6954.1  31505.68
6956.7  31258.57
6959.3  32093.4
6961.9  31742.48
6964.5  31645.77
6967.1  32407.13
6969.7  32434.29
6972.3  31980.83
6974.9  31631.27
6977.5  31272.54
6980.1  31688.21
6982.7  32397.89
6985.3  32196.46
6987.9  32968.33
6990.5  32559.36
6993.1  32700.27
6995.7  32375.27
6998.3  32242.4
7000.9  31957.87
7003.5  31906.73
7006.1  32460.74
7008.7  32457.49
7011.3  32321.83
7013.9  31819.09
7016.5  32118.41
7019.1  32180.1
7021.7  31763.57
7024.3  32278.22
7026.9  32571.15
7029.5  32742.86
7032.1  33020.88
7034.7  32868.34
7037.3  33356.74
7039.9  33382.61
7042.5  33547.73
7045.1  33341.11
7047.7  33140.79
7050.3  33127.56
7052.9  33160.41
7055.5  32949.74
7058.1  32741.92
7060.7  33325.89
7063.3  33591.77
7065.9  33168.76
7068.5  33955.97
7071.1  33756.19
7073.7  33749.99
7076.3  34193.61
7078.9  33607.33
7081.5  33579.12
7084.1  33094.95
7086.7  33002.98
7089.3  33459.97
7091.9  33736.93
7094.5  34157.26
7097.1  34454.37
7099.7  34538.8
7102.3  34545.4
7104.9  33969.07
7107.5  33692.5
7110.1  33777.36
7112.7  33617.07
7115.3  34217.21
7117.9  33943.51
7120.5  33969.75
7123.1  34360.45
7125.7  33825.23
7128.3  34257.22
7130.9  33688.52
7133.5  33750.86
7136.1  34333.3
7138.7  34060.68
7141.3  34606.23
7143.9  34241.81
7146.5  33885.33
7149.1  34373.49
7151.7  33841.47
7154.3  34788.33
7156.9  34797.41
7159.5  34263.82
7162.1  34412.92
7164.7  33838.29
7167.3  32889.98
7169.9  33431.52
7172.5  33350.82
7175.1  32158.59
7177.7  31946.34
7180.3  31624.1
7182.9  30976.6
7185.5  30598.93
7188.1  30318.4
7190.7  30784.14
7193.3  31447.42
7195.9  31763.54
7198.5  31535.97
7201.1  30920.16
7203.7  31627.55
7206.3  32518.05
7208.9  33113.93
7211.5  34095.28
7214.1  34382.69
7216.7  34116.03
7219.3  33561.92
7221.9  32821.98
7224.5  32650.63
7227.1  33503.29
7229.7  33686.53
7232.3  33342.02
7234.9  33409.03
7237.5  33386.1
7240.1  33285.9
7242.7  33630.05
7245.3  34183.
7247.9  34165.24
7250.5  33533.53
7253.1  33601.76
7255.7  33810.92
7258.3  33810.82
7260.9  33628.02
7263.5  33752.2
7266.1  34196.94
7268.7  34110.21
7271.3  33395.93
7273.9  33014.04
7276.5  32704.39
7279.1  33737.64
7281.7  34114.58
7284.3  33754.12
7286.9  32861.63
7289.5  32339.51
7292.1  32900.4
7294.7  33829.98
7297.3  34091.46
7299.9  34746.17
7302.5  34167.21
7305.1  33916.97
7307.7  33064.06
7310.3  33896.8
7312.9  34279.11
7315.5  33940.19
7318.1  35326.11
7320.7  35367.47
7323.3  35189.91
7325.9  35480.68
7328.5  35550.34
7331.1  35074.3
7333.7  35529.69
7336.3  35752.14
7338.9  36293.8
7341.5  36358.47
7344.1  35973.4
7346.7  35400.27
7349.3  35615.02
7351.9  35074.01
7354.5  35088.55
7357.1  35054.65
7359.7  34840.27
7362.3  34674.18
7364.9  35772.69
7367.5  35747.66
7370.1  36279.35
7372.7  36504.51
7375.3  36895.43
7377.9  36588.92
7380.5  36122.89
7383.1  35753.09
7385.7  35241.87
7388.3  35124.28
7390.9  35496.64
7393.5  35754.77
7396.1  36017.73
7398.7  36306.99
7401.3  36194.49
7403.9  35953.94
7406.5  36043.8
7409.1  35938.92
7411.7  35099.34
7414.3  34959.79
7416.9  34990.02
7419.5  34717.49
7422.1  35327.05
7424.7  35901.71
7427.3  36023.32
7429.9  36218.41
7432.5  36473.32
7435.1  36981.27
7437.7  36043.8
7440.3  36245.73
7442.9  36277.1
7445.5  36403.61
7448.1  37254.14
7450.7  37794.25
7453.3  38073.99
7455.9  37568.34
7458.5  37310.12
7461.1  36705.45
7463.7  36712.52
7466.3  37243.79
7468.9  37832.31
7471.5  37635.33
7474.1  37208.91
7476.7  37131.51
7479.3  37251.29
7481.9  37786.11
7484.5  38139.13
7487.1  37461.46
7489.7  37085.43
7492.3  37218.28
7494.9  37050.32
7497.5  37872.99
7500.1  38062.43
7502.7  38298.16
7505.3  38159.41
7507.9  37444.12
7510.5  37181.7
7513.1  37436.29
7515.7  38424.7
7518.3  37722.71
7520.9  37808.73
7523.5  37654.06
7526.1  37835.71
7528.7  37529.92
7531.3  37788.82
7533.9  37957.25
7536.5  38214.31
7539.1  38035.02
7541.7  38035.02
7544.3  38079.35
7546.9  38032.75
7549.5  37645.71
7552.1  37320.59
7554.7  37422.78
7557.3  37098.54
7559.9  36871.73
7562.5  38022.13
7565.1  37175.17
7567.7  37213.01
7570.3  36808.97
7572.9  37896.22
7575.5  38458.6
7578.1  38427.8
7580.7  37871.65
7583.3  37108.27
7585.9  36772.
7588.5  35772.55
7591.1  31488.5
7593.7  24476.4
7596.3  19167.06
7598.9  14269.63
7601.5  11670.78
7604.1  11157.63
7606.7  11788.67
7609.3  14377.41
7611.9  18638.63
7614.5  23826.79
7617.1  26039.53
7619.7  25316.67
7622.3  23075.77
7624.9  21007.26
7627.5  20141.96
7630.1  20228.84
7632.7  21028.19
7635.3  21844.39
7637.9  22561.49
7640.5  23470.99
7643.1  24573.32
7645.7  25689.92
7648.3  26880.14
7650.9  27469.36
7653.5  28483.07
7656.1  29268.68
7658.7  29781.61
7661.3  29446.61
7663.9  30398.12
7666.5  31413.72
7669.1  32967.13
7671.7  34106.93
7674.3  34804.51
7676.9  35059.7
7679.5  35179.83
7682.1  35627.49
7684.7  35657.21
7687.3  35693.16
7689.9  35834.52
7692.5  35487.68
7695.1  34667.89
7697.7  34732.98
7700.3  35674.7
7702.9  36456.46
7705.5  36512.22
7708.1  35896.98
7710.7  35328.09
7713.3  35505.32
7715.9  35909.48
7718.5  36305.9
7721.1  36165.13
7723.7  36365.75
7726.3  36594.54
7728.9  36898.83
7731.5  37654.27
7734.1  38196.36
7736.7  38410.04
7739.3  38455.13
7741.9  37985.18
7744.5  36653.08
7747.1  36565.45
7749.7  37231.88
7752.3  37721.02
7754.9  38160.48
7757.5  38698.61
7760.1  38942.92
7762.7  38970.13
7765.3  38895.58
7767.9  38534.85
7770.5  38589.64
7773.1  38773.84
7775.7  38537.29
7778.3  37804.67
7780.9  38286.41
7783.5  38870.78
7786.1  38490.09
7788.7  39086.29
7791.3  39701.48
7793.9  39822.1
7796.5  39287.71
7799.1  39503.03
7801.7  40225.88
7804.3  40790.28
7806.9  40189.78
7809.5  39978.38
7812.1  40507.95
7814.7  41280.05
7817.3  41117.68
7819.9  40660.45
7822.5  40895.79
7825.1  40507.48
7827.7  40020.01
7830.3  39757.26
7832.9  39237.8
7835.5  39447.
7838.1  39750.7
7840.7  39803.2
7843.3  40093.04
7845.9  40860.04
7848.5  40802.72
7851.1  40602.04
7853.7  40554.82
7856.3  40854.97
7858.9  41052.59
7861.5  41148.75
7864.1  41039.94
7866.7  40796.89
7869.3  41041.82
7871.9  40464.36
7874.5  40363.89
7877.1  40396.82
7879.7  40306.
7882.3  40444.42
7884.9  39932.98
7887.5  40235.59
7890.1  39582.48
7892.7  39469.19
7895.3  39816.78
7897.9  39828.5
7900.5  39880.16
7903.1  40039.99
7905.7  39643.62
7908.3  38385.25
7910.9  38813.88
7913.5  38415.22
7916.1  38849.49
7918.7  38496.8
7921.3  38386.86
7923.9  38522.49
7926.5  38009.34
7929.1  37573.7
7931.7  37907.
7934.3  38616.82
7936.9  38597.96
7939.5  38151.82
7942.1  37388.4
7944.7  37979.56
7947.3  39166.39
7949.9  39538.39
7952.5  39780.75
7955.1  39643.39
7957.7  39275.18
7960.3  39851.98
7962.9  40351.89
7965.5  39981.37
7968.1  40703.74
7970.7  40387.49
7973.3  40544.91
7975.9  40266.14
7978.5  40223.14
7981.1  40268.07
7983.7  40656.33
7986.3  40364.96
7988.9  40396.48
7991.5  39875.03
7994.1  39719.96
7996.7  39196.8
7999.3  40440.84
8001.9  39954.98
8004.5  39594.49
8007.1  40109.37
8009.7  40324.35
8012.3  41074.09
8014.9  41058.93
8017.5  41393.45
8020.1  40847.21
8022.7  40852.24
8025.3  39945.52
8027.9  40062.61
8030.5  40089.36
8033.1  41306.32
8035.7  41837.6
8038.3  40980.34
8040.9  39631.96
8043.5  39643.65
8046.1  39834.82
8048.7  39765.22
8051.3  40582.91
8053.9  41286.23
8056.5  41369.44
8059.1  41211.17
8061.7  40991.46
8064.3  40762.38
8066.9  40705.99
8069.5  40149.85
8072.1  39503.88
8074.7  39610.45
8077.3  39978.05
8079.9  39993.5
8082.5  39605.86
8085.1  39370.46
8087.7  39680.46
8090.3  39111.91
8092.9  38375.88
8095.5  39171.94
8098.1  39801.88
8100.7  39253.72
8103.3  39922.18
8105.9  39340.63
8108.5  39627.34
8111.1  39166.58
8113.7  39281.24
8116.3  39257.95
8118.9  39082.86
8121.5  39591.62
8124.1  39670.4
8126.7  39132.36
8129.3  38719.18
8131.9  38188.96
8134.5  37996.11
8137.1  37883.03
8139.7  38177.29
8142.3  38303.41
8144.9  37455.34
8147.5  37188.82
8150.1  36584.31
8152.7  36603.39
8155.3  37147.52
8157.9  35864.08
8160.5  35222.62
8163.1  36371.07
8165.7  35885.57
8168.3  36614.38
8170.9  37344.75
8173.5  36930.1
8176.1  36376.75
8178.7  35693.81
8181.3  36473.11
8183.9  36515.39
8186.5  36973.52
8189.1  36846.14
8191.7  36090.17
8194.3  36430.25
8196.9  36438.22
8199.5  37567.05
8202.1  38377.41
8204.7  39116.92
8207.3  39744.46
8209.9  39126.98
8212.5  38694.65
8215.1  38937.12
8217.7  38730.65
8220.3  38743.98
8222.9  36354.46
8225.5  34845.99
8228.1  34391.8
8230.7  35268.29
8233.3  36993.73
8235.9  39118.28
8238.5  39721.71
8241.1  39657.32
8243.7  40394.84
8246.3  40160.89
8248.9  40374.54
8251.5  39888.68
8254.1  40111.77
8256.7  39830.13
8259.3  40476.3
8261.9  40401.89
8264.5  40244.98
8267.1  40821.51
8269.7  39416.48
8272.3  38835.06
8274.9  38451.28
8277.5  38476.69
8280.1  39299.59
8282.7  39275.84
8285.3  38475.69
8287.9  38820.48
8290.5  38781.21
8293.1  39368.56
8295.7  38989.06
8298.3  39103.12
8300.9  39066.87
8303.5  38740.89
8306.1  38690.91
8308.7  38703.67
8311.3  38666.92
8313.9  39132.52
8316.5  38238.06
8319.1  38094.82
8321.7  38367.83
8324.3  37636.07
8326.9  37377.24
8329.5  37553.95
8332.1  37836.26
8334.7  37241.26
8337.3  37753.42
8339.9  38146.29
8342.5  38586.7
8345.1  38723.48
8347.7  38514.43
8350.3  39577.3
8352.9  40317.39
8355.5  39284.14
8358.1  39781.67
8360.7  39109.26
8363.3  38484.02
8365.9  38963.3
8368.5  40055.56
8371.1  39370.39
8373.7  39717.08
8376.3  39325.91
8378.9  38965.
8381.5  38740.37
8384.1  38075.84
8386.7  38650.8
8389.3  39594.14
8391.9  40046.91
8394.5  39656.81
8397.1  39425.18
8399.7  39599.23
8402.3  39746.29
8404.9  40031.7
8407.5  40558.78
8410.1  40104.76
8412.7  40331.6
8415.3  39984.95
8417.9  39937.83
8420.5  40155.04
8423.1  39622.91
8425.7  39700.27
8428.3  40898.6
8430.9  40047.66
8433.5  39535.19
8436.1  39503.49
8438.7  39743.89
8441.3  40264.73
8443.9  41089.94
8446.5  41775.61
8449.1  42231.41
8451.7  42109.37
8454.3  41621.1
8456.9  41584.09
8459.5  41476.8
8462.1  41297.56
8464.7  40928.97
8467.3  40989.2
8469.9  41246.99
8472.5  42638.98
8475.1  42523.26
8477.7  41715.73
8480.3  41783.84
8482.9  41656.5
8485.5  41635.7
8488.1  41914.54
8490.7  41876.14
8493.3  38807.88
8495.9  35950.02
8498.5  35973.5
8501.1  37343.43
8503.7  40066.61
8506.3  41891.7
8508.9  41931.88
8511.5  41084.69
8514.1  40888.79
8516.7  41424.98
8519.3  41944.88
8521.9  41676.25
8524.5  41150.5
8527.1  40791.18
8529.7  40688.92
8532.3  40506.53
8534.9  38408.11
8537.5  33106.24
8540.1  28957.05
8542.7  29665.16
8545.3  32963.16
8547.9  36935.5
8550.5  39342.67
8553.1  40102.16
8555.7  40706.41
8558.3  40918.43
8560.9  40653.28
8563.5  40805.34
8566.1  40700.95
8568.7  40588.25
8571.3  40282.85
8573.9  40633.34
8576.5  41076.05
8579.1  41326.8
8581.7  41360.98
8584.3  41589.87
8586.9  41597.64
8589.5  41009.97
8592.1  40327.59
8594.7  40177.85
8597.3  40689.99
8599.9  41218.18
8602.5  41715.89
8605.1  42305.77
8607.7  41503.9
8610.3  40320.37
8612.9  39414.57
8615.5  38667.5
8618.1  37955.79
8620.7  38136.37
8623.3  38987.21
8625.9  40332.23
8628.5  41152.24
8631.1  40954.58
8633.7  40701.41
8636.3  40143.31
8638.9  39837.05
8641.5  39897.12
8644.1  40393.53
8646.7  40251.25
8649.3  39967.1
8651.9  39922.78
8654.5  39203.7
8657.1  35424.72
8659.7  30570.71
8662.3  30857.66
8664.9  34491.
8667.5  38220.6
8670.1  40271.12
8672.7  41208.54
8675.3  41417.14
8677.9  40995.12
8680.5  41541.4
8683.1  41156.7
8685.7  40080.79
8688.3  40687.68
8690.9  41736.62
8693.5  42861.91
8696.1  42759.68
8698.7  42850.61
8701.3  43160.14
8703.9  43082.11
8706.5  42513.32
8709.1  41985.14
8711.7  41643.41
8714.3  42337.87
8716.9  43602.24
8719.5  44181.06
8722.1  44403.47
8724.7  43817.95
8727.3  43549.41
8729.9  43177.37
8732.5  42257.25
8735.1  42535.57
8737.7  43424.14
8740.3  43740.46
8742.9  44116.29
8745.5  43995.32
8748.1  43203.5
8750.7  42899.41
8753.3  42906.79
8755.9  42596.74
8758.5  42849.37
8761.1  43082.46
8763.7  43531.33
8766.3  44057.75
8768.9  43678.05
8771.5  43351.95
8774.1  42422.39
8776.7  42206.96
8779.3  42758.88
8781.9  43547.85
8784.5  44376.49
8787.1  43570.29
8789.7  43004.53
8792.3  42118.48
8794.9  42525.83
8797.5  42832.58
8800.1  42088.38
8802.7  40605.71
8805.3  40127.79
8807.9  41852.33
8810.5  42586.84
8813.1  43211.72
8815.7  42851.97
8818.3  42133.89
8820.9  41589.89
8823.5  41673.12
8826.1  43109.17
8828.7  43628.24
8831.3  43573.48
8833.9  42580.51
8836.5  42116.46
8839.1  41408.8
8841.7  42082.97
8844.3  41647.19
8846.9  42671.86
8849.5  43301.54
8852.1  43373.78
8854.7  42841.77
8857.3  42321.67
8859.9  41328.5
8862.5  40454.54
8865.1  39762.82
8867.7  40287.05
8870.3  41553.32
8872.9  41943.31
8875.5  42241.05
8878.1  42308.79
8880.7  41984.4
8883.3  41876.31
8885.9  41983.42
8888.5  41151.25
8891.1  40832.35
8893.7  41884.02
8896.3  42242.64
8898.9  42635.37
8901.5  42097.24
8904.1  41732.54
8906.7  41295.68
8909.3  40573.79
8911.9  40890.67
8914.5  40828.78
8917.1  41688.07
8919.7  42121.32
8922.3  41610.91
8924.9  40925.33
8927.5  40554.23
8930.1  40420.69
8932.7  40301.28
8935.3  40324.86
8937.9  40333.49
8940.5  40144.99
8943.1  39715.46
8945.7  39465.89
8948.3  39293.68
8950.9  39304.44
8953.5  38933.44
8956.1  37954.18
8958.7  37424.4
8961.3  37337.97
8963.9  37688.81
8966.5  37784.28
8969.1  37482.55
8971.7  37446.29
8974.3  36671.33
8976.9  36281.24
8979.5  37151.91
8982.1  36510.38
8984.7  34499.25
8987.3  33779.18
8989.9  34575.64
8992.5  36692.59
8995.1  37003.26
8997.7  35928.1
9000.3  35595.92
9002.9  35670.42
9005.5  35497.57
9008.1  35370.1
9010.7  34909.44
9013.3  34688.24
9015.9  35420.83
9018.5  35350.36
9021.1  34925.61
9023.7  35502.43
9026.3  36157.62
9028.9  37356.52
9031.5  39558.29
9034.1  40593.27
9036.7  39880.16
9039.3  39721.75
9041.9  39862.8
9044.5  39314.65
9047.1  38346.71
9049.7  37867.29
9052.3  38024.53
9054.9  37508.95
9057.5  36284.07
9060.1  36407.76
9062.7  37079.07
9065.3  36297.37
9067.9  35694.27
9070.5  35529.13
9073.1  35428.99
9075.7  33732.44
9078.3  33733.73
9080.9  33930.86
9083.5  33183.41
9086.1  32874.01
9088.7  33880.98
9091.3  34773.04
9093.9  35603.85
9096.5  34346.83
9099.1  34144.31
9101.7  33447.79
9104.3  32794.28
9106.9  33631.69
9109.5  34430.53
9112.1  34431.46
9114.7  34111.7
9117.3  33937.74
9119.9  35435.79
9122.5  35143.99
9125.1  33625.41
9127.7  32927.71
9130.3  31291.28
9132.9  30678.58
9135.5  31698.25
9138.1  32745.92
9140.7  33505.31
9143.3  34101.86
9145.9  33333.84
9148.5  31752.26
9151.1  29735.46
9153.7  29717.88
9156.3  30409.12
9158.9  31838.64
9161.5  32965.05
9164.1  33228.37
9166.7  32443.67
9169.3  30538.45
9171.9  29290.5
9174.5  29773.43
9177.1  30644.36
9179.7  31010.25
9182.3  31082.35
9184.9  31684.43
9187.5  31841.36
9190.1  31623.13
9192.7  31869.51
9195.3  32139.41
9197.9  33236.23
9200.5  33503.53
9203.1  32788.65
9205.7  32096.67
9208.3  31011.15
9210.9  29993.78
9213.5  30180.64
9216.1  30968.96
9218.7  32076.85
9221.3  32584.46
9223.9  32511.45
9226.5  32232.55
9229.1  31674.4
9231.7  31053.99
9234.3  30762.89
9236.9  30720.62
9239.5  30854.23
9242.1  31452.82
9244.7  31939.13
9247.3  31638.1
9249.9  31880.35
9252.5  31703.12
9255.1  30560.06
9257.7  30451.14
9260.3  30843.65
9262.9  31186.11
9265.5  31500.85
9268.1  31805.1
9270.7  32024.02
9273.3  31596.53
9275.9  30309.64
9278.5  29710.81
9281.1  28745.36
9283.7  27954.67
9286.3  28100.62
9288.9  27661.32
9291.5  27346.52
9294.1  26723.92
9296.7  26368.76
9299.3  26812.44
9301.9  26441.85
9304.5  24816.29
9307.1  23891.88
9309.7  23592.44
9312.3  21058.2
9314.9  20872.35
9317.5  21655.87
9320.1  19720.71
9322.7  20092.42
9325.3  21344.72
9327.9  21242.51
9330.5  19249.49
9333.1  18512.62
9335.7  17517.48
9338.3  15274.16
9340.9  14897.75
9343.5  17017.29
9346.1  19381.66
9348.7  18432.52
9351.3  18691.53
9353.9  16241.48
9356.5  17387.73
9359.1  18719.86
9361.7  19068.58
9364.3  18322.21
9366.9  17896.99
9369.5  17778.88
9372.1  18856.22
9374.7  18269.49
9377.3  18030.64
9379.9  18690.93
9382.5  19432.07
9385.1  20107.55
9387.7  23290.71
9390.3  24373.98
9392.9  24225.68
9395.5  23716.88
9398.1  23116.78
9400.7  23256.37
9403.3  22986.5
9405.9  22330.08
9408.5  21671.56
9411.1  20984.69
9413.7  20632.41
9416.3  20949.29
9418.9  21758.45
9421.5  20609.36
9424.1  17906.91
9426.7  17940.68
9429.3  20268.76
9431.9  21228.45
9434.5  19438.19
9437.1  16619.82
9439.7  16132.13
9442.3  17112.32
9444.9  19168.31
9447.5  19838.92
9450.1  19772.53
9452.7  19002.68
9455.3  17914.85
9457.9  17747.56
9460.5  19296.14
9463.1  19785.71
9465.7  19549.91
9468.3  20338.7
9470.9  19780.41
9473.5  19419.77
9476.1  17965.78
9478.7  17276.65
9481.3  18613.42
9483.9  19359.87
9486.5  20689.94
9489.1  21064.31
9491.7  19017.88
9494.3  18124.42
9496.9  15181.27
9499.5  16545.52
9502.1  18415.85
9504.7  19157.06
9507.3  21935.44
9509.9  21328.27
9512.5  19984.23
9515.1  18290.07
9517.7  17137.06
9520.3  17670.54
9522.9  18048.37
9525.5  18176.82
9528.1  19569.36
9530.7  19583.83
9533.3  19300.61
9535.9  19463.02
9538.5  19031.65
9541.1  17599.84
9543.7  17943.34
9546.3  18798.03
9548.9  18736.96
9551.5  18118.23
9554.1  18255.12
9556.7  18869.42
9559.3  18285.97
9561.9  17265.61
9564.5  17534.58
9567.1  17832.41
9569.7  18882.67
9572.3  20297.94
9574.9  19669.37
9577.5  18923.09
9580.1  19259.43
9582.7  18698.13
9585.3  17357.13
9587.9  16570.98
9590.5  16906.42
9593.1  17166.73
9595.7  17772.32
9598.3  18723.36
9600.9  18614.1
9603.5  18652.49
9606.1  19600.33
9608.7  20077.51
9611.3  20027.82
9613.9  19692.57
9616.5  18698.89
9619.1  17685.66
9621.7  17361.76
9624.3  17459.1
9626.9  18433.13
9629.5  18921.18
9632.1  18240.61
9634.7  17826.24
9637.3  18390.24
9639.9  18583.08
9642.5  18246.16
9645.1  18389.8
9647.7  18952.2
9650.3  18950.38
9652.9  18705.55
9655.5  18171.98
9658.1  17509.57
9660.7  17623.32
9663.3  18224.96
9665.9  18559.65
9668.5  19311.82
9671.1  20064.45
9673.7  19826.72
9676.3  19185.09
9678.9  19422.84
9681.5  19081.02
9684.1  19297.87
9686.7  18668.55
9689.3  18901.7
9691.9  19195.49
9694.5  19318.12
9697.1  19271.59
9699.7  18926.86
9702.3  19502.55
9704.9  19618.07
9707.5  19631.34
9710.1  19422.78
9712.7  18809.04
9715.3  18608.06
9717.9  18043.46
9720.5  17904.26
9723.1  17780.65
9725.7  18016.65
9728.3  18106.59
9730.9  17929.6
9733.5  17465.2
9736.1  17400.
9738.7  17215.73
9741.3  17445.65
9743.9  17463.43
9746.5  16996.5
9749.1  17063.19
9751.7  16676.87
9754.3  16244.38
9756.9  16067.88
9759.5  16044.34
9762.1  16496.73
9764.7  17004.61
9767.3  17362.61
9769.9  17467.9
9772.5  17294.97
9775.1  16806.04
9777.7  15864.07
9780.3  15818.24
9782.9  15608.61
9785.5  16008.8
9788.1  16285.71
9790.7  16373.08
9793.3  16372.49
9795.9  16132.27
9798.5  16003.4
9801.1  15887.5
9803.7  15570.78
9806.3  15707.25
9808.9  15707.52
9811.5  15724.82
9814.1  16157.5
9816.7  16519.44
9819.3  16348.9
9821.9  16250.14
9824.5  16539.04
9827.1  15767.05
9829.7  15590.57
9832.3  15730.98
9834.9  15276.69
9837.5  15037.19
9840.1  15112.45
9842.7  14985.34
9845.3  15009.99
9847.9  15114.67
9850.5  15213.83
9853.1  15464.31
9855.7  15561.87
9858.3  15504.16
9860.9  15363.95
9863.5  15002.34
9866.1  14416.26
9868.7  14271.62
9871.3  14107.75
9873.9  13829.29
9876.5  14160.4
9879.1  14640.49
9881.7  14452.87
9884.3  14015.82
9886.9  14006.73
9889.5  14309.62
9892.1  14380.84
9894.7  14022.1
9897.3  14039.8
9899.9  14250.34
9902.5  13976.89
9905.1  13758.23
9907.7  13463.1
9910.3  13100.67
9912.9  13330.35
9915.5  13390.4
9918.1  13450.91
9920.7  13589.27
9923.3  13325.5
9925.9  13200.47
9928.5  13422.09
9931.1  13211.37
9933.7  13423.32
9936.3  13063.39
9938.9  12642.19
9941.5  12224.32
9944.1  12392.98
9946.7  12041.12
9949.3  11867.88
9951.9  11896.81
9954.5  11832.81
9957.1  11831.29
9959.7  11631.86
9962.3  12103.69
9964.9  12250.79
9967.5  12295.93
9970.1  12226.74
9972.7  11976.34
9975.3  11920.48
9977.9  11869.22
9980.5  11631.66
9983.1  11132.63
9985.7  11077.45
9988.3  10899.76
9990.9  10840.72
9993.5  10629.14
9996.1  10597.29
9998.7  11043.79
