3501.3  1.450115E-4
3503.9  2.303506E-4
3506.5  -6.371121E-4
3509.1  -0.001444868
3511.7  -2.836737E-4
3514.3  4.679689E-4
3516.9  2.839358E-4
3519.5  -5.681421E-4
3522.1  -4.408742E-4
3524.7  0.001279543
3527.3  1.098899E-4
3529.9  -4.710076E-4
3532.5  -2.533494E-4
3535.1  -0.001017721
3537.7  -2.366145E-4
3540.3  3.058127E-4
3542.9  -7.157269E-4
3545.5  -4.341764E-4
3548.1  -1.410753E-4
3550.7  -7.100176E-5
3553.3  2.519451E-4
3555.9  -9.566892E-4
3558.5  -6.122063E-4
3561.1  -3.736175E-4
3563.7  0.001619217
3566.3  5.797667E-4
3568.9  1.894041E-4
3571.5  -0.001089502
3574.1  7.774527E-4
3576.7  -1.751473E-4
3579.3  9.305391E-5
3581.9  -6.240941E-4
3584.5  -6.047192E-4
3587.1  -2.582434E-4
3589.7  -7.385837E-4
3592.3  4.521567E-4
3594.9  -0.001062848
3597.5  -6.425033E-4
3600.1  -5.364589E-4
3602.7  5.547575E-4
3605.3  -9.067889E-4
3607.9  -4.252275E-4
3610.5  -3.003993E-5
3613.1  -9.990493E-4
3615.7  -3.098611E-4
3618.3  6.568666E-4
3620.9  -9.566417E-4
3623.5  -6.204529E-4
3626.1  7.423984E-4
3628.7  2.622387E-4
3631.3  0.00104164
3633.9  2.503967E-4
3636.5  6.172789E-4
3639.1  -0.001360592
3641.7  1.579048E-5
3644.3  8.503269E-4
3646.9  -8.416129E-4
3649.5  2.765062E-4
3652.1  1.573580E-4
3654.7  -2.968315E-4
3657.3  3.369016E-4
3659.9  -4.418784E-4
3662.5  -9.355965E-4
3665.1  1.233433E-4
3667.7  1.003285E-4
3670.3  2.146605E-4
3672.9  5.363717E-4
3675.5  -9.828464E-4
3678.1  6.813817E-4
3680.7  7.674219E-4
3683.3  0.001439595
3685.9  -4.852715E-4
3688.5  4.714378E-4
3691.1  6.644583E-4
3693.7  3.251577E-4
3696.3  -3.904399E-4
3698.9  7.081895E-4
3701.5  -4.057166E-4
3704.1  7.085034E-4
3706.7  -9.077054E-4
3709.3  2.122295E-4
3711.9  -8.775285E-4
3714.5  -5.361733E-4
3717.1  -5.585207E-5
3719.7  -0.001509451
3722.3  6.860054E-4
3724.9  6.873921E-5
3727.5  5.560716E-5
3730.1  1.585017E-4
3732.7  5.005044E-5
3735.3  -0.002378897
3737.9  4.077847E-4
3740.5  7.880592E-4
3743.1  -0.002060145
3745.7  3.908054E-4
3748.3  0.001498569
3750.9  -6.501860E-4
3753.5  -3.970333E-4
3756.1  5.619338E-5
3758.7  7.035737E-4
3761.3  0.001103721
3763.9  0.001306879
3766.5  -7.888617E-5
3769.1  4.922202E-4
3771.7  6.759064E-4
3774.3  3.921998E-4
3776.9  3.019612E-4
3779.5  3.143731E-4
3782.1  5.130830E-4
3784.7  9.387757E-4
3787.3  -5.342701E-4
3789.9  7.826443E-4
3792.5  0.001313928
3795.1  -5.016539E-4
3797.7  0.001515534
3800.3  -0.00168734
3802.9  -0.001554315
3805.5  3.094106E-4
3808.1  -9.589990E-4
3810.7  7.743425E-4
3813.3  3.951824E-4
3815.9  -9.322074E-4
3818.5  -7.766415E-4
3821.1  7.044652E-4
3823.7  5.087889E-4
3826.3  2.886034E-7
3828.9  -6.978752E-4
3831.5  4.483394E-4
3834.1  0.002649709
3836.7  0.002106845
3839.3  0.001695462
3841.9  0.001369219
3844.5  0.001190371
3847.1  -0.001757425
3849.7  0.001700852
3852.3  -3.694867E-4
3854.9  -0.001751956
3857.5  -7.307141E-4
3860.1  0.001351205
3862.7  -0.001502669
3865.3  0.001733391
3867.9  0.002023379
3870.5  1.633998E-4
3873.1  -5.763756E-4
3875.7  4.122926E-4
3878.3  6.436131E-5
3880.9  0.00139473
3883.5  0.002704579
3886.1  -2.450015E-5
3888.7  -0.001206556
3891.3  -0.001774475
3893.9  -0.001942522
3896.5  0.001228992
3899.1  9.313675E-4
3901.7  -2.960747E-4
3904.3  -0.002736447
3906.9  8.719489E-4
3909.5  8.412337E-4
3912.1  8.312939E-4
3914.7  2.801760E-4
3917.3  2.867016E-4
3919.9  2.125123E-4
3922.5  -4.388528E-4
3925.1  0.001380088
3927.7  -5.085630E-4
3930.3  -8.692294E-4
3932.9  -6.768808E-4
3935.5  0.002492923
3938.1  3.540638E-4
3940.7  0.001220786
3943.3  -4.159364E-4
3945.9  3.576140E-4
3948.5  -1.219275E-4
3951.1  0.001854994
3953.7  0.003606129
3956.3  8.013340E-4
3958.9  -0.001041387
3961.5  -0.001648472
3964.1  6.941675E-4
3966.7  -6.203543E-4
3969.3  0.001676348
3971.9  -0.001584933
3974.5  -5.661892E-4
3977.1  -2.900911E-4
3979.7  0.001411546
3982.3  -8.410953E-4
3984.9  -0.001418283
3987.5  -7.248809E-4
3990.1  -0.001015535
3992.7  -0.003591523
3995.3  -0.001725779
3997.9  -4.332231E-4
4000.5  -0.001738249
4003.1  0.001375402
4005.7  0.002238407
4008.3  4.348775E-4
4010.9  -0.00103411
4013.5  -0.001376398
4016.1  -0.002068524
4018.7  -1.033308E-4
4021.3  4.221906E-4
4023.9  -0.001582832
4026.5  -0.001153605
4029.1  6.667858E-5
4031.7  6.184229E-5
4034.3  1.503191E-4
4036.9  0.001339493
4039.5  7.914652E-4
4042.1  0.001261985
4044.7  5.033764E-4
4047.3  0.001611629
4049.9  0.002564194
4052.5  -0.001103527
4055.1  0.002437315
4057.7  -0.003209469
4060.3  -8.639492E-4
4062.9  -1.220883E-4
4065.5  -8.941820E-4
4068.1  0.002933247
4070.7  6.435030E-4
4073.3  7.356989E-6
4075.9  0.002137415
4078.5  0.003603221
4081.1  -0.002215286
4083.7  -0.001062599
4086.3  -2.247603E-4
4088.9  -5.614616E-4
4091.5  -1.187726E-4
4094.1  0.002684924
4096.7  -4.519222E-4
4099.3  9.979678E-6
4101.9  -2.445484E-5
4104.5  -0.001185767
4107.1  -0.001834894
4109.7  -0.001445015
4112.3  1.654501E-4
4114.9  7.615282E-4
4117.5  -0.004018661
4120.1  -0.001115735
4122.7  0.005884504
4125.3  0.001148997
4127.9  8.483303E-5
4130.5  0.001292172
4133.1  6.787523E-4
4135.7  -0.001481251
4138.3  7.039007E-4
4140.9  6.793975E-4
4143.5  0.002876058
4146.1  1.976139E-4
4148.7  0.001681042
4151.3  -1.066228E-5
4153.9  -7.619521E-4
4156.5  -0.003919771
4159.1  -0.001587489
4161.7  0.002001603
4164.3  0.001413006
4166.9  -0.001451893
4169.5  0.00173891
4172.1  -0.005789551
4174.7  -4.516613E-4
4177.3  -0.00504904
4179.9  -0.001590675
4182.5  2.146991E-5
4185.1  5.689827E-4
4187.7  -7.488282E-5
4190.3  0.002148909
4192.9  3.001729E-4
4195.5  0.002177925
4198.1  0.003059216
4200.7  0.003105155
4203.3  4.601236E-4
4205.9  -0.001961079
4208.5  4.148441E-4
4211.1  2.867295E-5
4213.7  0.002894822
4216.3  -2.472736E-4
4218.9  -0.001954181
4221.5  -0.00251676
4224.1  -3.965696E-4
4226.7  0.003460838
4229.3  5.724650E-4
4231.9  5.419144E-5
4234.5  6.589598E-4
4237.1  0.001111104
4239.7  -0.00323601
4242.3  -3.702407E-4
4244.9  0.002157537
4247.5  -0.001487459
4250.1  -8.808784E-4
4252.7  -0.002570146
4255.3  -0.00173823
4257.9  0.00157357
4260.5  -1.549587E-4
4263.1  0.0049878
4265.7  -0.001000776
4268.3  -3.294906E-4
4270.9  0.001301011
4273.5  0.00442878
4276.1  0.00210876
4278.7  0.00323117
4281.3  0.001696777
4283.9  -0.002686367
4286.5  0.001580488
4289.1  -0.003116856
4291.7  0.004864847
4294.3  -0.001274056
4296.9  -8.008025E-4
4299.5  0.001649292
4302.1  6.171424E-5
4304.7  0.004653938
4307.3  -9.186719E-4
4309.9  -4.505396E-4
4312.5  0.002408372
4315.1  -6.180556E-4
4317.7  -0.002862731
4320.3  -0.002100945
4322.9  0.002279028
4325.5  -9.548970E-4
4328.1  8.722877E-4
4330.7  7.776589E-4
4333.3  0.002361957
4335.9  0.003817344
4338.5  0.002748262
4341.1  0.001603837
4343.7  0.001695778
4346.3  -4.417283E-4
4348.9  -5.033821E-4
4351.5  0.001654696
4354.1  0.001253177
4356.7  -0.002651503
4359.3  -0.002144133
4361.9  8.349435E-4
4364.5  0.002477118
4367.1  0.005837779
4369.7  0.008740515
4372.3  0.003698604
4374.9  9.314995E-4
4377.5  0.004369784
4380.1  -4.389806E-4
4382.7  -3.440101E-4
4385.3  9.291389E-4
4387.9  0.003309442
4390.5  -0.001098087
4393.1  -0.003521201
4395.7  -0.005604667
4398.3  -0.002842577
4400.9  0.001243154
4403.5  0.003706886
4406.1  0.002200878
4408.7  0.005232568
4411.3  0.005024376
4413.9  -0.002338885
4416.5  -0.001231539
4419.1  -8.865512E-4
4421.7  -0.002410862
4424.3  0.002224392
4426.9  4.588932E-5
4429.5  0.003827786
4432.1  0.001253048
4434.7  -6.194877E-4
4437.3  -3.766490E-4
4439.9  0.005125493
4442.5  -0.0025225
4445.1  0.001375048
4447.7  0.003134589
4450.3  0.00114804
4452.9  0.007920565
4455.5  0.001554682
4458.1  0.004091459
4460.7  3.743125E-4
4463.3  -0.001923019
4465.9  -3.420071E-4
4468.5  -7.354081E-4
4471.1  0.003263014
4473.7  0.005977404
4476.3  0.001173441
4478.9  0.006360023
4481.5  -0.004079612
4484.1  0.001683069
4486.7  -4.770602E-4
4489.3  0.003785995
4491.9  0.001893124
4494.5  0.004740748
4497.1  -0.001356213
4499.7  -0.003416637
4502.3  3.256555E-4
4504.9  5.754806E-4
4507.5  3.021909E-4
4510.1  0.005014555
4512.7  -0.002589905
4515.3  0.002846044
4517.9  0.006646293
4520.5  0.003282902
4523.1  0.002423695
4525.7  -1.100135E-4
4528.3  0.004427627
4530.9  -0.001039175
4533.5  -0.007189136
4536.1  0.002021698
4538.7  0.01280028
4541.3  0.003219367
4543.9  0.002760287
4546.5  -0.001707301
4549.1  -0.007685407
4551.7  0.009765363
4554.3  0.007982919
4556.9  0.004839616
4559.5  0.003921231
4562.1  -5.958739E-4
4564.7  -6.061234E-4
4567.3  0.002873863
4569.9  -0.001161235
4572.5  0.003854522
4575.1  -0.007564694
4577.7  -0.009395509
4580.3  -0.01279009
4582.9  -0.0110111
4585.5  -0.003533557
4588.1  -0.001467649
4590.7  -0.002645234
4593.3  -0.001983638
4595.9  -0.005178473
4598.5  0.002082847
4601.1  0.005295907
4603.7  -0.008017472
4606.3  -0.009136277
4608.9  -0.02011403
4611.5  -0.01934144
4614.1  -0.01623447
4616.7  -0.008884847
4619.3  -0.02145096
4621.9  -0.03101532
4624.5  -0.03265474
4627.1  -0.03756122
4629.7  -0.02352988
4632.3  -0.03847658
4634.9  -0.02439801
4637.5  -0.03375169
4640.1  -0.02852993
4642.7  -0.03376365
4645.3  -0.04551673
4647.9  -0.05395944
4650.5  -0.0549231
4653.1  -0.06310107
4655.7  -0.06167544
4658.3  -0.06743108
4660.9  -0.0790947
4663.5  -0.08618537
4666.1  -0.100802
4668.7  -0.1109923
4671.3  -0.1073104
4673.9  -0.08394915
4676.5  -0.1047486
4679.1  -0.1356169
4681.7  -0.1581935
4684.3  -0.1692844
4686.9  -0.1485215
4689.5  -0.153069
4692.1  -0.1727521
4694.7  -0.2070446
4697.3  -0.2125341
4699.9  -0.2181199
4702.5  -0.2350351
4705.1  -0.2484764
4707.7  -0.2842316
4710.3  -0.3163607
4712.9  -0.3019635
4715.5  -0.3283037
4718.1  -0.3636118
4720.7  -0.4147432
4723.3  -0.4214507
4725.9  -0.4730359
4728.5  -0.4709147
4731.1  -0.4737347
4733.7  -0.5013978
4736.3  -0.528065
4738.9  -0.5633346
4741.5  -0.6776208
4744.1  -0.7008833
4746.7  -0.667854
4749.3  -0.7466466
4751.9  -0.7884902
4754.5  -0.8078862
4757.1  -0.9025947
4759.7  -0.9168245
4762.3  -0.9326231
4764.9  -1.039822
4767.5  -1.06306
4770.1  -1.190986
4772.7  -1.357854
4775.3  -1.437373
4777.9  -1.615703
4780.5  -1.803215
4783.1  -1.884491
4785.7  -1.985312
4788.3  -2.173586
4790.9  -2.429077
4793.5  -2.645482
4796.1  -2.838315
4798.7  -3.18669
4801.3  -3.507344
4803.9  -4.079454
4806.5  -4.6515
4809.1  -5.284657
4811.7  -6.007
4814.3  -7.232291
4816.9  -8.531975
4819.5  -12.10564
4822.1  -17.87167
4824.7  -30.7988
4827.3  -118.4768
4829.9  68.84402
4832.5  28.60064
4835.1  17.49435
4837.7  12.63686
4840.3  10.33414
4842.9  8.73999
4845.5  6.717835
4848.1  6.080337
4850.7  5.340954
4853.3  4.867147
4855.9  4.30999
4858.5  3.825743
4861.1  3.520671
4863.7  3.233795
4866.3  2.939038
4868.9  2.820197
4871.5  2.91637
4874.1  2.785141
4876.7  2.678261
4879.3  2.627828
4881.9  2.67871
4884.5  2.631436
4887.1  2.476419
4889.7  2.337981
4892.3  2.189788
4894.9  2.294367
4897.5  2.267386
4900.1  2.260733
4902.7  2.168735
4905.3  2.193244
4907.9  2.191865
4910.5  2.220007
4913.1  1.911044
4915.7  1.796451
4918.3  1.932504
4920.9  1.777018
4923.5  1.670127
4926.1  1.734436
4928.7  1.674761
4931.3  1.704831
4933.9  1.639153
4936.5  1.617192
4939.1  1.662
4941.7  1.638961
4944.3  1.667781
4946.9  1.696205
4949.5  1.707007
4952.1  1.597008
4954.7  1.53343
4957.3  1.598025
4959.9  1.519876
4962.5  1.527448
4965.1  1.513106
4967.7  1.476205
4970.3  1.505736
4972.9  1.492226
4975.5  1.461827
4978.1  1.378179
4980.7  1.412212
4983.3  1.35507
4985.9  1.309652
4988.5  1.345936
4991.1  1.308624
4993.7  1.39209
4996.3  1.36505
4998.9  1.315186
5001.5  1.268
5004.1  1.260893
5006.7  1.242305
5009.3  1.199693
5011.9  1.239161
5014.5  1.169454
5017.1  1.150887
5019.7  1.175499
5022.3  1.147404
5024.9  1.192745
5027.5  1.201393
5030.1  1.243627
5032.7  1.198585
5035.3  1.233073
5037.9  1.179862
5040.5  1.138865
5043.1  1.188417
5045.7  1.180392
5048.3  1.197254
5050.9  1.194795
5053.5  1.184465
5056.1  1.221584
5058.7  1.242179
5061.3  1.251132
5063.9  1.210806
5066.5  1.179366
5069.1  1.138824
5071.7  1.153344
5074.3  1.156806
5076.9  1.162129
5079.5  1.107541
5082.1  1.139449
5084.7  1.077304
5087.3  1.078418
5089.9  1.100367
5092.5  1.133119
5095.1  1.177741
5097.7  1.150154
5100.3  1.16681
5102.9  1.159514
5105.5  1.025666
5108.1  1.097961
5110.7  1.116735
5113.3  1.138802
5115.9  1.138083
5118.5  1.086322
5121.1  1.122043
5123.7  1.005473
5126.3  0.8640056
5128.9  0.9874612
5131.5  1.085109
5134.1  1.054637
5136.7  1.031226
5139.3  1.020463
5141.9  1.030636
5144.5  1.015816
5147.1  1.044188
5149.7  1.034094
5152.3  1.004882
5154.9  0.9841316
5157.5  1.019783
5160.1  1.034693
5162.7  1.032263
5165.3  0.985676
5167.9  0.9670919
5170.5  0.8874407
5173.1  0.8514071
5175.7  0.8623709
5178.3  0.8891703
5180.9  0.9257883
5183.5  0.931927
5186.1  0.9043421
5188.7  0.9063668
5191.3  0.8940374
5193.9  0.9329112
5196.5  0.9460133
5199.1  0.9584467
5201.7  1.004557
5204.3  0.9942544
5206.9  0.9950106
5209.5  0.9635631
5212.1  0.9595043
5214.7  0.9573131
5217.3  0.9872477
5219.9  1.020016
5222.5  1.012402
5225.1  1.006791
5227.7  0.9932509
5230.3  0.9688397
5232.9  0.9375167
5235.5  0.9862218
5238.1  1.024421
5240.7  1.010984
5243.3  1.04081
5245.9  0.9850384
5248.5  1.003389
5251.1  0.9960431
5253.7  1.063346
5256.3  1.006217
5258.9  0.9817777
5261.5  0.9682469
5264.1  0.9891807
5266.7  0.8891421
5269.3  0.856921
5271.9  0.8626364
5274.5  0.898877
5277.1  0.9149321
5279.7  0.9530828
5282.3  0.9864274
5284.9  0.9697769
5287.5  0.989554
5290.1  1.013054
5292.7  1.039281
5295.3  1.014818
5297.9  1.026698
5300.5  0.9738687
5303.1  0.9934661
5305.7  0.9723927
5308.3  1.014363
5310.9  1.069286
5313.5  1.077786
5316.1  1.023505
5318.7  0.9968904
5321.3  1.007383
5323.9  0.9805426
5326.5  0.9499372
5329.1  0.9279842
5331.7  0.9426521
5334.3  0.9260821
5336.9  0.9804659
5339.5  0.9961378
5342.1  0.9953347
5344.7  0.9743047
5347.3  0.9784495
5349.9  0.9752981
5352.5  1.022663
5355.1  1.011376
5357.7  1.031809
5360.3  1.044499
5362.9  1.017935
5365.5  1.000872
5368.1  0.9775396
5370.7  0.9243143
5373.3  0.9368317
5375.9  0.9487848
5378.5  0.9703445
5381.1  1.005355
5383.7  1.014364
5386.3  0.9976124
5388.9  0.9600069
5391.5  0.9894892
5394.1  0.9968792
5396.7  0.9470932
5399.3  0.9452456
5401.9  0.9281034
5404.5  0.9231243
5407.1  0.9394149
5409.7  0.9281369
5412.3  0.9307547
5414.9  0.9463865
5417.5  0.9542988
5420.1  0.9775475
5422.7  0.9723408
5425.3  0.9527285
5427.9  0.9607466
5430.5  0.9528592
5433.1  0.96126
5435.7  0.9432771
5438.3  0.9531686
5440.9  0.9829631
5443.5  1.005962
5446.1  0.9948116
5448.7  0.9707427
5451.3  0.9803715
5453.9  0.9698216
5456.5  1.017532
5459.1  0.9803042
5461.7  0.9764356
5464.3  0.9961078
5466.9  0.9885077
5469.5  0.968627
5472.1  0.9679003
5474.7  0.9746014
5477.3  0.959344
5479.9  0.9537519
5482.5  0.9635769
5485.1  0.9497633
5487.7  0.9556359
5490.3  0.9815569
5492.9  0.983869
5495.5  0.9968289
5498.1  0.973513
5500.7  0.9659497
5503.3  0.9877916
5505.9  0.9885054
5508.5  0.9849805
5511.1  0.9723722
5513.7  0.9869245
5516.3  0.975512
5518.9  0.9896961
5521.5  0.9925571
5524.1  0.9879771
5526.7  0.9574171
5529.3  0.9722234
5531.9  0.9493065
5534.5  0.9500768
5537.1  0.9895921
5539.7  1.014056
5542.3  0.9808007
5544.9  0.9894106
5547.5  1.001288
5550.1  0.9998242
5552.7  1.017239
5555.3  1.028894
5557.9  0.99907
5560.5  0.9789776
5563.1  0.9722031
5565.7  0.9865459
5568.3  0.9861763
5570.9  1.045296
5573.5  1.040882
5576.1  1.011684
5578.7  0.9529222
5581.3  0.8968044
5583.9  0.9049102
5586.5  0.8509535
5589.1  0.884764
5591.7  0.9243122
5594.3  0.9268024
5596.9  0.920989
5599.5  0.9444209
5602.1  0.9585972
5604.7  0.953197
5607.3  0.9707335
5609.9  1.003495
5612.5  0.9996622
5615.1  0.9578915
5617.7  0.9547975
5620.3  0.9566005
5622.9  0.9761976
5625.5  0.9655876
5628.1  0.9746166
5630.7  0.9747648
5633.3  0.9768522
5635.9  0.9767354
5638.5  0.9907699
5641.1  0.9566548
5643.7  0.9596075
5646.3  0.9667219
5648.9  0.9914669
5651.5  0.9761061
5654.1  0.9689257
5656.7  0.9779327
5659.3  0.9486786
5661.9  0.9427215
5664.5  0.9293461
5667.1  0.9480316
5669.7  0.9655456
5672.3  0.9797605
5674.9  0.9945516
5677.5  0.996083
5680.1  0.994168
5682.7  0.9860405
5685.3  0.9747391
5687.9  0.9674732
5690.5  0.9752833
5693.1  0.9720563
5695.7  0.9753239
5698.3  0.9710103
5700.9  0.9889716
5703.5  0.9766542
5706.1  0.9370804
5708.7  0.9272653
5711.3  0.9322106
5713.9  0.9372389
5716.5  0.9412627
5719.1  0.9735727
5721.7  0.9935014
5724.3  0.9892837
5726.9  0.978123
5729.5  0.9863124
5732.1  0.9921016
5734.7  0.9886752
5737.3  0.9907109
5739.9  1.00227
5742.5  0.9980513
5745.1  0.9893181
5747.7  1.003409
5750.3  1.004809
5752.9  0.9850712
5755.5  0.9595293
5758.1  0.9648358
5760.7  0.9588228
5763.3  0.9873094
5765.9  1.001587
5768.5  0.979247
5771.1  0.9890081
5773.7  0.9849442
5776.3  0.9890741
5778.9  0.9771869
5781.5  0.9562611
5784.1  0.9488066
5786.7  0.9399612
5789.3  0.939485
5791.9  0.9809161
5794.5  0.979201
5797.1  0.9900432
5799.7  0.9858606
5802.3  1.003646
5804.9  0.9903296
5807.5  0.9932185
5810.1  0.9866149
5812.7  0.9810491
5815.3  0.9861509
5817.9  1.013969
5820.5  1.018973
5823.1  1.008609
5825.7  1.00321
5828.3  1.007747
5830.9  1.0029
5833.5  1.019508
5836.1  1.02113
5838.7  1.022045
5841.3  1.006378
5843.9  0.9916559
5846.5  1.026083
5849.1  1.004071
5851.7  0.988479
5854.3  0.9864312
5856.9  0.9847186
5859.5  0.9621259
5862.1  0.973452
5864.7  0.9953586
5867.3  0.9908462
5869.9  0.9949832
5872.5  1.015908
5875.1  1.007473
5877.7  1.009151
5880.3  1.018715
5882.9  1.010554
5885.5  0.9868512
5888.1  0.9492109
5890.7  0.9349598
5893.3  0.8913624
5895.9  0.8606149
5898.5  0.8537942
5901.1  0.892665
5903.7  0.9474173
5906.3  1.005484
5908.9  1.006554
5911.5  0.9942899
5914.1  0.9889594
5916.7  0.9920344
5919.3  1.002208
5921.9  1.00015
5924.5  0.9990855
5927.1  1.007426
5929.7  0.9994451
5932.3  0.9946734
5934.9  0.9855102
5937.5  0.9970539
5940.1  1.000975
5942.7  1.007789
5945.3  1.02519
5947.9  1.00745
5950.5  0.9917796
5953.1  0.9846001
5955.7  0.9937965
5958.3  1.000658
5960.9  0.9749209
5963.5  0.9997938
5966.1  0.9960992
5968.7  1.019946
5971.3  1.011394
5973.9  1.004875
5976.5  0.9983752
5979.1  0.9819686
5981.7  0.9838244
5984.3  0.9796271
5986.9  0.9729742
5989.5  0.9855736
5992.1  0.9847433
5994.7  1.00796
5997.3  0.9428464
5999.9  0.970942
6002.5  1.002174
6005.1  0.9919591
6007.7  0.9746966
6010.3  0.9819787
6012.9  0.9754164
6015.5  0.9843248
6018.1  0.9816437
6020.7  0.9760336
6023.3  0.9651169
6025.9  0.9622409
6028.5  0.9838663
6031.1  0.988694
6033.7  0.996414
6036.3  1.013776
6038.9  1.003523
6041.5  1.023098
6044.1  1.02798
6046.7  1.002867
6049.3  1.002736
6051.9  1.010894
6054.5  1.010711
6057.1  1.009971
6059.7  1.0161
6062.3  1.013252
6064.9  1.001415
6067.5  1.000584
6070.1  1.000773
6072.7  0.998251
6075.3  1.011528
6077.9  1.011603
6080.5  0.9839809
6083.1  1.008076
6085.7  1.01089
6088.3  0.9835168
6090.9  0.9899517
6093.5  0.9942479
6096.1  0.9908438
6098.7  0.9901128
6101.3  0.981692
6103.9  0.9805678
6106.5  0.9743878
6109.1  0.9769773
6111.7  0.9945995
6114.3  1.011542
6116.9  1.002705
6119.5  0.9937764
6122.1  0.9811808
6124.7  0.9876732
6127.3  0.9907237
6129.9  0.9962002
6132.5  0.9966655
6135.1  0.9806177
6137.7  0.965445
6140.3  0.9587166
6142.9  0.9610901
6145.5  0.9860839
6148.1  0.9917923
6150.7  0.9901971
6153.3  0.9911332
6155.9  0.9836019
6158.5  0.9620624
6161.1  0.9550287
6163.7  0.9456798
6166.3  0.9213812
6168.9  0.9345997
6171.5  0.9438695
6174.1  0.9545301
6176.7  0.9664215
6179.3  0.9664459
6181.9  0.9801963
6184.5  0.9992655
6187.1  0.9914412
6189.7  0.9861205
6192.3  0.9840342
6194.9  0.9837857
6197.5  0.9843367
6200.1  0.9900693
6202.7  0.999055
6205.3  1.004271
6207.9  1.002935
6210.5  1.004105
6213.1  0.9834968
6215.7  0.9748611
6218.3  0.9760334
6220.9  0.9692234
6223.5  0.9795334
6226.1  0.9803723
6228.7  0.9858153
6231.3  0.9807841
6233.9  0.9800962
6236.5  0.9645817
6239.1  0.9792156
6241.7  0.9819627
6244.3  0.9751612
6246.9  0.9731988
6249.5  0.9684302
6252.1  0.9693472
6254.7  0.9737104
6257.3  0.9549249
6259.9  0.9560806
6262.5  0.9829516
6265.1  0.9847458
6267.7  0.9846401
6270.3  0.9968494
6272.9  0.9778045
6275.5  0.9741324
6278.1  0.9671109
6280.7  0.9497063
6283.3  0.9365841
6285.9  0.9351088
6288.5  0.9640567
6291.1  0.9953499
6293.7  1.069595
6296.3  1.027229
6298.9  1.008131
6301.5  0.9541503
6304.1  0.9074119
6306.7  0.8714003
6309.3  0.9215535
6311.9  0.9648002
6314.5  0.9628844
6317.1  0.9698602
6319.7  0.9534003
6322.3  0.964525
6324.9  0.98478
6327.5  0.9920679
6330.1  1.007789
6332.7  1.012094
6335.3  0.9927215
6337.9  0.9720415
6340.5  0.9738835
6343.1  0.986161
6345.7  0.9891149
6348.3  0.9960929
6350.9  0.9980182
6353.5  1.01589
6356.1  1.038831
6358.7  1.023079
6361.3  0.9790164
6363.9  0.974473
6366.5  0.9831768
6369.1  0.9669837
6371.7  0.9780269
6374.3  0.9990117
6376.9  1.010912
6379.5  1.002765
6382.1  1.005481
6384.7  1.006311
6387.3  1.014341
6389.9  1.013215
6392.5  1.023421
6395.1  1.005834
6397.7  0.9905043
6400.3  0.9892412
6402.9  0.9945611
6405.5  0.9749993
6408.1  0.9825755
6410.7  0.9940454
6413.3  0.9843012
6415.9  0.9846209
6418.5  0.9938466
6421.1  0.9852401
6423.7  1.00106
6426.3  0.9996395
6428.9  1.017357
6431.5  1.017704
6434.1  1.007039
6436.7  0.9926253
6439.3  0.9969892
6441.9  1.001385
6444.5  1.005648
6447.1  1.003739
6449.7  1.016494
6452.3  0.9989269
6454.9  0.9822909
6457.5  0.9971285
6460.1  0.9988729
6462.7  0.9984354
6465.3  0.9972963
6467.9  1.019935
6470.5  0.9969663
6473.1  1.022071
6475.7  0.9986672
6478.3  1.014687
6480.9  1.026763
6483.5  1.012549
6486.1  1.006857
6488.7  1.012673
6491.3  1.007551
6493.9  0.9881666
6496.5  0.962007
6499.1  0.9475739
6501.7  0.9742085
6504.3  0.991264
6506.9  1.010414
6509.5  1.019671
6512.1  1.017815
6514.7  1.021747
6517.3  1.024443
6519.9  1.004511
6522.5  0.9926302
6525.1  1.01377
6527.7  1.033471
6530.3  1.019512
6532.9  1.005605
6535.5  1.009114
6538.1  1.016457
6540.7  1.019975
6543.3  1.023494
6545.9  1.014609
6548.5  0.9954407
6551.1  0.9905785
6553.7  0.9923986
6556.3  0.9709079
6558.9  0.9418833
6561.5  0.8955363
6564.1  0.8428948
6566.7  0.8218578
6569.3  0.864571
6571.9  0.9338173
6574.5  0.9599398
6577.1  0.9858695
6579.7  1.000331
6582.3  1.012218
6584.9  0.9976497
6587.5  1.003877
6590.1  1.010185
6592.7  1.003056
6595.3  0.9936046
6597.9  1.000608
6600.5  1.007501
6603.1  1.019136
6605.7  1.013234
6608.3  1.00744
6610.9  1.010857
6613.5  1.008569
6616.1  1.019493
6618.7  1.028482
6621.3  1.03217
6623.9  1.045374
6626.5  1.03859
6629.1  1.019978
6631.7  1.017349
6634.3  1.018022
6636.9  1.006185
6639.5  1.01051
6642.1  1.017255
6644.7  1.019439
6647.3  1.008137
6649.9  1.026807
6652.5  1.044621
6655.1  1.041199
6657.7  1.01511
6660.3  1.020397
6662.9  1.031569
6665.5  1.020927
6668.1  1.028652
6670.7  1.023326
6673.3  1.01888
6675.9  1.02258
6678.5  1.022409
6681.1  1.015846
6683.7  1.024997
6686.3  1.026659
6688.9  1.048879
6691.5  1.039861
6694.1  1.031302
6696.7  1.029151
6699.3  1.037876
6701.9  1.022128
6704.5  1.018815
6707.1  1.009074
6709.7  1.014302
6712.3  1.002216
6714.9  1.018477
6717.5  1.007294
6720.1  0.9829968
6722.7  1.001166
6725.3  1.024096
6727.9  1.014904
6730.5  1.013738
6733.1  1.032462
6735.7  1.026536
6738.3  1.00871
6740.9  1.024318
6743.5  1.033831
6746.1  1.025314
6748.7  1.017846
6751.3  1.021057
6753.9  1.006422
6756.5  1.018311
6759.1  1.025167
6761.7  1.029173
6764.3  1.041293
6766.9  1.039913
6769.5  1.024597
6772.1  1.024323
6774.7  1.016587
6777.3  1.032928
6779.9  1.046603
6782.5  1.038051
6785.1  1.030937
6787.7  1.022914
6790.3  1.017285
6792.9  1.009415
6795.5  1.028546
6798.1  1.031363
6800.7  1.027651
6803.3  1.022354
6805.9  1.024765
6808.5  1.034991
6811.1  1.026265
6813.7  1.026638
6816.3  1.021178
6818.9  1.027295
6821.5  1.031193
6824.1  1.023654
6826.7  1.037797
6829.3  1.049211
6831.9  1.040335
6834.5  1.021948
6837.1  1.025586
6839.7  1.024292
6842.3  1.000473
6844.9  1.001295
6847.5  1.00679
6850.1  1.008994
6852.7  1.028845
6855.3  1.027274
6857.9  1.017044
6860.5  1.001908
6863.1  0.9879136
6865.7  0.9578575
6868.3  0.9135794
6870.9  0.836864
6873.5  0.7997845
6876.1  0.7953815
6878.7  0.8379471
6881.3  0.8994586
6883.9  0.930523
6886.5  0.9332106
6889.1  0.928228
6891.7  0.916175
6894.3  0.9160845
6896.9  0.9185408
6899.5  0.9179133
6902.1  0.9409871
6904.7  0.9585459
6907.3  0.9601781
6909.9  0.9559671
6912.5  0.9591534
6915.1  0.9701501
6917.7  0.9676363
6920.3  0.9784791
6922.9  0.9939933
6925.5  0.9892604
6928.1  0.9986777
6930.7  1.006399
6933.3  0.9982706
6935.9  1.004938
6938.5  1.02101
6941.1  1.031969
6943.7  1.031713
6946.3  1.026252
6948.9  1.015548
6951.5  1.013576
6954.1  1.008335
6956.7  1.019449
6959.3  1.030854
6961.9  1.033178
6964.5  1.034485
6967.1  1.035272
6969.7  1.039736
6972.3  1.022521
6974.9  1.022026
6977.5  1.032636
6980.1  1.009831
6982.7  0.9909951
6985.3  1.012393
6987.9  1.025378
6990.5  1.028508
6993.1  1.032821
6995.7  1.033848
6998.3  1.033352
7000.9  1.02837
7003.5  1.023111
7006.1  1.013429
7008.7  1.016956
7011.3  1.020784
7013.9  1.012529
7016.5  1.001982
7019.1  0.9923074
7021.7  1.005913
7024.3  1.016873
7026.9  1.014187
7029.5  1.02468
7032.1  1.020125
7034.7  1.012725
7037.3  1.020521
7039.9  1.029612
7042.5  1.026086
7045.1  1.036995
7047.7  1.060799
7050.3  1.052131
7052.9  1.036315
7055.5  1.02979
7058.1  1.036553
7060.7  1.031226
7063.3  1.017008
7065.9  1.025506
7068.5  1.025785
7071.1  1.016071
7073.7  1.017696
7076.3  1.032769
7078.9  1.032128
7081.5  1.030276
7084.1  1.043476
7086.7  1.036937
7089.3  1.011745
7091.9  1.013419
7094.5  1.02008
7097.1  1.02068
7099.7  1.024565
7102.3  1.021992
7104.9  1.036443
7107.5  1.033015
7110.1  1.019296
7112.7  1.013858
7115.3  1.020191
7117.9  1.017892
7120.5  1.011851
7123.1  1.020798
7125.7  1.01949
7128.3  1.011001
7130.9  1.01894
7133.5  1.017591
7136.1  1.010659
7138.7  1.012521
7141.3  1.021128
7143.9  1.023096
7146.5  1.005437
7149.1  0.9939786
7151.7  1.001308
7154.3  1.013189
7156.9  1.011259
7159.5  1.018596
7162.1  1.016878
7164.7  0.9943041
7167.3  0.9846359
7169.9  0.9934774
7172.5  1.000224
7175.1  1.000065
7177.7  1.001804
7180.3  0.986687
7182.9  0.9758714
7185.5  0.9680695
7188.1  0.9595676
7190.7  0.9392013
7193.3  0.9470661
7195.9  0.9637712
7198.5  0.9725011
7201.1  0.9766024
7203.7  0.9795013
7206.3  0.9656677
7208.9  0.95714
7211.5  0.980957
7214.1  0.9969441
7216.7  0.9911955
7219.3  1.003254
7221.9  1.006348
7224.5  1.002272
7227.1  0.9977943
7229.7  0.9920748
7232.3  0.9976186
7234.9  0.9980499
7237.5  0.996948
7240.1  0.9963334
7242.7  0.9842206
7245.3  0.9917007
7247.9  1.001539
7250.5  0.9963136
7253.1  0.9919633
7255.7  0.9961265
7258.3  0.9966702
7260.9  1.007143
7263.5  1.008836
7266.1  1.001252
7268.7  0.9940108
7271.3  1.00569
7273.9  1.015897
7276.5  1.002461
7279.1  0.9865572
7281.7  0.9831525
7284.3  0.9973783
7286.9  0.9954003
7289.5  0.9903869
7292.1  0.9711004
7294.7  0.9566123
7297.3  0.9669741
7299.9  0.9975384
7302.5  1.016022
7305.1  1.005567
7307.7  0.9994004
7310.3  1.004353
7312.9  0.9937347
7315.5  0.9951239
7318.1  1.013248
7320.7  1.018294
7323.3  1.021777
7325.9  1.006004
7328.5  1.006055
7331.1  0.9976488
7333.7  0.9986852
7336.3  1.01997
7338.9  1.025603
7341.5  1.007304
7344.1  1.024459
7346.7  1.025792
7349.3  1.019631
7351.9  1.018988
7354.5  1.004635
7357.1  0.9953037
7359.7  0.9988129
7362.3  1.004683
7364.9  1.002906
7367.5  0.9819487
7370.1  0.9962728
7372.7  1.008173
7375.3  1.032454
7377.9  1.006411
7380.5  1.021356
7383.1  1.004967
7385.7  1.005372
7388.3  0.9969113
7390.9  0.973963
7393.5  0.9731242
7396.1  0.9892983
7398.7  0.9936168
7401.3  1.015232
7403.9  1.002867
7406.5  0.9956348
7409.1  0.9893613
7411.7  0.9993076
7414.3  0.9801006
7416.9  0.972212
7419.5  0.984713
7422.1  0.9889831
7424.7  0.9914305
7427.3  0.9888398
7429.9  0.9908656
7432.5  0.9967294
7435.1  1.013016
7437.7  1.012895
7440.3  1.003558
7442.9  0.9748292
7445.5  0.9767864
7448.1  0.9901541
7450.7  0.9952111
7453.3  1.003824
7455.9  1.018735
7458.5  1.02405
7461.1  1.004606
7463.7  1.008088
7466.3  1.003526
7468.9  0.9992891
7471.5  1.012587
7474.1  1.003646
7476.7  1.01981
7479.3  1.018528
7481.9  1.014929
7484.5  1.010645
7487.1  1.009575
7489.7  1.018584
7492.3  1.00416
7494.9  1.004921
7497.5  1.00419
7500.1  1.003215
7502.7  1.003931
7505.3  1.007667
7507.9  1.007606
7510.5  0.9966916
7513.1  0.9911441
7515.7  0.9840294
7518.3  1.0029
7520.9  1.013452
7523.5  1.026361
7526.1  0.996893
7528.7  0.9884615
7531.3  0.9964457
7533.9  1.013008
7536.5  1.014757
7539.1  1.006582
7541.7  1.017078
7544.3  1.021667
7546.9  1.001308
7549.5  0.9946789
7552.1  1.003841
7554.7  1.00096
7557.3  0.9969593
7559.9  1.000242
7562.5  1.00323
7565.1  1.003567
7567.7  1.015744
7570.3  1.016291
7572.9  0.9979524
7575.5  0.9933522
7578.1  1.006292
7580.7  1.007741
7583.3  1.003781
7585.9  0.995088
7588.5  0.9668511
7591.1  0.9301522
7593.7  0.8927481
7596.3  0.779808
7598.9  0.6067206
7601.5  0.4521171
7604.1  0.360507
7606.7  0.3249357
7609.3  0.3200617
7611.9  0.3619304
7614.5  0.4465196
7617.1  0.5483952
7619.7  0.6552133
7622.3  0.7033886
7624.9  0.6850598
7627.5  0.616524
7630.1  0.5692981
7632.7  0.5466566
7635.3  0.5622293
7637.9  0.5912253
7640.5  0.6002899
7643.1  0.631049
7645.7  0.6698135
7648.3  0.6912478
7650.9  0.7273878
7653.5  0.7503226
7656.1  0.7759305
7658.7  0.7951804
7661.3  0.7993281
7663.9  0.8086033
7666.5  0.8284216
7669.1  0.8393856
7671.7  0.8759411
7674.3  0.9023869
7676.9  0.9251952
7679.5  0.9468105
7682.1  0.9553596
7684.7  0.9548417
7687.3  0.964836
7689.9  0.9610605
7692.5  0.9502018
7695.1  0.942241
7697.7  0.939074
7700.3  0.9581361
7702.9  0.9591768
7705.5  0.9687859
7708.1  0.976979
7710.7  0.9722765
7713.3  0.9665246
7715.9  0.9787097
7718.5  0.9534125
7721.1  0.9690003
7723.7  0.9903983
7726.3  0.9731137
7728.9  0.9833294
7731.5  0.9755195
7734.1  0.9851959
7736.7  0.9864741
7739.3  0.9828451
7741.9  0.9853668
7744.5  0.9744446
7747.1  0.9744509
7749.7  0.9580441
7752.3  0.9495332
7754.9  0.9552628
7757.5  0.9749481
7760.1  0.9919996
7762.7  0.9906765
7765.3  0.994881
7767.9  0.9877751
7770.5  0.9784212
7773.1  0.9711891
7775.7  0.9794205
7778.3  0.9724674
7780.9  0.9728121
7783.5  0.969708
7786.1  0.9786292
7788.7  0.9850112
7791.3  0.9792155
7793.9  0.9894208
7796.5  0.9942383
7799.1  0.9878908
7801.7  0.9870524
7804.3  0.9850587
7806.9  0.9840369
7809.5  0.9890307
7812.1  0.9845237
7814.7  0.9845425
7817.3  0.997586
7819.9  0.9951258
7822.5  1.000269
7825.1  1.004945
7827.7  1.006076
7830.3  0.9985057
7832.9  0.9846968
7835.5  0.9757314
7838.1  0.9701965
7840.7  0.9750524
7843.3  0.9849293
7845.9  0.992887
7848.5  1.002483
7851.1  1.004076
7853.7  0.9991502
7856.3  0.9954703
7858.9  0.9982281
7861.5  0.9974818
7864.1  0.9877943
7866.7  0.993512
7869.3  1.011189
7871.9  1.002981
7874.5  0.9934615
7877.1  0.9916252
7879.7  0.9959009
7882.3  0.9794182
7884.9  0.9869466
7887.5  0.9965109
7890.1  1.007764
7892.7  1.010433
7895.3  1.005317
7897.9  0.9902214
7900.5  0.9811943
7903.1  0.9974237
7905.7  1.001156
7908.3  1.002048
7910.9  0.9962788
7913.5  0.9705933
7916.1  0.9779336
7918.7  0.9651446
7921.3  0.9849312
7923.9  0.968558
7926.5  0.9789054
7929.1  0.981917
7931.7  0.9730663
7934.3  0.9553012
7936.9  0.9491562
7939.5  0.9478852
7942.1  0.9521737
7944.7  0.9603736
7947.3  0.9550038
7949.9  0.9574516
7952.5  0.9556453
7955.1  0.9814583
7957.7  0.9874244
7960.3  0.9930889
7962.9  0.9900039
7965.5  0.994137
7968.1  0.9942287
7970.7  0.9887229
7973.3  0.9920793
7975.9  0.9901208
7978.5  1.004148
7981.1  1.005263
7983.7  0.9953161
7986.3  0.9874228
7988.9  0.9941351
7991.5  0.9896569
7994.1  0.9979897
7996.7  0.9902512
7999.3  0.9788304
8001.9  0.9603674
8004.5  0.9770262
8007.1  1.005932
8009.7  0.9904835
8012.3  0.9898618
8014.9  0.9999676
8017.5  0.999145
8020.1  0.9986857
8022.7  0.9998226
8025.3  0.9932647
8027.9  0.9877051
8030.5  0.9797642
8033.1  0.9795308
8035.7  0.9907315
8038.3  0.9971552
8040.9  0.9909208
8043.5  0.9898779
8046.1  0.9798145
8048.7  0.9621931
8051.3  0.9596462
8053.9  0.9611973
8056.5  0.9847896
8059.1  0.9958882
8061.7  0.9875874
8064.3  0.990132
8066.9  1.001865
8069.5  0.9918004
8072.1  0.9815899
8074.7  0.9837777
8077.3  0.9796474
8079.9  0.9868544
8082.5  0.9895914
8085.1  0.9798332
8087.7  0.9710568
8090.3  0.9781091
8092.9  0.9770778
8095.5  0.9696243
8098.1  0.9620489
8100.7  0.9844089
8103.3  0.9935483
8105.9  0.9797832
8108.5  0.9985346
8111.1  0.9908528
8113.7  0.9777877
8116.3  1.002154
8118.9  0.9964337
8121.5  0.9959987
8124.1  0.9895679
8126.7  1.005107
8129.3  0.9968392
8131.9  0.979727
8134.5  0.9839242
8137.1  0.994005
8139.7  0.9935417
8142.3  0.9922817
8144.9  0.9794536
8147.5  0.9747065
8150.1  0.957139
8152.7  0.9666393
8155.3  0.9855551
8157.9  0.9832538
8160.5  0.9750897
8163.1  0.9657203
8165.7  0.9494922
8168.3  0.9493924
8170.9  0.9577277
8173.5  0.9671565
8176.1  0.9753016
8178.7  0.9722388
8181.3  0.964601
8183.9  0.9350041
8186.5  0.9257649
8189.1  0.9290416
8191.7  0.9306063
8194.3  0.9363378
8196.9  0.9342075
8199.5  0.9247977
8202.1  0.9444799
8204.7  0.9684241
8207.3  0.9717482
8209.9  0.9778119
8212.5  0.9808461
8215.1  0.9611109
8217.7  0.9544412
8220.3  0.9695632
8222.9  0.9676234
8225.5  0.9497171
8228.1  0.944706
8230.7  0.9412025
8233.3  0.928844
8235.9  0.9527484
8238.5  0.9687881
8241.1  0.9843492
8243.7  0.982255
8246.3  0.9766488
8248.9  0.9840683
8251.5  0.9825538
8254.1  0.9899624
8256.7  0.9894344
8259.3  0.9928834
8261.9  1.002534
8264.5  0.9900137
8267.1  0.9984381
8269.7  0.9884302
8272.3  0.9833767
8274.9  0.9787487
8277.5  0.9717507
8280.1  0.98454
8282.7  0.9946203
8285.3  0.9862585
8287.9  0.9899834
8290.5  0.9844893
8293.1  0.9626161
8295.7  0.9814678
8298.3  0.9970958
8300.9  0.9974564
8303.5  0.99967
8306.1  0.9753265
8308.7  0.9646459
8311.3  0.9625043
8313.9  0.9910836
8316.5  0.9974194
8319.1  0.98449
8321.7  0.9807405
8324.3  0.9731872
8326.9  0.9662149
8329.5  0.9657962
8332.1  0.9647964
8334.7  0.9688572
8337.3  0.9607475
8339.9  0.9614827
8342.5  0.9761093
8345.1  0.9721569
8347.7  0.9804138
8350.3  1.004494
8352.9  1.004871
8355.5  0.9906806
8358.1  0.9829552
8360.7  0.9815664
8363.3  0.9815019
8365.9  0.9747504
8368.5  0.9869874
8371.1  1.013686
8373.7  1.017727
8376.3  0.9972903
8378.9  0.9867253
8381.5  0.9780915
8384.1  0.9751807
8386.7  0.9921308
8389.3  0.9888923
8391.9  0.9877466
8394.5  1.000177
8397.1  0.9943588
8399.7  0.9981844
8402.3  1.012071
8404.9  1.004519
8407.5  1.018786
8410.1  1.020322
8412.7  1.020439
8415.3  1.01427
8417.9  1.001169
8420.5  0.9895462
8423.1  0.9957457
8425.7  0.9922228
8428.3  1.004192
8430.9  1.012893
8433.5  1.010407
8436.1  1.002303
8438.7  0.9603932
8441.3  0.969836
8443.9  0.9762231
8446.5  0.9953722
8449.1  1.007694
8451.7  1.021011
8454.3  1.009177
8456.9  0.9912333
8459.5  1.003371
8462.1  1.00973
8464.7  1.018503
8467.3  1.0182
8469.9  0.9987389
8472.5  0.9829857
8475.1  0.9851238
8477.7  1.002246
8480.3  1.015022
8482.9  1.02141
8485.5  1.014639
8488.1  1.020944
8490.7  1.022495
8493.3  0.9963382
8495.9  0.9634944
8498.5  0.9244072
8501.1  0.8877863
8503.7  0.9083502
8506.3  0.9673179
8508.9  1.013517
8511.5  1.006102
8514.1  0.9936466
8516.7  0.9739295
8519.3  0.9646005
8521.9  0.9809518
8524.5  1.009946
8527.1  1.007101
8529.7  1.013988
8532.3  1.010878
8534.9  0.9711992
8537.5  0.9295058
8540.1  0.8749515
8542.7  0.8160591
8545.3  0.7784223
8547.9  0.8069283
8550.5  0.8925117
8553.1  0.9717998
8555.7  0.9980866
8558.3  0.9926646
8560.9  0.9811826
8563.5  0.9758708
8566.1  0.9975084
8568.7  1.019293
8571.3  1.043132
8573.9  1.027937
8576.5  1.02275
8579.1  1.031279
8581.7  1.028843
8584.3  1.006849
8586.9  0.9907817
8589.5  0.9960959
8592.1  1.009665
8594.7  1.016669
8597.3  1.018695
8599.9  1.010697
8602.5  1.017671
8605.1  1.021629
8607.7  1.007024
8610.3  1.006748
8612.9  1.013143
8615.5  1.007509
8618.1  1.012973
8620.7  1.027225
8623.3  1.009249
8625.9  0.9876992
8628.5  1.006457
8631.1  1.029035
8633.7  1.030095
8636.3  1.048727
8638.9  1.036401
8641.5  1.037938
8644.1  1.030459
8646.7  1.020621
8649.3  1.006382
8651.9  0.979594
8654.5  0.9746962
8657.1  0.9722084
8659.7  0.9609309
8662.3  0.8926997
8664.9  0.839252
8667.5  0.8480802
8670.1  0.8948491
8672.7  0.962127
8675.3  1.006835
8677.9  1.005683
8680.5  1.017255
8683.1  1.012093
8685.7  0.9999678
8688.3  0.9912551
8690.9  0.973757
8693.5  0.9765406
8696.1  1.012771
8698.7  1.03725
8701.3  1.041471
8703.9  1.050102
8706.5  1.034938
8709.1  1.006675
8711.7  1.000022
8714.3  1.008845
8716.9  1.033922
8719.5  1.049224
8722.1  1.036531
8724.7  1.032849
8727.3  1.029692
8729.9  1.014004
8732.5  1.009896
8735.1  1.017682
8737.7  1.028213
8740.3  1.031204
8742.9  1.029843
8745.5  1.028644
8748.1  1.01116
8750.7  1.010975
8753.3  1.014057
8755.9  1.021845
8758.5  1.027047
8761.1  1.054856
8763.7  1.039801
8766.3  1.024981
8768.9  1.008994
8771.5  1.011842
8774.1  1.026425
8776.7  1.028834
8779.3  1.043285
8781.9  1.045025
8784.5  1.028826
8787.1  1.010552
8789.7  0.989404
8792.3  1.00808
8794.9  1.014815
8797.5  1.025107
8800.1  1.03935
8802.7  1.035095
8805.3  1.006192
8807.9  0.9636916
8810.5  0.9360012
8813.1  0.9691119
8815.7  1.026117
8818.3  1.049438
8820.9  1.059864
8823.5  1.049839
8826.1  1.028217
8828.7  1.010952
8831.3  0.9951579
8833.9  0.9944093
8836.5  1.021311
8839.1  1.032201
8841.7  1.029938
8844.3  1.041352
8846.9  1.055614
8849.5  1.021746
8852.1  1.011875
8854.7  1.002444
8857.3  1.013327
8859.9  1.021582
8862.5  1.036869
8865.1  1.004741
8867.7  0.9915235
8870.3  0.9753886
8872.9  0.969438
8875.5  0.9925368
8878.1  0.9968075
8880.7  1.02571
8883.3  1.028868
8885.9  1.043495
8888.5  1.060312
8891.1  1.027979
8893.7  1.020636
8896.3  1.019099
8898.9  1.004692
8901.5  0.9949595
8904.1  0.9962507
8906.7  1.015471
8909.3  1.043372
8911.9  1.053943
8914.5  1.053786
8917.1  1.043531
8919.7  1.020698
8922.3  0.9868708
8924.9  0.9584094
8927.5  0.9611008
8930.1  0.9705939
8932.7  0.9840436
8935.3  1.01194
8937.9  1.039861
8940.5  1.04936
8943.1  1.027179
8945.7  0.9999676
8948.3  0.9629078
8950.9  0.9722307
8953.5  0.9823141
8956.1  1.000196
8958.7  1.002659
8961.3  0.9971499
8963.9  0.9959029
8966.5  0.9851094
8969.1  0.9895167
8971.7  0.9637192
8974.3  0.9594285
8976.9  0.9587169
8979.5  0.956798
8982.1  0.9727981
8984.7  0.9723657
8987.3  0.9764152
8989.9  0.9642301
8992.5  0.9593433
8995.1  0.9477273
8997.7  0.9645904
9000.3  0.9611086
9002.9  0.9294763
9005.5  0.9044574
9008.1  0.9091912
9010.7  0.9233568
9013.3  0.9174981
9015.9  0.9157543
9018.5  0.9260885
9021.1  0.9202405
9023.7  0.9199626
9026.3  0.9236186
9028.9  0.9216779
9031.5  0.9276775
9034.1  0.9485032
9036.7  0.9608245
9039.3  0.9754015
9041.9  0.9970433
9044.5  1.014026
9047.1  1.015743
9049.7  1.001214
9052.3  0.9662847
9054.9  0.971364
9057.5  0.9596008
9060.1  0.9465879
9062.7  0.9447857
9065.3  0.944792
9067.9  0.9432088
9070.5  0.9687437
9073.1  0.9755141
9075.7  0.9586765
9078.3  0.9622084
9080.9  0.9368789
9083.5  0.9089968
9086.1  0.8948722
9088.7  0.9057267
9091.3  0.9076286
9093.9  0.9193243
9096.5  0.9375461
9099.1  0.9459345
9101.7  0.9438328
9104.3  0.9223265
9106.9  0.9101348
9109.5  0.9076963
9112.1  0.9248437
9114.7  0.9568722
9117.3  0.9646353
9119.9  0.9588456
9122.5  0.9483457
9125.1  0.929888
9127.7  0.922878
9130.3  0.9272973
9132.9  0.903963
9135.5  0.9214706
9138.1  0.9238604
9140.7  0.9442937
9143.3  0.9609677
9145.9  0.9770272
9148.5  0.9686052
9151.1  0.9306086
9153.7  0.9210359
9156.3  0.8783513
9158.9  0.8774601
9161.5  0.8905757
9164.1  0.9220942
9166.7  0.9479973
9169.3  0.9461016
9171.9  0.9495472
9174.5  0.946138
9177.1  0.9285945
9179.7  0.9073638
9182.3  0.9132216
9184.9  0.9060124
9187.5  0.9106418
9190.1  0.9181224
9192.7  0.9149541
9195.3  0.9270176
9197.9  0.9373524
9200.5  0.9419394
9203.1  0.9378313
9205.7  0.9172465
9208.3  0.8897024
9210.9  0.8887576
9213.5  0.9065417
9216.1  0.9203293
9218.7  0.9107279
9221.3  0.9068056
9223.9  0.916707
9226.5  0.8909054
9229.1  0.8629919
9231.7  0.858374
9234.3  0.8576901
9236.9  0.8745441
9239.5  0.8945413
9242.1  0.9098351
9244.7  0.9231123
9247.3  0.908632
9249.9  0.8850886
9252.5  0.8832432
9255.1  0.8782848
9257.7  0.8532314
9260.3  0.8622634
9262.9  0.8963743
9265.5  0.9000617
9268.1  0.9150214
9270.7  0.9084498
9273.3  0.8922466
9275.9  0.8795409
9278.5  0.8796083
9281.1  0.8741062
9283.7  0.8740042
9286.3  0.8986725
9288.9  0.909152
9291.5  0.9006031
9294.1  0.8741213
9296.7  0.8544208
9299.3  0.8377719
9301.9  0.825108
9304.5  0.8295608
9307.1  0.8364556
9309.7  0.8326614
9312.3  0.7970515
9314.9  0.8137329
9317.5  0.7790773
9320.1  0.7272255
9322.7  0.7029732
9325.3  0.7149823
9327.9  0.692698
9330.5  0.6921188
9333.1  0.726701
9335.7  0.7321853
9338.3  0.72227
9340.9  0.7135221
9343.5  0.7058389
9346.1  0.6687409
9348.7  0.6527414
9351.3  0.7133073
9353.9  0.7406017
9356.5  0.68964
9359.1  0.6379132
9361.7  0.6558263
9364.3  0.7264234
9366.9  0.7675601
9369.5  0.7474317
9372.1  0.6988912
9374.7  0.672209
9377.3  0.6563444
9379.9  0.6628651
9382.5  0.6640794
9385.1  0.6897678
9387.7  0.7412629
9390.3  0.7679254
9392.9  0.7897983
9395.5  0.8269536
9398.1  0.8048515
9400.7  0.7830124
9403.3  0.7561904
9405.9  0.7551489
9408.5  0.762194
9411.1  0.754202
9413.7  0.750551
9416.3  0.7403564
9418.9  0.7363623
9421.5  0.7541903
9424.1  0.7390184
9426.7  0.7109126
9429.3  0.6805099
9431.9  0.6626002
9434.5  0.686502
9437.1  0.706693
9439.7  0.7116924
9442.3  0.6658528
9444.9  0.6240995
9447.5  0.6460471
9450.1  0.6805295
9452.7  0.7191563
9455.3  0.7240372
9457.9  0.7057506
9460.5  0.6952457
9463.1  0.6944519
9465.7  0.7225845
9468.3  0.741328
9470.9  0.7505289
9473.5  0.737411
9476.1  0.7154639
9478.7  0.7091755
9481.3  0.6424058
9483.9  0.6685302
9486.5  0.6732516
9489.1  0.7160583
9491.7  0.7615255
9494.3  0.751337
9496.9  0.704356
9499.5  0.6665101
9502.1  0.6510663
9504.7  0.64651
9507.3  0.6691288
9509.9  0.70613
9512.5  0.7204744
9515.1  0.7234489
9517.7  0.7216386
9520.3  0.6851936
9522.9  0.6532561
9525.5  0.6498421
9528.1  0.6418655
9530.7  0.6482148
9533.3  0.6839792
9535.9  0.6963753
9538.5  0.6863967
9541.1  0.6989733
9543.7  0.7047527
9546.3  0.6690031
9548.9  0.6334749
9551.5  0.6456303
9554.1  0.6684102
9556.7  0.6570194
9559.3  0.6304587
9561.9  0.6506311
9564.5  0.6836737
9567.1  0.704433
9569.7  0.6616331
9572.3  0.6460344
9574.9  0.6675824
9577.5  0.6733593
9580.1  0.6641935
9582.7  0.6573968
9585.3  0.667757
9587.9  0.6738017
9590.5  0.6724042
9593.1  0.6772422
9595.7  0.6734359
9598.3  0.6701654
9600.9  0.6833224
9603.5  0.6838613
9606.1  0.6671001
9608.7  0.6552165
9611.3  0.6573076
9613.9  0.6833697
9616.5  0.6910523
9619.1  0.6951583
9621.7  0.6844473
9624.3  0.6524774
9626.9  0.6513111
9629.5  0.6417016
9632.1  0.647966
9634.7  0.6624822
9637.3  0.644492
9639.9  0.640407
9642.5  0.6503885
9645.1  0.6642989
9647.7  0.6681862
9650.3  0.6664081
9652.9  0.6545921
9655.5  0.6514363
9658.1  0.6433941
9660.7  0.6310458
9663.3  0.6246411
9665.9  0.6287987
9668.5  0.6623313
9671.1  0.6741807
9673.7  0.6794544
9676.3  0.6898668
9678.9  0.6703158
9681.5  0.6433582
9684.1  0.6384898
9686.7  0.6241294
9689.3  0.6450906
9691.9  0.642867
9694.5  0.6557373
9697.1  0.6660697
9699.7  0.6673379
9702.3  0.6730053
9704.9  0.6614844
9707.5  0.6760191
9710.1  0.6705325
9712.7  0.6611797
9715.3  0.6505111
9717.9  0.650322
9720.5  0.6477106
9723.1  0.6378375
9725.7  0.6451038
9728.3  0.6445161
9730.9  0.6401915
9733.5  0.6431165
9736.1  0.6484204
9738.7  0.6386018
9741.3  0.6122764
9743.9  0.6133983
9746.5  0.6165065
9749.1  0.602384
9751.7  0.6037316
9754.3  0.6110905
9756.9  0.6114824
9759.5  0.6185949
9762.1  0.6229473
9764.7  0.6139436
9767.3  0.6036472
9769.9  0.594507
9772.5  0.5886779
9775.1  0.5937884
9777.7  0.5846412
9780.3  0.5790116
9782.9  0.5961874
9785.5  0.5764914
9788.1  0.5807473
9790.7  0.6026543
9793.3  0.5973389
9795.9  0.5837842
9798.5  0.5900497
9801.1  0.6124012
9803.7  0.5926797
9806.3  0.5759594
9808.9  0.5758211
9811.5  0.5824059
9814.1  0.5764135
9816.7  0.5743434
9819.3  0.5945868
9821.9  0.5960615
9824.5  0.6065217
9827.1  0.5912193
9829.7  0.582853
9832.3  0.5676814
9834.9  0.573411
9837.5  0.5582988
9840.1  0.5476584
9842.7  0.5521124
9845.3  0.5743285
9847.9  0.5812041
9850.5  0.5590389
9853.1  0.5707601
9855.7  0.5900366
9858.3  0.5823013
9860.9  0.578243
9863.5  0.585424
9866.1  0.5604799
9868.7  0.5341792
9871.3  0.5427644
9873.9  0.5512539
9876.5  0.5371556
9879.1  0.5455195
9881.7  0.5653009
9884.3  0.5519751
9886.9  0.5578939
9889.5  0.5463324
9892.1  0.5379064
9894.7  0.5400367
9897.3  0.5452926
9899.9  0.5307228
9902.5  0.5359259
9905.1  0.5338864
9907.7  0.522316
9910.3  0.5094191
9912.9  0.5116799
9915.5  0.5079821
9918.1  0.5172486
9920.7  0.5535902
9923.3  0.5503685
9925.9  0.5322591
9928.5  0.5084876
9931.1  0.5087408
9933.7  0.503175
9936.3  0.4806843
9938.9  0.5055081
9941.5  0.4917161
9944.1  0.5023897
9946.7  0.5186419
9949.3  0.525396
9951.9  0.5094627
9954.5  0.5262858
9957.1  0.5008104
9959.7  0.5027337
9962.3  0.5033758
9964.9  0.4705735
9967.5  0.4672161
9970.1  0.4821076
9972.7  0.4973472
9975.3  0.4815311
9977.9  0.4656408
9980.5  0.4773693
9983.1  0.489958
9985.7  0.488543
9988.3  0.4826385
9990.9  0.4807732
9993.5  0.4725597
9996.1  0.4434094
9998.7  0.4523807
