3501.3  -9.24902
3503.9  -14.65495
3506.5  40.43063
3509.1  91.45786
3511.7  17.91052
3514.3  -29.4714
3516.9  -17.83598
3519.5  35.59792
3522.1  27.55316
3524.7  -79.76259
3527.3  -6.832625
3529.9  29.21068
3532.5  15.67168
3535.1  62.79201
3537.7  14.56115
3540.3  -18.77095
3542.9  43.81803
3545.5  26.51212
3548.1  8.592119
3550.7  4.313078
3553.3  -15.26481
3555.9  57.8125
3558.5  36.8988
3561.1  22.45966
3563.7  -97.08244
3566.3  -34.66941
3568.9  -11.29636
3571.5  64.80836
3574.1  -46.1242
3576.7  10.36355
3579.3  -5.491457
3581.9  36.7324
3584.5  35.49744
3587.1  15.11871
3589.7  43.12463
3592.3  -26.33011
3594.9  61.72643
3597.5  37.21427
3600.1  30.98865
3602.7  -31.95948
3605.3  52.09916
3607.9  24.36531
3610.5  1.716617
3613.1  56.93554
3615.7  17.61099
3618.3  -37.23159
3620.9  54.07537
3623.5  34.9762
3626.1  -41.73614
3628.7  -14.70218
3631.3  -58.23844
3633.9  -13.9613
3636.5  -34.32273
3639.1  75.44479
3641.7  -0.8731634
3644.3  -46.89027
3646.9  46.28111
3649.5  -15.16312
3652.1  -8.605229
3654.7  16.18719
3657.3  -18.32104
3659.9  23.96256
3662.5  50.59416
3665.1  -6.651298
3667.7  -5.395008
3670.3  -11.5105
3672.9  -28.68007
3675.5  52.40464
3678.1  -36.22782
3680.7  -40.68659
3683.3  -76.1063
3685.9  25.58149
3688.5  -24.78128
3691.1  -34.82755
3693.7  -16.99429
3696.3  20.34766
3698.9  -36.80094
3701.5  21.02222
3704.1  -36.60514
3706.7  46.76133
3709.3  -10.90152
3711.9  44.94481
3714.5  27.38155
3717.1  2.843964
3719.7  76.63614
3722.3  -34.72715
3724.9  -3.469533
3727.5  -2.798461
3730.1  -7.953207
3732.7  -2.503995
3735.3  118.6631
3737.9  -20.28072
3740.5  -39.07697
3743.1  101.8513
3745.7  -19.26344
3748.3  -73.64648
3750.9  31.85754
3753.5  19.39537
3756.1  -2.736846
3758.7  -34.16381
3761.3  -53.43241
3763.9  -63.07642
3766.5  3.795908
3769.1  -23.61321
3771.7  -32.32661
3774.3  -18.70063
3776.9  -14.354
3779.5  -14.8983
3782.1  -24.24075
3784.7  -44.21655
3787.3  25.0868
3789.9  -36.63598
3792.5  -61.31557
3795.1  23.33762
3797.7  -70.28593
3800.3  78.01048
3802.9  71.63645
3805.5  -14.21582
3808.1  43.92317
3810.7  -35.3545
3813.3  -17.98631
3815.9  42.29484
3818.5  35.1255
3821.1  -31.76038
3823.7  -22.86573
3826.3  -0.01292907
3828.9  31.1644
3831.5  -19.95722
3834.1  -117.5711
3836.7  -93.18397
3839.3  -74.74803
3841.9  -60.17066
3844.5  -52.14241
3847.1  76.73246
3849.7  -74.0218
3852.3  16.028
3854.9  75.75098
3857.5  31.49153
3860.1  -58.04241
3862.7  64.33721
3865.3  -73.97192
3867.9  -86.06288
3870.5  -6.927162
3873.1  24.35403
3875.7  -17.36319
3878.3  -2.701493
3880.9  -58.34731
3883.5  -112.7662
3886.1  1.018106
3888.7  49.97048
3891.3  73.24432
3893.9  79.9107
3896.5  -50.38712
3899.1  -38.05566
3901.7  12.05658
3904.3  111.0531
3906.9  -35.26567
3909.5  -33.90717
3912.1  -33.39181
3914.7  -11.21561
3917.3  -11.43734
3919.9  -8.448482
3922.5  17.38639
3925.1  -54.48658
3927.7  20.00857
3930.3  34.07929
3932.9  26.44535
3935.5  -97.05626
3938.1  -13.73629
3940.7  -47.19518
3943.3  16.02326
3945.9  -13.72779
3948.5  4.663866
3951.1  -70.70357
3953.7  -136.959
3956.3  -30.32562
3958.9  39.26908
3961.5  61.93826
3964.1  -25.98821
3966.7  23.14102
3969.3  -62.30655
3971.9  58.69528
3974.5  20.89162
3977.1  10.66496
3979.7  -51.70473
3982.3  30.69632
3984.9  51.57106
3987.5  26.26077
3990.1  36.65466
3992.7  129.1523
3995.3  61.82919
3997.9  15.46325
4000.5  61.8126
4003.1  -48.72665
4005.7  -79.00301
4008.3  -15.29096
4010.9  36.22372
4013.5  48.03131
4016.1  71.91021
4018.7  3.578532
4021.3  -14.56546
4023.9  54.39844
4026.5  39.49483
4029.1  -2.274028
4031.7  -2.100958
4034.3  -5.087013
4036.9  -45.15456
4039.5  -26.57669
4042.1  -42.21106
4044.7  -16.77115
4047.3  -53.48455
4049.9  -84.76228
4052.5  36.33439
4055.1  -79.93279
4057.7  104.8383
4060.3  28.10888
4062.9  3.956331
4065.5  28.86043
4068.1  -94.29283
4070.7  -20.60291
4073.3  -0.2345961
4075.9  -67.88084
4078.5  -113.9676
4081.1  69.78258
4083.7  33.33561
4086.3  7.022226
4088.9  17.46973
4091.5  3.680336
4094.1  -82.85204
4096.7  13.88766
4099.3  -0.3054013
4101.9  0.7452503
4104.5  35.98437
4107.1  55.44948
4109.7  43.48353
4112.3  -4.957699
4114.9  -22.72235
4117.5  119.3981
4120.1  33.00803
4122.7  -173.3425
4125.3  -33.70118
4127.9  -2.477514
4130.5  -37.57422
4133.1  -19.6514
4135.7  42.69893
4138.3  -20.20228
4140.9  -19.41363
4143.5  -81.82162
4146.1  -5.597176
4148.7  -47.40289
4151.3  0.2993266
4153.9  21.29535
4156.5  109.0619
4159.1  43.97154
4161.7  -55.1926
4164.3  -38.78671
4166.9  39.67365
4169.5  -47.30058
4172.1  156.765
4174.7  12.17377
4177.3  135.4636
4179.9  42.48049
4182.5  -0.5707228
4185.1  -15.05476
4187.7  1.972105
4190.3  -56.32894
4192.9  -7.831465
4195.5  -56.55425
4198.1  -79.06352
4200.7  -79.87029
4203.3  -11.77891
4205.9  49.96276
4208.5  -10.51839
4211.1  -0.7235062
4213.7  -72.69245
4216.3  6.179241
4218.9  48.59636
4221.5  62.2809
4224.1  9.765581
4226.7  -84.80422
4229.3  -13.95837
4231.9  -1.314795
4234.5  -15.90812
4237.1  -26.68939
4239.7  77.34102
4242.3  8.804241
4244.9  -51.04635
4247.5  35.01395
4250.1  20.62972
4252.7  59.88351
4255.3  40.29217
4257.9  -36.28722
4260.5  3.55491
4263.1  -113.8302
4265.7  22.72023
4268.3  7.441085
4270.9  -29.22685
4273.5  -98.96541
4276.1  -46.87217
4278.7  -71.43763
4281.3  -37.3131
4283.9  58.75721
4286.5  -34.3824
4289.1  67.43745
4291.7  -104.6845
4294.3  27.26596
4296.9  17.04378
4299.5  -34.90888
4302.1  -1.299006
4304.7  -97.4143
4307.3  19.12178
4309.9  9.325156
4312.5  -49.56676
4315.1  12.64815
4317.7  58.25071
4320.3  42.50561
4322.9  -45.84372
4325.5  19.09738
4328.1  -17.34411
4330.7  -15.37251
4333.3  -46.41729
4335.9  -74.57764
4338.5  -53.37435
4341.1  -30.96345
4343.7  -32.54322
4346.3  8.426307
4348.9  9.544582
4351.5  -31.18469
4354.1  -23.47399
4356.7  49.36336
4359.3  39.67254
4361.9  -15.35346
4364.5  -45.26826
4367.1  -106.0178
4369.7  -157.7386
4372.3  -66.32783
4374.9  -16.59901
4377.5  -77.37254
4380.1  7.722984
4382.7  6.013256
4385.3  -16.13626
4387.9  -57.10118
4390.5  18.82261
4393.1  59.96143
4395.7  94.80973
4398.3  47.76634
4400.9  -20.75034
4403.5  -61.45873
4406.1  -36.24333
4408.7  -85.58311
4411.3  -81.61689
4413.9  37.73237
4416.5  19.73078
4419.1  14.10498
4421.7  38.08871
4424.3  -34.89578
4426.9  -0.7148131
4429.5  -59.20107
4432.1  -19.24118
4434.7  9.444094
4437.3  5.700458
4439.9  -77.00763
4442.5  37.62139
4445.1  -20.3567
4447.7  -46.06131
4450.3  -16.74396
4452.9  -114.6522
4455.5  -22.33425
4458.1  -58.32986
4460.7  -5.295514
4463.3  26.99585
4465.9  4.763931
4468.5  10.16374
4471.1  -44.74207
4473.7  -81.31268
4476.3  -15.83554
4478.9  -85.13957
4481.5  54.17135
4484.1  -22.16691
4486.7  6.231674
4489.3  -49.04725
4491.9  -24.32155
4494.5  -60.39623
4497.1  17.13229
4499.7  42.79411
4502.3  -4.044036
4504.9  -7.084833
4507.5  -3.688034
4510.1  -60.66408
4512.7  31.05559
4515.3  -33.82406
4517.9  -78.28178
4520.5  -38.31824
4523.1  -28.03245
4525.7  1.260763
4528.3  -50.27251
4530.9  11.68926
4533.5  80.10889
4536.1  -22.31474
4538.7  -139.937
4541.3  -34.85674
4543.9  -29.59626
4546.5  18.12685
4549.1  80.79266
4551.7  -101.6362
4554.3  -82.25075
4556.9  -49.359
4559.5  -39.58359
4562.1  5.953112
4564.7  5.992482
4567.3  -28.11414
4569.9  11.23954
4572.5  -36.90835
4575.1  71.65167
4577.7  88.0217
4580.3  118.5036
4582.9  100.8855
4585.5  32.01113
4588.1  13.14477
4590.7  23.4199
4593.3  17.35891
4595.9  44.78641
4598.5  -17.80052
4601.1  -44.71879
4603.7  66.88139
4606.3  75.28301
4608.9  163.6918
4611.5  155.4371
4614.1  128.819
4616.7  69.59914
4619.3  165.8625
4621.9  236.6771
4624.5  245.8873
4627.1  279.0415
4629.7  172.431
4632.3  278.0898
4634.9  173.8836
4637.5  237.157
4640.1  197.6044
4642.7  230.4724
4645.3  306.1464
4647.9  357.5402
4650.5  358.4443
4653.1  405.5276
4655.7  390.2264
4658.3  419.94
4660.9  484.7233
4663.5  519.6332
4666.1  597.7773
4668.7  647.2289
4671.3  615.1599
4673.9  472.9595
4676.5  579.8188
4679.1  737.3402
4681.7  844.542
4684.3  887.1396
4686.9  763.7713
4689.5  772.1704
4692.1  854.5732
4694.7  1003.992
4697.3  1009.89
4699.9  1015.186
4702.5  1071.051
4705.1  1108.163
4707.7  1240.046
4710.3  1349.575
4712.9  1258.934
4715.5  1337.019
4718.1  1445.714
4720.7  1609.031
4723.3  1594.49
4725.9  1744.171
4728.5  1691.13
4731.1  1655.829
4733.7  1704.491
4736.3  1744.654
4738.9  1807.367
4741.5  2109.391
4744.1  2115.026
4746.7  1951.817
4749.3  2111.154
4751.9  2154.634
4754.5  2131.066
4757.1  2295.454
4759.7  2244.989
4762.3  2195.647
4764.9  2349.986
4767.5  2302.4
4770.1  2467.49
4772.7  2685.695
4775.3  2708.195
4777.9  2892.854
4780.5  3059.939
4783.1  3021.824
4785.7  2998.279
4788.3  3080.14
4790.9  3216.2
4793.5  3256.923
4796.1  3230.939
4798.7  3332.197
4801.3  3342.988
4803.9  3511.236
4806.5  3574.233
4809.1  3573.633
4811.7  3509.064
4814.3  3560.2
4816.9  3416.595
4819.5  3737.766
4822.1  3881.607
4824.7  3873.383
4827.3  4083.509
4829.9  3905.358
4832.5  4227.376
4835.1  4176.793
4837.7  4164.755
4840.3  4343.077
4842.9  4464.798
4845.5  4039.422
4848.1  4205.411
4850.7  4175.862
4853.3  4243.845
4855.9  4145.788
4858.5  4023.716
4861.1  4018.752
4863.7  3981.061
4866.3  3881.149
4868.9  3976.205
4871.5  4372.067
4874.1  4423.539
4876.7  4492.143
4879.3  4641.045
4881.9  4968.654
4884.5  5114.183
4887.1  5032.107
4889.7  4957.448
4892.3  4836.462
4894.9  5269.667
4897.5  5407.283
4900.1  5590.144
4902.7  5553.034
4905.3  5808.018
4907.9  5996.235
4910.5  6267.292
4913.1  5561.892
4915.7  5384.992
4918.3  5961.022
4920.9  5635.888
4923.5  5441.879
4926.1  5801.793
4928.7  5747.166
4931.3  5997.699
4933.9  5908.151
4936.5  5968.422
4939.1  6276.873
4941.7  6330.752
4944.3  6585.23
4946.9  6842.888
4949.5  7032.604
4952.1  6715.939
4954.7  6579.486
4957.3  6992.854
4959.9  6780.269
4962.5  6943.893
4965.1  7007.136
4967.7  6961.391
4970.3  7228.103
4972.9  7289.368
4975.5  7264.272
4978.1  6964.776
4980.7  7255.639
4983.3  7075.944
4985.9  6948.682
4988.5  7254.009
4991.1  7162.451
4993.7  7735.626
4996.3  7699.266
4998.9  7527.616
5001.5  7363.081
5004.1  7426.585
5006.7  7420.181
5009.3  7265.058
5011.9  7606.606
5014.5  7275.342
5017.1  7254.776
5019.7  7506.775
5022.3  7421.748
5024.9  7813.005
5027.5  7968.197
5030.1  8350.18
5032.7  8145.792
5035.3  8480.882
5037.9  8211.139
5040.5  8018.569
5043.1  8464.1
5045.7  8502.807
5048.3  8721.336
5050.9  8800.153
5053.5  8819.834
5056.1  9194.863
5058.7  9450.022
5061.3  9618.82
5063.9  9406.115
5066.5  9256.537
5069.1  9029.609
5071.7  9237.041
5074.3  9357.181
5076.9  9492.971
5079.5  9135.31
5082.1  9489.151
5084.7  9057.202
5087.3  9152.088
5089.9  9425.514
5092.5  9795.687
5095.1  10274.45
5097.7  10124.49
5100.3  10362.95
5102.9  10389.32
5105.5  9270.563
5108.1  10010.07
5110.7  10268.64
5113.3  10560.53
5115.9  10642.7
5118.5  10243.29
5121.1  10667.43
5123.7  9637.289
5126.3  8348.361
5128.9  9617.727
5131.5  10652.73
5134.1  10435.03
5136.7  10282.9
5139.3  10254.13
5141.9  10435.59
5144.5  10363.51
5147.1  10733.
5149.7  10708.38
5152.3  10482.65
5154.9  10341.28
5157.5  10793.59
5160.1  11030.11
5162.7  11082.62
5165.3  10657.18
5167.9  10529.48
5170.5  9729.348
5173.1  9398.57
5175.7  9584.592
5178.3  9949.366
5180.9  10428.66
5183.5  10567.74
5186.1  10322.68
5188.7  10413.59
5191.3  10338.69
5193.9  10857.79
5196.5  11080.73
5199.1  11297.6
5201.7  11915.69
5204.3  11867.16
5206.9  11949.82
5209.5  11643.33
5212.1  11665.06
5214.7  11708.93
5217.3  12147.66
5219.9  12625.75
5222.5  12605.72
5225.1  12609.56
5227.7  12512.56
5230.3  12275.72
5232.9  11947.14
5235.5  12639.55
5238.1  13203.52
5240.7  13103.64
5243.3  13565.56
5245.9  12909.86
5248.5  13222.79
5251.1  13197.75
5253.7  14166.03
5256.3  13477.21
5258.9  13220.29
5261.5  13107.41
5264.1  13461.53
5266.7  12163.59
5269.3  11783.85
5271.9  11923.83
5274.5  12488.62
5277.1  12776.58
5279.7  13376.83
5282.3  13914.55
5284.9  13748.13
5287.5  14098.25
5290.1  14504.34
5292.7  14952.85
5295.3  14672.04
5297.9  14915.71
5300.5  14216.29
5303.1  14571.71
5305.7  14330.37
5308.3  15019.47
5310.9  15906.96
5313.5  16108.17
5316.1  15367.77
5318.7  15037.06
5321.3  15264.85
5323.9  14925.7
5326.5  14525.17
5329.1  14253.22
5331.7  14543.15
5334.3  14350.89
5336.9  15260.65
5339.5  15572.55
5342.1  15627.79
5344.7  15363.85
5347.3  15495.64
5349.9  15511.84
5352.5  16334.37
5355.1  16222.42
5357.7  16619.77
5360.3  16894.5
5362.9  16533.25
5365.5  16323.3
5368.1  16008.27
5370.7  15198.47
5373.3  15466.85
5375.9  15727.45
5378.5  16149.43
5381.1  16798.91
5383.7  17016.73
5386.3  16801.79
5388.9  16231.91
5391.5  16795.71
5394.1  16986.84
5396.7  16200.8
5399.3  16231.26
5401.9  15997.76
5404.5  15972.36
5407.1  16315.62
5409.7  16180.29
5412.3  16286.54
5414.9  16621.59
5417.5  16822.5
5420.1  17295.68
5422.7  17266.45
5425.3  16979.7
5427.9  17184.53
5430.5  17104.78
5433.1  17317.35
5435.7  17053.88
5438.3  17293.73
5440.9  17897.14
5443.5  18380.08
5446.1  18239.72
5448.7  17860.15
5451.3  18099.54
5453.9  17966.22
5456.5  18914.45
5459.1  18284.35
5461.7  18273.76
5464.3  18704.59
5466.9  18623.99
5469.5  18310.18
5472.1  18357.05
5474.7  18545.05
5477.3  18314.57
5479.9  18267.22
5482.5  18515.32
5485.1  18308.84
5487.7  18481.25
5490.3  19043.24
5492.9  19148.85
5495.5  19462.52
5498.1  19067.19
5500.7  18978.38
5503.3  19468.07
5505.9  19542.64
5508.5  19533.13
5511.1  19342.39
5513.7  19691.95
5516.3  19523.51
5518.9  19867.42
5521.5  19984.96
5524.1  19952.47
5526.7  19393.07
5529.3  19751.53
5531.9  19343.04
5534.5  19415.74
5537.1  20282.56
5539.7  20844.62
5542.3  20219.58
5544.9  20456.02
5547.5  20761.15
5550.1  20790.16
5552.7  21212.55
5555.3  21516.47
5557.9  20951.79
5560.5  20588.13
5563.1  20502.85
5565.7  20863.28
5568.3  20913.28
5570.9  22228.16
5573.5  22195.09
5576.1  21631.47
5578.7  20430.51
5581.3  19279.45
5583.9  19506.19
5586.5  18392.35
5589.1  19174.24
5591.7  20084.62
5594.3  20192.07
5596.9  20118.33
5599.5  20684.34
5602.1  21049.71
5604.7  20985.58
5607.3  21427.01
5609.9  22207.28
5612.5  22179.27
5615.1  21306.85
5617.7  21292.08
5620.3  21386.33
5622.9  21879.5
5625.5  21696.06
5628.1  21953.71
5630.7  22011.71
5633.3  22113.51
5635.9  22165.44
5638.5  22539.18
5641.1  21816.35
5643.7  21937.
5646.3  22153.23
5648.9  22775.15
5651.5  22476.23
5654.1  22364.31
5656.7  22626.03
5659.3  22001.28
5661.9  21914.82
5664.5  21654.74
5667.1  22141.91
5669.7  22603.59
5672.3  22989.65
5674.9  23390.73
5677.5  23480.73
5680.1  23489.37
5682.7  23350.57
5685.3  23135.45
5687.9  23015.03
5690.5  23253.17
5693.1  23228.31
5695.7  23358.53
5698.3  23307.03
5700.9  23790.83
5703.5  23546.44
5706.1  22642.05
5708.7  22453.99
5711.3  22623.
5713.9  22794.47
5716.5  22941.87
5719.1  23780.53
5721.7  24319.4
5724.3  24267.92
5726.9  24045.21
5729.5  24297.94
5732.1  24492.17
5734.7  24458.91
5737.3  24560.59
5739.9  24898.99
5742.5  24845.69
5745.1  24679.22
5747.7  25082.31
5750.3  25168.84
5752.9  24724.89
5755.5  24132.82
5758.1  24315.47
5760.7  24212.73
5763.3  24982.22
5765.9  25394.25
5768.5  24877.38
5771.1  25175.28
5773.7  25121.45
5776.3  25276.51
5778.9  25021.74
5781.5  24533.8
5784.1  24389.96
5786.7  24209.45
5789.3  24243.93
5791.9  25361.8
5794.5  25365.99
5797.1  25695.82
5799.7  25635.93
5802.3  26147.83
5804.9  25849.58
5807.5  25973.71
5810.1  25849.32
5812.7  25751.42
5815.3  25933.39
5817.9  26714.29
5820.5  26895.57
5823.1  26670.88
5825.7  26576.61
5828.3  26745.43
5830.9  26665.06
5833.5  27155.62
5836.1  27247.78
5838.7  27321.08
5841.3  26950.32
5843.9  26603.3
5846.5  27575.67
5849.1  27031.71
5851.7  26658.74
5854.3  26650.1
5856.9  26650.24
5859.5  26084.06
5862.1  26436.81
5864.7  27078.37
5867.3  27001.9
5869.9  27161.04
5872.5  27779.53
5875.1  27595.65
5877.7  27688.35
5880.3  27997.86
5882.9  27820.2
5885.5  27213.1
5888.1  26218.74
5890.7  25867.96
5893.3  24702.49
5895.9  23889.66
5898.5  23739.19
5901.1  24860.53
5903.7  26428.33
5906.3  28093.6
5908.9  28168.92
5911.5  27870.48
5914.1  27765.51
5916.7  27896.32
5919.3  28227.24
5921.9  28213.93
5924.5  28228.41
5927.1  28508.84
5929.7  28327.3
5932.3  28236.07
5934.9  28019.46
5937.5  28391.58
5940.1  28547.23
5942.7  28785.75
5945.3  29327.64
5947.9  28864.13
5950.5  28458.36
5953.1  28295.14
5955.7  28602.51
5958.3  28843.3
5960.9  28143.51
5963.5  28904.59
5966.1  28840.58
5968.7  29574.76
5971.3  29370.02
5973.9  29223.62
5976.5  29077.09
5979.1  28640.97
5981.7  28736.79
5984.3  28655.61
5986.9  28502.05
5989.5  28912.61
5992.1  28929.61
5994.7  29653.91
5997.3  27777.67
5999.9  28645.89
6002.5  29609.04
6005.1  29348.41
6007.7  28878.04
6010.3  29134.34
6012.9  28979.84
6015.5  29284.99
6018.1  29245.49
6020.7  29118.3
6023.3  28832.01
6025.9  28785.28
6028.5  29472.18
6031.1  29656.88
6033.7  29928.74
6036.3  30491.11
6038.9  30223.14
6041.5  30853.77
6044.1  31042.17
6046.7  30323.9
6049.3  30359.9
6051.9  30647.09
6054.5  30681.64
6057.1  30699.14
6059.7  30925.54
6062.3  30878.75
6064.9  30557.37
6067.5  30571.21
6070.1  30616.12
6072.7  30577.9
6075.3  31023.94
6077.9  31065.51
6080.5  30255.34
6083.1  31035.14
6085.7  31160.72
6088.3  30354.72
6090.9  30591.27
6093.5  30762.04
6096.1  30694.5
6098.7  30709.53
6101.3  30485.59
6103.9  30487.8
6106.5  30332.44
6109.1  30449.86
6111.7  31036.45
6114.3  31603.03
6116.9  31364.42
6119.5  31122.2
6122.1  30764.23
6124.7  31004.43
6127.3  31136.85
6129.9  31345.73
6132.5  31397.05
6135.1  30927.53
6137.7  30484.35
6140.3  30306.92
6142.9  30416.96
6145.5  31243.81
6148.1  31460.63
6150.7  31445.83
6153.3  31511.29
6155.9  31307.22
6158.5  30656.14
6161.1  30466.18
6163.7  30201.69
6166.3  29458.46
6168.9  29914.25
6171.5  30244.38
6174.1  30619.68
6176.7  31035.17
6179.3  31069.89
6181.9  31546.28
6184.5  32194.9
6187.1  31977.37
6189.7  31840.02
6192.3  31806.75
6194.9  31832.72
6197.5  31884.48
6200.1  32104.2
6202.7  32429.83
6205.3  32633.47
6207.9  32624.25
6210.5  32696.46
6213.1  32058.75
6215.7  31810.23
6218.3  31881.39
6220.9  31691.55
6223.5  32061.52
6226.1  32121.77
6228.7  32333.
6231.3  32200.6
6233.9  32210.53
6236.5  31732.56
6239.1  32246.29
6241.7  32369.05
6244.3  32176.83
6246.9  32143.92
6249.5  32018.01
6252.1  32079.86
6254.7  32255.83
6257.3  31664.42
6259.9  31733.58
6262.5  32657.08
6265.1  32748.26
6267.7  32776.24
6270.3  33214.44
6272.9  32610.97
6275.5  32519.38
6278.1  32315.55
6280.7  31763.93
6283.3  31354.48
6285.9  31334.39
6288.5  32334.53
6291.1  33415.12
6293.7  35940.82
6296.3  34549.05
6298.9  33937.87
6301.5  32150.04
6304.1  30603.05
6306.7  29415.22
6309.3  31136.32
6311.9  32626.86
6314.5  32591.28
6317.1  32856.74
6319.7  32327.87
6322.3  32734.08
6324.9  33451.03
6327.5  33728.23
6330.1  34292.73
6332.7  34469.29
6335.3  33838.93
6337.9  33162.71
6340.5  33254.23
6343.1  33702.4
6345.7  33832.29
6348.3  34100.02
6350.9  34194.96
6353.5  34836.76
6356.1  35653.45
6358.7  35142.33
6361.3  33656.91
6363.9  33528.61
6366.5  33856.15
6369.1  33326.05
6371.7  33734.38
6374.3  34486.44
6376.9  34925.73
6379.5  34672.45
6382.1  34794.53
6384.7  34851.33
6387.3  35157.66
6389.9  35146.74
6392.5  35529.07
6395.1  34946.27
6397.7  34440.86
6400.3  34424.03
6402.9  34636.31
6405.5  33981.58
6408.1  34272.29
6410.7  34699.24
6413.3  34385.61
6415.9  34423.22
6418.5  34772.36
6421.1  34497.53
6423.7  35078.09
6426.3  35054.79
6428.9  35702.97
6431.5  35741.94
6434.1  35393.81
6436.7  34913.18
6439.3  35092.66
6441.9  35273.4
6444.5  35449.59
6447.1  35408.2
6449.7  35884.3
6452.3  35289.73
6454.9  34727.11
6457.5  35277.05
6460.1  35364.1
6462.7  35373.85
6465.3  35358.61
6467.9  36186.84
6470.5  35396.88
6473.1  36313.69
6475.7  35506.97
6478.3  36101.65
6480.9  36556.65
6483.5  36075.48
6486.1  35897.34
6488.7  36129.42
6491.3  35971.18
6493.9  35303.07
6496.5  34391.73
6499.1  33898.54
6501.7  34874.72
6504.3  35508.95
6506.9  36219.
6509.5  36575.
6512.1  36532.47
6514.7  36697.66
6517.3  36818.53
6519.9  36125.64
6522.5  35721.49
6525.1  36505.77
6527.7  37239.08
6530.3  36759.58
6532.9  36281.22
6535.5  36430.89
6538.1  36719.13
6540.7  36869.34
6543.3  37019.69
6545.9  36721.14
6548.5  36049.74
6551.1  35895.79
6553.7  35983.84
6556.3  35226.12
6558.9  34193.87
6561.5  32531.01
6564.1  30637.24
6566.7  29890.54
6569.3  31462.8
6571.9  34002.98
6574.5  34974.9
6577.1  35940.82
6579.7  36489.46
6582.3  36944.63
6584.9  36434.11
6587.5  36682.77
6590.1  36934.55
6592.7  36694.96
6595.3  36369.95
6597.9  36647.12
6600.5  36920.47
6603.1  37367.9
6605.7  37172.34
6608.3  36980.39
6610.9  37126.43
6613.5  37062.92
6616.1  37484.97
6618.7  37836.18
6621.3  37992.59
6623.9  38499.47
6626.5  38270.31
6629.1  37604.67
6631.7  37527.84
6634.3  37572.65
6636.9  37155.46
6639.5  37334.83
6642.1  37603.78
6644.7  37704.18
6647.3  37305.55
6649.9  38016.11
6652.5  38695.57
6655.1  38588.56
6657.7  37640.82
6660.3  37856.06
6662.9  38289.85
6665.5  37913.87
6668.1  38219.86
6670.7  38040.9
6673.3  37894.36
6675.9  38050.69
6678.5  38062.96
6681.1  37837.07
6683.7  38196.47
6686.3  38276.82
6688.9  39124.04
6691.5  38806.2
6694.1  38505.09
6696.7  38442.95
6699.3  38787.1
6701.9  38216.43
6704.5  38110.32
6707.1  37763.44
6709.7  37976.55
6712.3  37541.26
6714.9  38167.76
6717.5  37765.82
6720.1  36871.47
6722.7  37569.84
6725.3  38447.46
6727.9  38119.3
6730.5  38092.32
6733.1  38812.96
6735.7  38607.04
6738.3  37953.1
6740.9  38557.03
6743.5  38931.87
6746.1  38627.62
6748.7  38362.61
6751.3  38499.91
6753.9  37964.04
6756.5  38428.57
6759.1  38703.4
6761.7  38870.75
6764.3  39344.66
6766.9  39308.61
6769.5  38745.39
6772.1  38750.7
6774.7  38473.53
6777.3  39107.59
6779.9  39641.12
6782.5  39332.73
6785.1  39078.55
6787.7  38789.58
6790.3  38591.1
6792.9  38307.37
6795.5  39048.38
6798.1  39170.27
6800.7  39044.1
6803.3  38857.5
6805.9  38963.74
6808.5  39367.23
6811.1  39049.78
6813.7  39078.38
6816.3  38884.77
6818.9  39131.95
6821.5  39294.63
6824.1  39021.39
6826.7  39574.63
6829.3  40024.09
6831.9  39699.52
6834.5  39011.52
6837.1  39164.04
6839.7  39128.16
6842.3  38231.43
6844.9  38275.93
6847.5  38499.05
6850.1  38596.36
6852.7  39368.91
6855.3  39321.88
6857.9  38943.19
6860.5  38376.24
6863.1  37852.59
6865.7  36712.88
6868.3  35027.07
6870.9  32096.04
6873.5  30683.7
6876.1  30524.42
6878.7  32168.05
6881.3  34540.19
6883.9  35744.16
6886.5  35858.42
6889.1  35677.86
6891.7  35225.25
6894.3  35232.38
6896.9  35337.41
6899.5  35323.75
6902.1  36222.36
6904.7  36909.07
6907.3  36982.66
6909.9  36831.09
6912.5  36964.43
6915.1  37398.86
6917.7  37312.48
6920.3  37741.15
6922.9  38350.21
6925.5  38178.14
6928.1  38552.13
6930.7  38860.75
6933.3  38557.29
6935.9  38825.2
6938.5  39456.6
6941.1  39890.62
6943.7  39891.14
6946.3  39690.3
6948.9  39286.42
6951.5  39220.15
6954.1  39027.23
6956.7  39467.32
6959.3  39918.8
6961.9  40018.69
6964.5  40079.15
6967.1  40119.39
6969.7  40302.06
6972.3  39644.26
6974.9  39634.48
6977.5  40055.33
6980.1  39179.88
6982.7  38457.94
6985.3  39297.34
6987.9  39810.39
6990.5  39940.91
6993.1  40117.35
6995.7  40166.11
6998.3  40155.63
7000.9  39970.71
7003.5  39774.85
7006.1  39406.82
7008.7  39552.32
7011.3  39709.51
7013.9  39396.52
7016.5  38994.15
7019.1  38625.49
7021.7  39162.97
7024.3  39597.57
7026.9  39500.75
7029.5  39917.22
7032.1  39747.46
7034.7  39466.68
7037.3  39778.02
7039.9  40139.91
7042.5  40009.85
7045.1  40442.65
7047.7  41378.51
7050.3  41047.76
7052.9  40437.93
7055.5  40190.37
7058.1  40461.32
7060.7  40260.31
7063.3  39711.98
7065.9  40050.52
7068.5  40068.1
7071.1  39695.18
7073.7  39765.11
7076.3  40360.53
7078.9  40341.86
7081.5  40275.77
7084.1  40798.09
7086.7  40548.62
7089.3  39569.48
7091.9  39640.85
7094.5  39907.28
7097.1  39936.54
7099.7  40094.29
7102.3  39999.23
7104.9  40570.49
7107.5  40441.88
7110.1  39910.18
7112.7  39702.57
7115.3  39955.85
7117.9  39871.
7120.5  39639.42
7123.1  39994.98
7125.7  39948.7
7128.3  39620.89
7130.9  39936.86
7133.5  39888.72
7136.1  39621.61
7138.7  39699.17
7141.3  40041.17
7143.9  40122.8
7146.5  39434.6
7149.1  38989.36
7151.7  39281.01
7154.3  39751.22
7156.9  39679.56
7159.5  39971.46
7162.1  39907.95
7164.7  39025.79
7167.3  38649.97
7169.9  39000.65
7172.5  39269.08
7175.1  39266.33
7177.7  39338.04
7180.3  38747.74
7182.9  38326.21
7185.5  38022.91
7188.1  37691.99
7190.7  36894.87
7193.3  37206.67
7195.9  37865.77
7198.5  38211.54
7201.1  38375.4
7203.7  38491.97
7206.3  37950.89
7208.9  37618.21
7211.5  38556.74
7214.1  39187.54
7216.7  38963.91
7219.3  39440.21
7221.9  39564.08
7224.5  39406.
7227.1  39232.
7229.7  39009.11
7232.3  39229.02
7234.9  39247.85
7237.5  39206.3
7240.1  39183.84
7242.7  38709.1
7245.3  39004.85
7247.9  39393.31
7250.5  39189.22
7253.1  39019.47
7255.7  39184.53
7258.3  39207.14
7260.9  39620.27
7263.5  39688.01
7266.1  39390.67
7268.7  39106.72
7271.3  39567.09
7273.9  39969.49
7276.5  39441.6
7279.1  38816.55
7281.7  38683.18
7284.3  39243.44
7286.9  39166.08
7289.5  38969.21
7292.1  38210.65
7294.7  37640.82
7297.3  38048.72
7299.9  39251.49
7302.5  39978.84
7305.1  39567.45
7307.7  39324.7
7310.3  39519.41
7312.9  39101.38
7315.5  39155.75
7318.1  39868.53
7320.7  40066.64
7323.3  40203.15
7325.9  39581.99
7328.5  39583.35
7331.1  39251.9
7333.7  39291.91
7336.3  40128.47
7338.9  40349.14
7341.5  39628.27
7344.1  40302.06
7346.7  40353.38
7349.3  40109.8
7351.9  40083.23
7354.5  39517.32
7357.1  39148.88
7359.7  39285.46
7362.3  39514.81
7364.9  39443.32
7367.5  38617.46
7370.1  39179.08
7372.7  39645.26
7375.3  40598.18
7377.9  39572.16
7380.5  40157.75
7383.1  39511.31
7385.7  39525.08
7388.3  39190.27
7390.9  38285.93
7393.5  38250.68
7396.1  38884.07
7398.7  39051.36
7401.3  39898.31
7403.9  39409.75
7406.5  39122.91
7409.1  38873.7
7411.7  39261.71
7414.3  38504.28
7416.9  38191.52
7419.5  38679.64
7422.1  38844.35
7424.7  38937.36
7427.3  38832.46
7429.9  38908.78
7432.5  39135.72
7435.1  39771.77
7437.7  39763.51
7440.3  39393.42
7442.9  38262.2
7445.5  38335.45
7448.1  38856.4
7450.7  39051.07
7453.3  39385.18
7455.9  39966.19
7458.5  40170.63
7461.1  39403.81
7463.7  39536.23
7466.3  39353.15
7468.9  39182.74
7471.5  39699.8
7474.1  39344.86
7476.7  39973.97
7479.3  39919.12
7481.9  39773.43
7484.5  39600.85
7487.1  39554.16
7489.7  39902.3
7492.3  39332.36
7494.9  39357.27
7497.5  39323.63
7500.1  39280.41
7502.7  39303.34
7505.3  39444.38
7507.9  39436.73
7510.5  39004.3
7513.1  38781.9
7515.7  38498.18
7518.3  39230.96
7520.9  39638.1
7523.5  40137.26
7526.1  38979.2
7528.7  38643.86
7531.3  38950.21
7533.9  39591.68
7536.5  39654.01
7539.1  39328.52
7541.7  39732.45
7544.3  39905.47
7546.9  39104.09
7549.5  38838.97
7552.1  39190.39
7554.7  39071.54
7557.3  38908.95
7559.9  39030.57
7562.5  39140.57
7565.1  39147.07
7567.7  39615.24
7570.3  39629.73
7572.9  38907.82
7575.5  38721.63
7578.1  39219.04
7580.7  39268.47
7583.3  39107.03
7585.9  38761.27
7588.5  37654.41
7591.1  36218.41
7593.7  34755.42
7596.3  30352.81
7598.9  23611.13
7601.5  17591.19
7604.1  14024.05
7606.7  12637.81
7609.3  12445.79
7611.9  14071.06
7614.5  17356.22
7617.1  21311.79
7619.7  25457.77
7622.3  27323.95
7624.9  26606.41
7627.5  23939.61
7630.1  22101.16
7632.7  21217.66
7635.3  21817.41
7637.9  22937.66
7640.5  23284.27
7643.1  24472.
7645.7  25969.54
7648.3  26794.62
7650.9  28189.18
7653.5  29071.43
7656.1  30056.78
7658.7  30795.39
7661.3  30948.89
7663.9  31300.74
7666.5  32060.4
7669.1  32477.06
7671.7  33883.41
7674.3  34898.05
7676.9  35771.52
7679.5  36598.39
7682.1  36919.84
7684.7  36890.77
7687.3  37267.71
7689.9  37112.65
7692.5  36684.14
7695.1  36367.63
7697.7  36236.21
7700.3  36962.34
7702.9  36992.98
7705.5  37353.93
7708.1  37660.04
7710.7  37468.97
7713.3  37237.5
7715.9  37696.97
7718.5  36712.81
7721.1  37303.04
7723.7  38116.5
7726.3  37441.12
7728.9  37823.84
7731.5  37513.13
7734.1  37874.77
7736.7  37913.36
7739.3  37763.34
7741.9  37849.58
7744.5  37419.46
7747.1  37409.06
7749.7  36768.68
7752.3  36431.55
7754.9  36640.79
7757.5  37384.98
7760.1  38027.7
7762.7  37965.8
7765.3  38115.66
7767.9  37832.17
7770.5  37462.7
7773.1  37174.62
7775.7  37478.36
7778.3  37200.99
7780.9  37202.8
7783.5  37072.71
7786.1  37402.22
7788.7  37634.44
7791.3  37401.34
7793.9  37779.27
7796.5  37951.25
7799.1  37697.01
7801.7  37653.02
7804.3  37564.94
7806.9  37513.9
7809.5  37692.08
7812.1  37508.12
7814.7  37496.59
7817.3  37980.88
7819.9  37874.72
7822.5  38057.84
7825.1  38223.03
7827.7  38253.24
7830.3  37952.61
7832.9  37415.09
7835.5  37061.85
7838.1  36839.03
7840.7  37010.72
7843.3  37372.75
7845.9  37661.66
7848.5  38012.42
7851.1  38059.52
7853.7  37859.52
7856.3  37706.78
7858.9  37797.84
7861.5  37756.14
7864.1  37376.09
7866.7  37578.93
7869.3  38233.77
7871.9  37909.66
7874.5  37536.18
7877.1  37453.09
7879.7  37600.77
7882.3  36964.82
7884.9  37235.15
7887.5  37581.98
7890.1  37992.17
7892.7  38078.5
7895.3  37871.39
7897.9  37288.61
7900.5  36934.63
7903.1  37531.2
7905.7  37657.19
7908.3  37676.22
7910.9  37444.8
7913.5  36465.25
7916.1  36726.7
7918.7  36232.2
7921.3  36960.46
7923.9  36331.68
7926.5  36705.25
7929.1  36803.51
7931.7  36457.19
7934.3  35777.22
7936.9  35532.75
7939.5  35470.8
7942.1  35616.8
7944.7  35908.86
7947.3  35693.45
7949.9  35770.21
7952.5  35687.98
7955.1  36636.75
7957.7  36844.12
7960.3  37039.99
7962.9  36909.43
7965.5  37047.91
7968.1  37035.66
7970.7  36814.92
7973.3  36924.16
7975.9  36835.5
7978.5  37341.31
7981.1  37366.66
7983.7  36980.91
7986.3  36671.7
7988.9  36904.89
7991.5  36722.56
7994.1  37015.5
7996.7  36712.28
7999.3  36272.81
8001.9  35572.8
8004.5  36173.72
8007.1  37227.29
8009.7  36639.09
8012.3  36599.58
8014.9  36956.51
8017.5  36909.33
8020.1  36875.55
8022.7  36900.64
8025.3  36641.77
8027.9  36419.89
8030.5  36110.37
8033.1  36085.01
8035.7  36480.64
8038.3  36700.02
8040.9  36453.45
8043.5  36397.94
8046.1  36010.89
8048.7  35346.49
8051.3  35236.16
8053.9  35276.26
8056.5  36124.79
8059.1  36514.36
8061.7  36192.54
8064.3  36268.24
8066.9  36680.2
8069.5  36294.01
8072.1  35902.79
8074.7  35965.16
8077.3  35796.53
8079.9  36042.06
8082.5  36124.11
8085.1  35750.1
8087.7  35412.2
8090.3  35651.53
8092.9  35596.04
8095.5  35306.7
8098.1  35013.14
8100.7  35808.74
8103.3  36122.8
8105.9  35604.14
8108.5  36266.95
8111.1  35969.44
8113.7  35476.84
8116.3  36342.12
8118.9  36115.91
8121.5  36081.34
8124.1  35829.64
8126.7  36373.2
8129.3  36055.03
8131.9  35417.39
8134.5  35550.29
8137.1  35895.45
8139.7  35859.61
8142.3  35795.
8144.9  35313.3
8147.5  35123.26
8150.1  34471.6
8152.7  34794.92
8155.3  35456.56
8157.9  35354.51
8160.5  35041.8
8163.1  34686.07
8165.7  34084.46
8168.3  34062.09
8170.9  34342.14
8173.5  34661.
8176.1  34933.46
8178.7  34804.32
8181.3  34511.57
8183.9  33433.86
8186.5  33084.83
8189.1  33183.18
8191.7  33220.23
8194.3  33405.84
8196.9  33310.83
8199.5  32956.45
8202.1  33638.55
8204.7  34471.51
8207.3  34569.88
8209.9  34765.45
8212.5  34853.1
8215.1  34131.95
8217.7  33875.3
8220.3  34391.87
8222.9  34302.9
8225.5  33648.28
8228.1  33450.96
8230.7  33307.16
8233.3  32850.3
8235.9  33675.63
8238.5  34222.11
8241.1  34750.96
8243.7  34656.17
8246.3  34437.61
8248.9  34678.23
8251.5  34603.88
8254.1  34843.59
8256.7  34803.77
8259.3  34903.73
8261.9  35221.36
8264.5  34760.11
8267.1  35034.28
8269.7  34661.65
8272.3  34463.05
8274.9  34279.52
8277.5  34013.19
8280.1  34439.29
8282.7  34770.07
8285.3  34456.07
8287.9  34564.37
8290.5  34350.82
8293.1  33566.31
8295.7  34201.89
8298.3  34724.33
8300.9  34714.66
8303.5  34769.39
8306.1  33900.89
8308.7  33508.02
8311.3  33412.
8313.9  34381.78
8316.5  34579.08
8319.1  34108.58
8321.7  33956.45
8324.3  33672.85
8326.9  33409.62
8329.5  33373.13
8332.1  33316.55
8334.7  33434.6
8337.3  33132.71
8339.9  33135.96
8342.5  33617.57
8345.1  33459.02
8347.7  33720.54
8350.3  34525.47
8352.9  34515.12
8355.5  34004.67
8358.1  33716.59
8360.7  33646.04
8363.3  33620.86
8365.9  33366.74
8368.5  33762.45
8371.1  34651.9
8373.7  34766.03
8376.3  34044.34
8378.9  33660.32
8381.5  33342.61
8384.1  33220.21
8386.7  33774.
8389.3  33640.17
8391.9  33577.59
8394.5  33976.22
8397.1  33754.71
8399.7  33860.58
8402.3  34307.27
8404.9  34027.05
8407.5  34485.71
8410.1  34512.99
8412.7  34492.19
8415.3  34259.04
8417.9  33792.15
8420.5  33375.7
8423.1  33560.47
8425.7  33417.44
8428.3  33795.93
8430.9  34063.87
8433.5  33955.39
8436.1  33658.34
8438.7  32227.23
8441.3  32520.1
8443.9  32710.06
8446.5  33326.96
8449.1  33714.45
8451.7  34134.56
8454.3  33713.71
8456.9  33089.47
8459.5  33469.5
8462.1  33656.3
8464.7  33923.09
8467.3  33887.37
8469.9  33214.46
8472.5  32665.73
8475.1  32711.83
8477.7  33254.96
8480.3  33653.09
8482.9  33838.89
8485.5  33588.71
8488.1  33771.38
8490.7  33796.51
8493.3  32906.43
8495.9  31796.95
8498.5  30483.25
8501.1  29252.77
8503.7  29906.93
8506.3  31823.42
8508.9  33317.05
8511.5  33047.22
8514.1  32612.32
8516.7  31939.86
8519.3  31608.79
8521.9  32119.
8524.5  33041.95
8527.1  32922.53
8529.7  33121.05
8532.3  32992.95
8534.9  31672.35
8537.5  30288.17
8540.1  28487.42
8542.7  26548.38
8545.3  25303.36
8547.9  26208.57
8550.5  28964.58
8553.1  31511.86
8555.7  32337.65
8558.3  32135.5
8560.9  31737.56
8563.5  31539.62
8566.1  32212.2
8568.7  32888.32
8571.3  33629.45
8573.9  33111.88
8576.5  32917.22
8579.1  33163.87
8581.7  33057.7
8584.3  32323.73
8586.9  31781.02
8589.5  31924.41
8592.1  32331.81
8594.7  32528.38
8597.3  32565.4
8599.9  32282.08
8602.5  32476.95
8605.1  32575.25
8607.7  32081.9
8610.3  32045.45
8612.9  32221.06
8615.5  32014.12
8618.1  32159.73
8620.7  32583.79
8623.3  31985.63
8625.9  31275.25
8628.5  31841.23
8631.1  32526.91
8633.7  32531.71
8636.3  33090.86
8638.9  32672.98
8641.5  32692.37
8644.1  32427.92
8646.7  32089.67
8649.3  31613.7
8651.9  30744.63
8654.5  30563.44
8657.1  30457.99
8659.7  30077.52
8662.3  27916.59
8664.9  26221.37
8667.5  26473.13
8670.1  27907.61
8672.7  29978.41
8675.3  31342.74
8677.9  31278.17
8680.5  31609.02
8683.1  31419.64
8685.7  31014.57
8688.3  30715.91
8690.9  30145.7
8693.5  30203.78
8696.1  31295.18
8698.7  32021.66
8701.3  32121.88
8703.9  32357.73
8706.5  31860.46
8709.1  30961.21
8711.7  30727.52
8714.3  30969.29
8716.9  31709.01
8719.5  32147.7
8722.1  31728.52
8724.7  31585.62
8727.3  31458.94
8729.9  30949.91
8732.5  30794.89
8735.1  31002.42
8737.7  31292.97
8740.3  31353.62
8742.9  31281.85
8745.5  31215.05
8748.1  30654.56
8750.7  30619.
8753.3  30682.3
8755.9  30887.59
8758.5  31014.31
8761.1  31822.68
8763.7  31337.5
8766.3  30860.29
8768.9  30348.78
8771.5  30404.18
8774.1  30811.67
8776.7  30853.11
8779.3  31255.17
8781.9  31275.87
8784.5  30760.1
8787.1  30183.29
8789.7  29521.78
8792.3  30048.59
8794.9  30218.63
8797.5  30494.08
8800.1  30886.25
8802.7  30728.4
8805.3  29839.78
8807.9  28550.06
8810.5  27701.2
8813.1  28651.57
8815.7  30305.59
8818.3  30962.26
8820.9  31237.41
8823.5  30909.79
8826.1  30241.65
8828.7  29702.81
8831.3  29208.15
8833.9  29155.55
8836.5  29912.81
8839.1  30199.94
8841.7  30101.89
8844.3  30403.28
8846.9  30787.
8849.5  29767.57
8852.1  29448.59
8854.7  29142.95
8857.3  29427.83
8859.9  29635.76
8862.5  30046.91
8865.1  29084.52
8867.7  28670.92
8870.3  28173.86
8872.9  27971.61
8875.5  28606.98
8878.1  28698.79
8880.7  29498.69
8883.3  29557.14
8885.9  29944.49
8888.5  30393.65
8891.1  29434.38
8893.7  29191.9
8896.3  29115.71
8898.9  28672.27
8901.5  28363.
8904.1  28368.2
8906.7  28883.22
8909.3  29643.63
8911.9  29910.43
8914.5  29872.39
8917.1  29548.42
8919.7  28869.26
8922.3  27880.96
8924.9  27046.2
8927.5  27091.36
8930.1  27327.83
8932.7  27674.92
8935.3  28426.96
8937.9  29177.83
8940.5  29410.6
8943.1  28755.81
8945.7  27961.76
8948.3  26894.36
8950.9  27123.31
8953.5  27372.83
8956.1  27838.72
8958.7  27874.75
8961.3  27689.21
8963.9  27622.21
8966.5  27290.79
8969.1  27380.67
8971.7  26635.41
8974.3  26485.52
8976.9  26434.55
8979.5  26350.36
8982.1  26759.17
8984.7  26715.41
8987.3  26794.65
8989.9  26428.61
8992.5  26263.15
8995.1  25913.98
8997.7  26343.3
9000.3  26216.54
9002.9  25323.03
9005.5  24611.54
9008.1  24710.31
9010.7  25064.75
9013.3  24875.33
9015.9  24797.7
9018.5  25046.81
9021.1  24858.09
9023.7  24820.
9026.3  24887.9
9028.9  24804.91
9031.5  24935.45
9034.1  25463.58
9036.7  25762.26
9039.3  26120.5
9041.9  26666.69
9044.5  27086.96
9047.1  27098.77
9049.7  26677.54
9052.3  25714.39
9054.9  25816.9
9057.5  25471.97
9060.1  25094.67
9062.7  25015.04
9065.3  24983.33
9067.9  24909.61
9070.5  25551.23
9073.1  25696.8
9075.7  25220.79
9078.3  25281.11
9080.9  24583.81
9083.5  23821.32
9086.1  23420.76
9088.7  23674.03
9091.3  23692.84
9093.9  23966.82
9096.5  24409.89
9099.1  24596.
9101.7  24509.1
9104.3  23919.1
9106.9  23571.77
9109.5  23477.52
9112.1  23889.34
9114.7  24683.82
9117.3  24850.95
9119.9  24668.83
9122.5  24366.07
9125.1  23859.82
9127.7  23648.14
9130.3  23729.4
9132.9  23101.07
9135.5  23516.65
9138.1  23545.69
9140.7  24033.78
9143.3  24424.88
9145.9  24799.18
9148.5  24551.81
9151.1  23556.38
9153.7  23282.06
9156.3  22172.52
9158.9  22119.47
9161.5  22419.08
9164.1  23180.36
9166.7  23798.45
9169.3  23717.83
9171.9  23771.01
9174.5  23652.57
9177.1  23181.5
9179.7  22619.69
9182.3  22733.7
9184.9  22522.43
9187.5  22605.53
9190.1  22758.97
9192.7  22648.24
9195.3  22914.22
9197.9  23136.64
9200.5  23216.65
9203.1  23082.31
9205.7  22543.26
9208.3  21834.86
9210.9  21780.24
9213.5  22183.98
9216.1  22488.77
9218.7  22221.86
9221.3  22093.98
9223.9  22302.67
9226.5  21643.29
9229.1  20934.48
9231.7  20791.9
9234.3  20744.79
9236.9  21121.25
9239.5  21572.31
9242.1  21908.65
9244.7  22195.38
9247.3  21814.73
9249.9  21217.82
9252.5  21141.96
9255.1  20991.8
9257.7  20362.41
9260.3  20547.02
9262.9  21327.66
9265.5  21383.05
9268.1  21705.54
9270.7  21516.96
9273.3  21101.05
9275.9  20768.86
9278.5  20738.73
9281.1  20577.46
9283.7  20543.48
9286.3  21090.83
9288.9  21303.88
9291.5  21070.96
9294.1  20419.72
9296.7  19928.53
9299.3  19509.83
9301.9  19184.95
9304.5  19258.36
9307.1  19388.02
9309.7  19269.78
9312.3  18416.67
9314.9  18772.46
9317.5  17944.58
9320.1  16723.74
9322.7  16140.35
9325.3  16389.97
9327.9  15853.81
9330.5  15815.24
9333.1  16578.86
9335.7  16677.15
9338.3  16424.84
9340.9  16199.73
9343.5  15999.39
9346.1  15133.93
9348.7  14747.86
9351.3  16090.04
9353.9  16678.45
9356.5  15505.39
9359.1  14318.9
9361.7  14696.8
9364.3  16252.05
9366.9  17144.05
9369.5  16666.85
9372.1  15558.62
9374.7  14939.76
9377.3  14562.87
9379.9  14682.99
9382.5  14685.28
9385.1  15227.77
9387.7  16337.09
9390.3  16896.2
9392.9  17348.1
9395.5  18133.48
9398.1  17618.88
9400.7  17111.65
9403.3  16497.32
9405.9  16446.44
9408.5  16571.46
9411.1  16369.55
9413.7  16262.27
9416.3  16013.71
9418.9  15899.78
9421.5  16256.52
9424.1  15901.82
9426.7  15270.42
9429.3  14591.86
9431.9  14182.97
9434.5  14668.83
9437.1  15073.73
9439.7  15153.62
9442.3  14152.55
9444.9  13241.61
9447.5  13682.96
9450.1  14387.65
9452.7  15177.18
9455.3  15252.89
9457.9  14841.02
9460.5  14593.87
9463.1  14550.98
9465.7  15113.13
9468.3  15477.12
9470.9  15640.81
9473.5  15339.51
9476.1  14855.87
9478.7  14698.41
9481.3  13290.18
9483.9  13805.26
9486.5  13877.2
9489.1  14732.34
9491.7  15638.83
9494.3  15401.02
9496.9  14411.19
9499.5  13611.48
9502.1  13271.28
9504.7  13153.76
9507.3  13588.44
9509.9  14312.89
9512.5  14576.13
9515.1  14608.67
9517.7  14544.53
9520.3  13783.78
9522.9  13116.3
9525.5  13022.87
9528.1  12838.43
9530.7  12940.58
9533.3  13628.33
9535.9  13848.6
9538.5  13623.81
9541.1  13846.58
9543.7  13933.98
9546.3  13201.44
9548.9  12475.98
9551.5  12690.53
9554.1  13112.55
9556.7  12863.77
9559.3  12319.44
9561.9  12688.51
9564.5  13306.52
9567.1  13683.37
9569.7  12826.43
9572.3  12499.06
9574.9  12890.13
9577.5  12975.63
9580.1  12773.3
9582.7  12617.12
9585.3  12790.08
9587.9  12879.74
9590.5  12826.94
9593.1  12892.96
9595.7  12794.34
9598.3  12706.17
9600.9  12929.06
9603.5  12912.67
9606.1  12570.24
9608.7  12320.8
9611.3  12334.53
9613.9  12796.96
9616.5  12913.9
9619.1  12963.52
9621.7  12737.07
9624.3  12116.67
9626.9  12069.57
9629.5  11866.42
9632.1  11956.93
9634.7  12198.89
9637.3  11842.41
9639.9  11742.27
9642.5  11899.82
9645.1  12128.3
9647.7  12173.07
9650.3  12114.55
9652.9  11874.06
9655.5  11791.25
9658.1  11620.42
9660.7  11372.59
9663.3  11232.62
9665.9  11282.65
9668.5  11858.28
9671.1  12043.9
9673.7  12111.35
9676.3  12269.78
9678.9  11895.62
9681.5  11391.86
9684.1  11280.47
9686.7  11002.12
9689.3  11346.16
9691.9  11281.65
9694.5  11481.61
9697.1  11636.19
9699.7  11631.95
9702.3  11704.11
9704.9  11477.56
9707.5  11702.99
9710.1  11581.45
9712.7  11393.69
9715.3  11184.06
9717.9  11155.01
9720.5  11084.51
9723.1  10890.23
9725.7  10988.66
9728.3  10953.05
9730.9  10854.11
9733.5  10878.13
9736.1  10942.05
9738.7  10750.94
9741.3  10283.38
9743.9  10277.79
9746.5  10305.3
9749.1  10045.23
9751.7  10043.62
9754.3  10141.67
9756.9  10123.76
9759.5  10216.82
9762.1  10263.83
9764.7  10090.95
9767.3  9897.591
9769.9  9723.949
9772.5  9605.063
9775.1  9664.688
9777.7  9492.396
9780.3  9377.807
9782.9  9632.099
9785.5  9290.788
9788.1  9336.097
9790.7  9664.097
9793.3  9554.897
9795.9  9314.641
9798.5  9390.926
9801.1  9722.062
9803.7  9385.159
9806.3  9097.246
9808.9  9071.901
9811.5  9152.218
9814.1  9034.859
9816.7  8979.285
9819.3  9271.833
9821.9  9270.813
9824.5  9409.068
9827.1  9147.854
9829.7  8994.889
9832.3  8737.859
9834.9  8802.906
9837.5  8548.372
9840.1  8363.339
9842.7  8409.051
9845.3  8724.212
9847.9  8805.155
9850.5  8446.755
9853.1  8600.771
9855.7  8867.368
9858.3  8727.551
9860.9  8643.306
9863.5  8726.938
9866.1  8332.392
9868.7  7919.735
9871.3  8025.015
9873.9  8128.174
9876.5  7898.508
9879.1  7999.359
9881.7  8266.474
9884.3  8049.196
9886.9  8112.84
9889.5  7922.519
9892.1  7778.469
9894.7  7787.311
9897.3  7840.929
9899.9  7609.823
9902.5  7662.624
9905.1  7611.731
9907.7  7425.494
9910.3  7221.399
9912.9  7232.595
9915.5  7159.623
9918.1  7269.144
9920.7  7757.283
9923.3  7689.692
9925.9  7414.943
9928.5  7063.027
9931.1  7045.776
9933.7  6948.135
9936.3  6617.934
9938.9  6939.039
9941.5  6729.618
9944.1  6855.158
9946.7  7055.705
9949.3  7126.095
9951.9  6889.132
9954.5  7095.078
9957.1  6731.131
9959.7  6736.385
9962.3  6724.366
9964.9  6266.887
9967.5  6203.026
9970.1  6380.969
9972.7  6562.271
9975.3  6333.831
9977.9  6105.706
9980.5  6239.904
9983.1  6384.342
9985.7  6345.835
9988.3  6249.318
9990.9  6205.404
9993.5  6079.973
9996.1  5686.696
9998.7  5783.149
