3501.3  0.
3503.9  0.
3506.5  0.
3509.1  0.
3511.7  0.
3514.3  0.
3516.9  0.
3519.5  0.
3522.1  0.
3524.7  0.
3527.3  0.
3529.9  0.
3532.5  0.
3535.1  0.
3537.7  0.
3540.3  0.
3542.9  0.
3545.5  0.
3548.1  0.
3550.7  0.
3553.3  0.
3555.9  0.
3558.5  0.
3561.1  0.
3563.7  0.
3566.3  0.
3568.9  0.
3571.5  0.
3574.1  0.
3576.7  0.
3579.3  0.
3581.9  0.
3584.5  0.
3587.1  0.
3589.7  0.
3592.3  0.
3594.9  0.
3597.5  0.
3600.1  0.
3602.7  0.
3605.3  0.
3607.9  0.
3610.5  0.
3613.1  0.
3615.7  0.
3618.3  0.
3620.9  0.
3623.5  0.
3626.1  0.
3628.7  0.
3631.3  0.
3633.9  0.
3636.5  0.
3639.1  0.
3641.7  0.
3644.3  0.
3646.9  0.
3649.5  0.
3652.1  0.
3654.7  0.
3657.3  0.
3659.9  0.
3662.5  0.
3665.1  0.
3667.7  0.
3670.3  0.
3672.9  0.
3675.5  0.
3678.1  0.
3680.7  0.
3683.3  0.
3685.9  0.
3688.5  0.
3691.1  0.
3693.7  0.
3696.3  0.
3698.9  0.
3701.5  0.
3704.1  0.
3706.7  0.
3709.3  0.
3711.9  0.
3714.5  0.
3717.1  0.
3719.7  0.
3722.3  0.
3724.9  0.
3727.5  0.
3730.1  0.
3732.7  0.
3735.3  0.
3737.9  0.
3740.5  0.
3743.1  0.
3745.7  0.
3748.3  0.
3750.9  0.
3753.5  0.
3756.1  0.
3758.7  0.
3761.3  0.
3763.9  0.
3766.5  0.
3769.1  0.
3771.7  0.
3774.3  0.
3776.9  0.
3779.5  0.
3782.1  0.
3784.7  0.
3787.3  0.
3789.9  0.
3792.5  0.
3795.1  6.656618E-5
3797.7  7.441865E-5
3800.3  8.949408E-5
3802.9  1.311243E-4
3805.5  1.682290E-4
3808.1  2.138299E-4
3810.7  -1.939408E-4
3813.3  -2.790310E-4
3815.9  1.724524E-4
3818.5  -2.234968E-4
3821.1  -3.987005E-4
3823.7  2.048339E-4
3826.3  -9.766165E-4
3828.9  -7.499291E-4
3831.5  -9.606007E-4
3834.1  -5.582602E-4
3836.7  -7.031443E-5
3839.3  1.237081E-4
3841.9  -4.337192E-4
3844.5  -2.482694E-4
3847.1  -1.033319E-4
3849.7  -6.186516E-4
3852.3  -5.622474E-4
3854.9  -4.038537E-4
3857.5  3.898349E-4
3860.1  2.033596E-4
3862.7  -6.248183E-4
3865.3  -7.356587E-4
3867.9  -1.598797E-4
3870.5  -8.550012E-4
3873.1  1.134066E-4
3875.7  -4.754381E-5
3878.3  1.014897E-4
3880.9  3.362513E-4
3883.5  -3.265573E-4
3886.1  -2.195708E-4
3888.7  -4.583764E-4
3891.3  -8.482127E-5
3893.9  -1.459086E-4
3896.5  4.080280E-4
3899.1  4.900689E-4
3901.7  -3.167692E-4
3904.3  -6.505291E-4
3906.9  6.907213E-4
3909.5  -1.118660E-4
3912.1  -4.811813E-4
3914.7  -6.133161E-4
3917.3  -1.824304E-4
3919.9  -1.552780E-6
3922.5  -7.528464E-4
3925.1  1.509954E-5
3927.7  3.746896E-4
3930.3  6.020533E-4
3932.9  3.145013E-4
3935.5  2.349939E-4
3938.1  4.048187E-4
3940.7  7.711331E-5
3943.3  3.208853E-4
3945.9  -1.824635E-4
3948.5  -2.430339E-4
3951.1  -3.327746E-4
3953.7  -1.862734E-4
3956.3  4.331949E-5
3958.9  1.442320E-4
3961.5  -6.306193E-4
3964.1  -5.901686E-4
3966.7  -5.516388E-4
3969.3  2.943736E-4
3971.9  -3.528158E-4
3974.5  -6.890898E-4
3977.1  1.423831E-4
3979.7  -6.195090E-4
3982.3  -2.868672E-4
3984.9  5.858490E-4
3987.5  -6.861616E-4
3990.1  -1.000050E-4
3992.7  -1.039304E-4
3995.3  -5.460970E-4
3997.9  -1.266673E-4
4000.5  4.255117E-4
4003.1  2.813336E-4
4005.7  -1.365346E-4
4008.3  -3.202654E-4
4010.9  7.827504E-4
4013.5  -2.282357E-4
4016.1  -2.643282E-5
4018.7  4.652130E-4
4021.3  -5.604284E-4
4023.9  1.065474E-4
4026.5  -6.164545E-4
4029.1  -5.079202E-7
4031.7  -0.001036003
4034.3  9.861388E-5
4036.9  6.710966E-5
4039.5  3.519246E-5
4042.1  -2.319603E-4
4044.7  -0.001257115
4047.3  -1.600132E-5
4049.9  1.197537E-4
4052.5  -8.713567E-5
4055.1  1.211924E-4
4057.7  -3.586012E-4
4060.3  -7.932054E-4
4062.9  -7.423761E-4
4065.5  -4.751266E-4
4068.1  1.740117E-4
4070.7  1.915331E-4
4073.3  -7.233968E-5
4075.9  1.740859E-4
4078.5  -0.001044322
4081.1  -3.548343E-4
4083.7  -1.810497E-4
4086.3  -8.269844E-4
4088.9  -0.001244802
4091.5  -5.672790E-4
4094.1  2.818294E-5
4096.7  -8.492601E-4
4099.3  2.950928E-4
4101.9  2.445247E-4
4104.5  3.045605E-4
4107.1  -9.466470E-4
4109.7  1.367758E-4
4112.3  4.223447E-4
4114.9  -5.575132E-4
4117.5  4.203305E-4
4120.1  -4.717067E-4
4122.7  1.435404E-4
4125.3  -2.115534E-4
4127.9  -0.001058248
4130.5  -7.474233E-4
4133.1  -3.475810E-4
4135.7  -5.660022E-4
4138.3  -0.001009192
4140.9  -2.192375E-4
4143.5  -8.277217E-4
4146.1  -2.602036E-4
4148.7  -0.001005704
4151.3  -0.001295517
4153.9  6.735470E-4
4156.5  7.120180E-4
4159.1  -0.001308561
4161.7  -2.821530E-4
4164.3  1.994329E-4
4166.9  -1.615199E-5
4169.5  0.001000169
4172.1  -2.788498E-4
4174.7  -1.662213E-4
4177.3  -0.00149122
4179.9  -4.229087E-4
4182.5  1.422765E-4
4185.1  4.069273E-4
4187.7  -3.958255E-5
4190.3  1.472036E-4
4192.9  -8.379263E-5
4195.5  2.034045E-4
4198.1  2.234658E-4
4200.7  -8.477137E-4
4203.3  -2.912011E-4
4205.9  -5.861353E-4
4208.5  4.332129E-4
4211.1  -9.836392E-4
4213.7  -2.799265E-4
4216.3  -9.125592E-4
4218.9  8.410155E-4
4221.5  6.696800E-6
4224.1  -2.988875E-4
4226.7  -0.001223799
4229.3  7.133175E-4
4231.9  1.948642E-4
4234.5  -6.609243E-4
4237.1  -5.975825E-4
4239.7  6.084293E-4
4242.3  3.322384E-4
4244.9  5.526897E-4
4247.5  3.401448E-4
4250.1  -2.395365E-4
4252.7  -1.862801E-4
4255.3  -3.686190E-4
4257.9  -5.815035E-4
4260.5  -0.001078954
4263.1  8.029179E-4
4265.7  -0.001142183
4268.3  -0.001094518
4270.9  -4.029139E-4
4273.5  4.478927E-4
4276.1  0.007506836
4278.7  0.005188408
4281.3  0.006480524
4283.9  0.01075222
4286.5  2.138129E-4
4289.1  0.004293762
4291.7  0.002736479
4294.3  -4.864002E-4
4296.9  0.001396324
4299.5  4.287813E-4
4302.1  -0.001067295
4304.7  -4.985817E-4
4307.3  -9.218684E-4
4309.9  4.933587E-4
4312.5  -3.812930E-4
4315.1  -0.001648757
4317.7  -6.567396E-4
4320.3  -0.003292294
4322.9  -9.585830E-5
4325.5  -6.720736E-4
4328.1  5.607260E-4
4330.7  -8.915415E-4
4333.3  -0.001218527
4335.9  0.001048941
4338.5  -5.177176E-4
4341.1  -6.139271E-4
4343.7  0.001022291
4346.3  0.001767971
4348.9  6.737784E-4
4351.5  -0.001259753
4354.1  -9.905649E-4
4356.7  -0.002433473
4359.3  -9.563228E-4
4361.9  -1.771729E-4
4364.5  -7.267141E-4
4367.1  -3.394087E-4
4369.7  -0.001627755
4372.3  3.801191E-4
4374.9  -0.001138189
4377.5  3.026716E-4
4380.1  0.001095942
4382.7  -7.171920E-4
4385.3  -0.003059657
4387.9  4.950503E-4
4390.5  -0.003486218
4393.1  -9.838982E-4
4395.7  -4.023758E-4
4398.3  -7.952838E-4
4400.9  -3.780079E-5
4403.5  -0.003385762
4406.1  -0.001085539
4408.7  -0.002929553
4411.3  -0.002565372
4413.9  -6.588776E-4
4416.5  1.989578E-4
4419.1  3.400929E-4
4421.7  4.058965E-4
4424.3  -7.833991E-4
4426.9  -0.002055042
4429.5  4.247451E-4
4432.1  -0.002313904
4434.7  -0.001965154
4437.3  -7.901309E-4
4439.9  -0.001428866
4442.5  -0.00181025
4445.1  -6.188790E-4
4447.7  0.00198511
4450.3  2.983909E-4
4452.9  0.00104586
4455.5  -0.002654286
4458.1  0.001065704
4460.7  -0.002233641
4463.3  -0.001114475
4465.9  -0.004401699
4468.5  -0.001301714
4471.1  -0.001344698
4473.7  -7.318514E-4
4476.3  -0.003099973
4478.9  -0.00145896
4481.5  5.232761E-5
4484.1  -7.479750E-4
4486.7  -0.001446412
4489.3  -5.231847E-4
4491.9  -0.005836977
4494.5  -0.001181231
4497.1  -0.001809816
4499.7  -2.287748E-4
4502.3  -7.389046E-4
4504.9  0.001319153
4507.5  -0.00640031
4510.1  -0.006171119
4512.7  -0.005187642
4515.3  -0.005215907
4517.9  -0.004499088
4520.5  0.00169513
4523.1  -3.939627E-4
4525.7  -0.001567432
4528.3  -0.002526258
4530.9  -0.005114553
4533.5  -0.005910817
4536.1  0.002019379
4538.7  0.002401435
4541.3  -7.660849E-4
4543.9  0.00202756
4546.5  -0.005028581
4549.1  -0.003711566
4551.7  -0.006445507
4554.3  -0.003830668
4556.9  0.003075492
4559.5  -7.851725E-5
4562.1  0.002369054
4564.7  -0.001057039
4567.3  -0.004872178
4569.9  6.028028E-4
4572.5  -0.008004797
4575.1  -0.003491159
4577.7  0.006058825
4580.3  0.01084142
4582.9  -0.004023086
4585.5  2.090951E-4
4588.1  -0.006083225
4590.7  -0.006484639
4593.3  -0.001314934
4595.9  0.00737682
4598.5  0.007579497
4601.1  -0.009236651
4603.7  0.001118109
4606.3  0.00421514
4608.9  0.002943472
4611.5  -0.003805659
4614.1  0.00940155
4616.7  0.01018181
4619.3  7.288757E-4
4621.9  -0.03347921
4624.5  0.01940125
4627.1  -0.01693776
4629.7  -0.02593844
4632.3  -0.06740554
4634.9  0.02842519
4637.5  -0.2952577
4640.1  2.839176
4642.7  0.04264434
4645.3  -0.01367336
4647.9  0.005412506
4650.5  0.06101179
4653.1  0.02285438
4655.7  -0.02189185
4658.3  -0.004520338
4660.9  -0.008685877
4663.5  0.004345535
4666.1  -0.001131665
4668.7  -0.009111915
4671.3  0.004174316
4673.9  0.006811537
4676.5  0.005985393
4679.1  0.005742143
4681.7  0.005413887
4684.3  0.01069542
4686.9  0.005390781
4689.5  0.01400756
4692.1  0.01455297
4694.7  0.01453582
4697.3  0.006138471
4699.9  0.01998373
4702.5  0.01468166
4705.1  0.01828141
4707.7  0.01914072
4710.3  0.0212856
4712.9  0.02405534
4715.5  0.02390966
4718.1  0.02100576
4720.7  0.02722375
4723.3  0.03026002
4725.9  0.03966999
4728.5  0.03685447
4731.1  0.03483836
4733.7  0.04389245
4736.3  0.04934962
4738.9  0.05936146
4741.5  0.0592991
4744.1  0.05611276
4746.7  0.0757689
4749.3  0.08977625
4751.9  0.09420696
4754.5  0.08825084
4757.1  0.08700744
4759.7  0.09434178
4762.3  0.1086196
4764.9  0.1280407
4767.5  0.1411565
4770.1  0.1363804
4772.7  0.1589353
4775.3  0.1709571
4777.9  0.1710681
4780.5  0.1881077
4783.1  0.1816147
4785.7  0.2041342
4788.3  0.2039974
4790.9  0.1931442
4793.5  0.2106617
4796.1  0.2200849
4798.7  0.2443451
4801.3  0.2599841
4803.9  0.2527024
4806.5  0.249467
4809.1  0.2704451
4811.7  0.2996612
4814.3  0.3135506
4816.9  0.3066309
4819.5  0.3281064
4822.1  0.3414508
4824.7  0.3529972
4827.3  0.3986005
4829.9  0.3885268
4832.5  0.3970299
4835.1  0.414555
4837.7  0.4056357
4840.3  0.4375489
4842.9  0.4553914
4845.5  0.4594809
4848.1  0.428588
4850.7  0.3907292
4853.3  0.3726603
4855.9  0.3234454
4858.5  0.3304756
4861.1  0.3459506
4863.7  0.3770429
4866.3  0.4685002
4868.9  0.4666516
4871.5  0.5094722
4874.1  0.5321472
4876.7  0.5023635
4879.3  0.57315
4881.9  0.5696651
4884.5  0.5513316
4887.1  0.5535076
4889.7  0.5651904
4892.3  0.6168833
4894.9  0.6145905
4897.5  0.634962
4900.1  0.7126498
4902.7  0.6699045
4905.3  0.671252
4907.9  0.6665283
4910.5  0.7192796
4913.1  0.7243393
4915.7  0.70967
4918.3  0.7209149
4920.9  0.7211952
4923.5  0.8277777
4926.1  0.7945867
4928.7  0.8213052
4931.3  0.8056906
4933.9  0.8420307
4936.5  0.8681776
4939.1  0.8286767
4941.7  0.8199643
4944.3  0.8240063
4946.9  0.8597363
4949.5  0.8639557
4952.1  0.8255997
4954.7  0.8591433
4957.3  0.8328466
4959.9  0.8030437
4962.5  0.8416371
4965.1  0.8481267
4967.7  0.8149504
4970.3  0.8642229
4972.9  0.8533552
4975.5  0.8617966
4978.1  0.8585569
4980.7  0.9216192
4983.3  0.9302533
4985.9  0.9218211
4988.5  0.9244169
4991.1  0.9129105
4993.7  0.9587734
4996.3  0.9538063
4998.9  0.9739761
5001.5  0.9850382
5004.1  0.9633766
5006.7  0.99488
5009.3  0.9965944
5011.9  0.943323
5014.5  0.9733909
5017.1  1.023615
5019.7  0.9876904
5022.3  0.96747
5024.9  0.9863115
5027.5  0.9870535
5030.1  0.9898554
5032.7  0.9836914
5035.3  0.9732703
5037.9  1.007917
5040.5  1.010843
5043.1  1.010983
5045.7  0.951705
5048.3  0.963233
5050.9  1.009622
5053.5  1.019023
5056.1  0.9834991
5058.7  0.9827649
5061.3  1.047127
5063.9  1.08995
5066.5  1.055032
5069.1  1.01945
5071.7  1.073538
5074.3  1.04199
5076.9  1.066923
5079.5  1.092688
5082.1  1.06983
5084.7  1.04833
5087.3  1.051307
5089.9  1.034517
5092.5  1.079455
5095.1  1.061965
5097.7  1.069868
5100.3  1.043221
5102.9  1.035596
5105.5  1.043983
5108.1  1.026925
5110.7  1.039528
5113.3  1.006199
5115.9  1.04298
5118.5  1.005691
5121.1  1.069204
5123.7  1.0086
5126.3  0.9842424
5128.9  1.007427
5131.5  1.064544
5134.1  1.045522
5136.7  1.020383
5139.3  1.034314
5141.9  1.032147
5144.5  1.061941
5147.1  1.081923
5149.7  1.078781
5152.3  1.024228
5154.9  1.081905
5157.5  1.075315
5160.1  1.061197
5162.7  1.093637
5165.3  1.066256
5167.9  1.085596
5170.5  1.059254
5173.1  1.054869
5175.7  1.079304
5178.3  1.068114
5180.9  1.058053
5183.5  1.065671
5186.1  1.072247
5188.7  1.052805
5191.3  1.024474
5193.9  1.040253
5196.5  1.047844
5199.1  1.062243
5201.7  1.034309
5204.3  1.03692
5206.9  1.022438
5209.5  1.010387
5212.1  1.074172
5214.7  1.071296
5217.3  1.076841
5219.9  1.042064
5222.5  1.067045
5225.1  1.080285
5227.7  1.054315
5230.3  1.036977
5232.9  1.05439
5235.5  1.086061
5238.1  1.074023
5240.7  1.072754
5243.3  1.072752
5245.9  1.07476
5248.5  1.074384
5251.1  1.07348
5253.7  1.060522
5256.3  1.041433
5258.9  1.035109
5261.5  1.010972
5264.1  1.048916
5266.7  1.067686
5269.3  1.021201
5271.9  0.9914637
5274.5  1.024349
5277.1  1.04512
5279.7  1.023685
5282.3  1.006271
5284.9  0.9980118
5287.5  1.018009
5290.1  0.9972934
5292.7  0.9979432
5295.3  1.008406
5297.9  1.035202
5300.5  1.015505
5303.1  0.9956464
5305.7  0.9922586
5308.3  1.031674
5310.9  1.020989
5313.5  1.003981
5316.1  1.003646
5318.7  1.034148
5321.3  1.021112
5323.9  1.034785
5326.5  1.043879
5329.1  1.035135
5331.7  1.056007
5334.3  1.058332
5336.9  1.081694
5339.5  1.062287
5342.1  1.037057
5344.7  1.027838
5347.3  1.110495
5349.9  1.084307
5352.5  1.05102
5355.1  1.075494
5357.7  1.093439
5360.3  1.074597
5362.9  1.058786
5365.5  1.039483
5368.1  1.046385
5370.7  1.039155
5373.3  1.0317
5375.9  1.052091
5378.5  1.033288
5381.1  1.064181
5383.7  1.031215
5386.3  1.004838
5388.9  1.005307
5391.5  1.012162
5394.1  1.015183
5396.7  1.022406
5399.3  1.055195
5401.9  1.012363
5404.5  1.048891
5407.1  1.028931
5409.7  1.036282
5412.3  1.042489
5414.9  1.051185
5417.5  1.041452
5420.1  1.061555
5422.7  1.030789
5425.3  1.000065
5427.9  1.052141
5430.5  1.048134
5433.1  1.062606
5435.7  1.039429
5438.3  1.037403
5440.9  1.020567
5443.5  0.9875432
5446.1  0.9986476
5448.7  1.004029
5451.3  0.9973571
5453.9  0.9782439
5456.5  0.9994524
5459.1  0.9871693
5461.7  0.9936098
5464.3  0.9819249
5466.9  0.9721135
5469.5  0.9783409
5472.1  0.9416805
5474.7  0.982913
5477.3  0.9683956
5479.9  0.9505142
5482.5  0.9297654
5485.1  0.9468092
5487.7  0.9303688
5490.3  0.9723169
5492.9  0.9485508
5495.5  0.929377
5498.1  0.9781637
5500.7  0.9798025
5503.3  0.9723722
5505.9  0.9738585
5508.5  0.9646906
5511.1  1.003715
5513.7  1.000671
5516.3  1.033723
5518.9  1.012019
5521.5  1.014868
5524.1  1.024607
5526.7  1.027167
5529.3  1.024203
5531.9  1.026092
5534.5  1.026886
5537.1  1.009084
5539.7  0.9912198
5542.3  0.9875422
5544.9  0.9551124
5547.5  0.9851027
5550.1  0.9632864
5552.7  0.9744883
5555.3  0.961266
5557.9  0.9532999
5560.5  0.95814
5563.1  0.9226871
5565.7  0.9391028
5568.3  0.9148087
5570.9  0.9186198
5573.5  0.8963321
5576.1  0.8890998
5578.7  0.8982165
5581.3  0.8763649
5583.9  0.8678842
5586.5  0.8806304
5589.1  0.8909386
5591.7  0.8649084
5594.3  0.851496
5596.9  0.8627661
5599.5  0.8497435
5602.1  0.8677176
5604.7  0.860674
5607.3  0.8639747
5609.9  0.8792804
5612.5  0.8995612
5615.1  0.8894577
5617.7  0.8982401
5620.3  0.925469
5622.9  0.9162117
5625.5  0.9405676
5628.1  0.9627736
5630.7  0.9658275
5633.3  0.9524713
5635.9  0.9711781
5638.5  0.9689862
5641.1  0.9796599
5643.7  1.003399
5646.3  1.006161
5648.9  1.008254
5651.5  0.9979817
5654.1  1.00327
5656.7  1.008022
5659.3  1.00793
5661.9  1.016704
5664.5  1.020434
5667.1  0.9760772
5669.7  0.9786685
5672.3  0.9753278
5674.9  0.9981096
5677.5  0.9741157
5680.1  0.983311
5682.7  0.9761894
5685.3  0.9618181
5687.9  0.9658268
5690.5  0.9581935
5693.1  0.9630846
5695.7  0.9520116
5698.3  0.9317293
5700.9  0.9331031
5703.5  0.9557627
5706.1  0.9205221
5708.7  0.9143559
5711.3  0.9291728
5713.9  0.9428148
5716.5  0.9471824
5719.1  0.9400216
5721.7  0.9425856
5724.3  0.955413
5726.9  0.9503542
5729.5  0.9522508
5732.1  0.9674961
5734.7  0.9773979
5737.3  0.9850473
5739.9  0.9771628
5742.5  0.9616565
5745.1  0.9762844
5747.7  0.9795421
5750.3  0.9862099
5752.9  0.9987915
5755.5  1.001949
5758.1  0.9916813
5760.7  0.997034
5763.3  0.9881659
5765.9  0.9883363
5768.5  0.9855316
5771.1  0.9649336
5773.7  0.9552349
5776.3  0.9486729
5778.9  0.942875
5781.5  0.9236592
5784.1  0.9407609
5786.7  0.9468462
5789.3  0.9367913
5791.9  0.9555322
5794.5  0.9559586
5797.1  0.9498437
5799.7  0.929516
5802.3  0.9648595
5804.9  0.9460682
5807.5  0.950857
5810.1  0.9365332
5812.7  0.9568034
5815.3  0.9530885
5817.9  0.9460526
5820.5  0.9632748
5823.1  0.9457417
5825.7  0.9558076
5828.3  0.9637572
5830.9  0.9711706
5833.5  0.9643205
5836.1  0.9624288
5838.7  0.9695965
5841.3  0.967339
5843.9  0.9645361
5846.5  0.9675209
5849.1  0.9766982
5851.7  0.9881413
5854.3  0.9802955
5856.9  0.9847081
5859.5  0.9979954
5862.1  0.9851543
5864.7  0.9968095
5867.3  0.9929326
5869.9  0.9710762
5872.5  0.9699067
5875.1  0.9703439
5877.7  0.9687097
5880.3  0.9799312
5882.9  0.9405668
5885.5  0.9350074
5888.1  0.9160454
5890.7  0.8928627
5893.3  0.8982313
5895.9  0.9004491
5898.5  0.9301083
5901.1  0.9461244
5903.7  0.948566
5906.3  0.9452215
5908.9  0.9299894
5911.5  0.9345487
5914.1  0.930285
5916.7  0.9232325
5919.3  0.9132881
5921.9  0.9250811
5924.5  0.9121187
5927.1  0.9019126
5929.7  0.9206559
5932.3  0.9165024
5934.9  0.8983783
5937.5  0.9067031
5940.1  0.9327228
5942.7  0.9113226
5945.3  0.914106
5947.9  0.9263049
5950.5  0.9260373
5953.1  0.9369589
5955.7  0.9435359
5958.3  0.9410599
5960.9  0.9487487
5963.5  0.943512
5966.1  0.9585051
5968.7  0.9635383
5971.3  0.9661695
5973.9  0.9629712
5976.5  0.9711965
5979.1  0.9721047
5981.7  0.9814084
5984.3  0.9828957
5986.9  0.9926006
5989.5  0.9677727
5992.1  0.9981572
5994.7  1.002217
5997.3  1.007881
5999.9  0.9902996
6002.5  0.981689
6005.1  0.986947
6007.7  0.9807361
6010.3  0.9810652
6012.9  0.9816764
6015.5  0.9775194
6018.1  0.9751225
6020.7  0.9793242
6023.3  0.9724126
6025.9  0.9670862
6028.5  0.9646961
6031.1  0.9517527
6033.7  0.9538651
6036.3  0.9468269
6038.9  0.9550297
6041.5  0.9416309
6044.1  0.954122
6046.7  0.9492735
6049.3  0.945629
6051.9  0.9414315
6054.5  0.9454188
6057.1  0.9440364
6059.7  0.9287058
6062.3  0.9346901
6064.9  0.9535534
6067.5  0.9534339
6070.1  0.943119
6072.7  0.95063
6075.3  0.9478741
6077.9  0.9570719
6080.5  0.9551213
6083.1  0.9586082
6085.7  0.964835
6088.3  0.9626622
6090.9  0.9743257
6093.5  0.9734344
6096.1  0.9858916
6098.7  0.97136
6101.3  0.9852018
6103.9  0.9785604
6106.5  0.9704105
6109.1  0.989765
6111.7  0.9798566
6114.3  0.9813293
6116.9  0.9820009
6119.5  0.9777794
6122.1  0.9897979
6124.7  0.9813166
6127.3  0.9755645
6129.9  0.9846722
6132.5  0.9678341
6135.1  0.9568543
6137.7  0.9525524
6140.3  0.9593142
6142.9  0.9496354
6145.5  0.9558111
6148.1  0.9439853
6150.7  0.9431668
6153.3  0.9315084
6155.9  0.9224144
6158.5  0.9288685
6161.1  0.9105176
6163.7  0.9096736
6166.3  0.9178305
6168.9  0.8946102
6171.5  0.9037308
6174.1  0.9080113
6176.7  0.9064549
6179.3  0.9095781
6181.9  0.9088841
6184.5  0.9106597
6187.1  0.9291832
6189.7  0.9165338
6192.3  0.9169756
6194.9  0.9054029
6197.5  0.9025004
6200.1  0.926626
6202.7  0.9219593
6205.3  0.9239064
6207.9  0.9331329
6210.5  0.9518566
6213.1  0.962172
6215.7  0.9490754
6218.3  0.9518722
6220.9  0.9611323
6223.5  0.9666998
6226.1  0.971285
6228.7  0.9693327
6231.3  0.975246
6233.9  0.9765007
6236.5  0.9754531
6239.1  0.9875548
6241.7  0.9864116
6244.3  0.9913505
6246.9  0.9881128
6249.5  0.9944891
6252.1  0.9930152
6254.7  0.9935839
6257.3  0.9935821
6259.9  0.997104
6262.5  0.9860861
6265.1  0.970449
6267.7  0.9918027
6270.3  0.9820117
6272.9  0.9615564
6275.5  0.9345778
6278.1  0.8985037
6280.7  0.8969026
6283.3  0.9115988
6285.9  0.9206806
6288.5  0.9277718
6291.1  0.9465962
6293.7  0.9647723
6296.3  0.9472216
6298.9  0.9534564
6301.5  0.9784622
6304.1  0.9629586
6306.7  0.9467905
6309.3  0.9448481
6311.9  0.958221
6314.5  0.9611955
6317.1  0.951879
6319.7  0.9460354
6322.3  0.9654758
6324.9  0.9659745
6327.5  0.9596937
6330.1  0.9733483
6332.7  0.9790524
6335.3  0.9662693
6337.9  0.9612905
6340.5  0.9506676
6343.1  0.9521362
6345.7  0.9585476
6348.3  0.9565851
6350.9  0.9633929
6353.5  0.9761426
6356.1  0.9863609
6358.7  0.9775235
6361.3  0.9742026
6363.9  0.9779217
6366.5  0.9707966
6369.1  0.9739888
6371.7  0.983435
6374.3  0.9783365
6376.9  0.9838597
6379.5  0.9947778
6382.1  0.9956706
6384.7  1.007251
6387.3  1.007121
6389.9  1.004905
6392.5  1.01246
6395.1  0.9960093
6397.7  0.9863826
6400.3  0.9918731
6402.9  0.9939927
6405.5  1.005517
6408.1  1.006556
6410.7  0.9967821
6413.3  0.9830043
6415.9  0.9909976
6418.5  0.9992406
6421.1  1.005467
6423.7  0.9918473
6426.3  0.9924151
6428.9  0.9897121
6431.5  0.9849188
6434.1  0.9898733
6436.7  0.9779102
6439.3  0.990154
6441.9  0.9827334
6444.5  0.976648
6447.1  0.9760358
6449.7  0.973084
6452.3  0.9763371
6454.9  0.9846073
6457.5  0.9783595
6460.1  0.982375
6462.7  0.977456
6465.3  0.9837312
6467.9  0.9877236
6470.5  0.9929503
6473.1  0.9902586
6475.7  1.001389
6478.3  0.9989264
6480.9  0.9945472
6483.5  0.9958205
6486.1  1.001729
6488.7  1.01271
6491.3  1.006657
6493.9  0.998454
6496.5  0.9990773
6499.1  1.010773
6501.7  1.013047
6504.3  1.022494
6506.9  1.014393
6509.5  1.003958
6512.1  1.007122
6514.7  1.010965
6517.3  1.007386
6519.9  1.008935
6522.5  1.008814
6525.1  1.009852
6527.7  1.006561
6530.3  1.000826
6532.9  0.9911136
6535.5  0.9934038
6538.1  0.9863738
6540.7  0.9819258
6543.3  0.981651
6545.9  0.9665318
6548.5  0.9578028
6551.1  0.9129063
6553.7  0.8692636
6556.3  0.798495
6558.9  0.7551193
6561.5  0.7550457
6564.1  0.7756442
6566.7  0.8206038
6569.3  0.8779469
6571.9  0.9215029
6574.5  0.944683
6577.1  0.9569797
6579.7  0.9771383
6582.3  0.9824976
6584.9  0.9929996
6587.5  0.9808789
6590.1  0.9855842
6592.7  0.9963853
6595.3  0.9809381
6597.9  0.996747
6600.5  0.9943618
6603.1  0.9947546
6605.7  1.006321
6608.3  0.9956722
6610.9  0.999742
6613.5  0.9949684
6616.1  1.008839
6618.7  1.006339
6621.3  1.009542
6623.9  1.0229
6626.5  1.022765
6629.1  1.023479
6631.7  1.028687
6634.3  1.026108
6636.9  1.009406
6639.5  1.017261
6642.1  1.01695
6644.7  1.0401
6647.3  1.025438
6649.9  1.026217
6652.5  1.032146
6655.1  1.03025
6657.7  1.017277
6660.3  1.026272
6662.9  1.031323
6665.5  1.037195
6668.1  1.032539
6670.7  1.029328
6673.3  1.015646
6675.9  1.023482
6678.5  1.032033
6681.1  1.04311
6683.7  1.048493
6686.3  1.04064
6688.9  1.038205
6691.5  1.032854
6694.1  1.032323
6696.7  1.033193
6699.3  1.041124
6701.9  1.048979
6704.5  1.039493
6707.1  1.035285
6709.7  1.039469
6712.3  1.030855
6714.9  1.035683
6717.5  1.028154
6720.1  1.027861
6722.7  1.03052
6725.3  1.026912
6727.9  1.028726
6730.5  1.037849
6733.1  1.026763
6735.7  1.025993
6738.3  1.029557
6740.9  1.018541
6743.5  1.021564
6746.1  1.028981
6748.7  1.030742
6751.3  1.03749
6753.9  1.028404
6756.5  1.036557
6759.1  1.033379
6761.7  1.043697
6764.3  1.028566
6766.9  1.022148
6769.5  1.032625
6772.1  1.044578
6774.7  1.036497
6777.3  1.041455
6779.9  1.050284
6782.5  1.037341
6785.1  1.037683
6787.7  1.041862
6790.3  1.045689
6792.9  1.051502
6795.5  1.045891
6798.1  1.041465
6800.7  1.059901
6803.3  1.050439
6805.9  1.04959
6808.5  1.047095
6811.1  1.055362
6813.7  1.052029
6816.3  1.056178
6818.9  1.043883
6821.5  1.053493
6824.1  1.057657
6826.7  1.052216
6829.3  1.047351
6831.9  1.055572
6834.5  1.052924
6837.1  1.051374
6839.7  1.050784
6842.3  1.05566
6844.9  1.049938
6847.5  1.053664
6850.1  1.051066
6852.7  1.041082
6855.3  1.040271
6857.9  1.033355
6860.5  1.016307
6863.1  0.9520162
6865.7  0.8847117
6868.3  0.8418571
6870.9  0.8276283
6873.5  0.8558305
6876.1  0.9037049
6878.7  0.9473869
6881.3  0.9537415
6883.9  0.9497379
6886.5  0.9455732
6889.1  0.940936
6891.7  0.9424639
6894.3  0.938392
6896.9  0.9442396
6899.5  0.9618807
6902.1  0.9697423
6904.7  0.972699
6907.3  0.9919921
6909.9  0.9998746
6912.5  0.9982984
6915.1  1.004074
6917.7  1.018184
6920.3  1.021587
6922.9  1.016399
6925.5  1.024685
6928.1  1.028935
6930.7  1.034823
6933.3  1.033095
6935.9  1.037884
6938.5  1.036524
6941.1  1.039069
6943.7  1.04438
6946.3  1.043213
6948.9  1.054454
6951.5  1.045335
6954.1  1.044205
6956.7  1.036276
6959.3  1.04582
6961.9  1.060438
6964.5  1.05414
6967.1  1.063707
6969.7  1.069653
6972.3  1.061131
6974.9  1.061256
6977.5  1.068912
6980.1  1.062278
6982.7  1.056458
6985.3  1.056705
6987.9  1.060781
6990.5  1.059183
6993.1  1.051115
6995.7  1.057613
6998.3  1.055446
7000.9  1.050094
7003.5  1.056908
7006.1  1.056123
7008.7  1.054312
7011.3  1.065864
7013.9  1.061828
7016.5  1.04423
7019.1  1.069065
7021.7  1.060164
7024.3  1.050547
7026.9  1.057387
7029.5  1.061919
7032.1  1.062529
7034.7  1.056401
7037.3  1.05843
7039.9  1.05834
7042.5  1.055298
7045.1  1.067185
7047.7  1.066336
7050.3  1.061278
7052.9  1.058406
7055.5  1.058203
7058.1  1.043164
7060.7  1.033503
7063.3  1.032909
7065.9  1.035633
7068.5  1.061332
7071.1  1.058639
7073.7  1.055966
7076.3  1.070768
7078.9  1.050597
7081.5  1.055483
7084.1  1.073247
7086.7  1.058899
7089.3  1.054965
7091.9  1.06154
7094.5  1.060795
7097.1  1.075675
7099.7  1.058787
7102.3  1.053085
7104.9  1.067962
7107.5  1.073604
7110.1  1.064636
7112.7  1.062441
7115.3  1.05775
7117.9  1.055922
7120.5  1.059894
7123.1  1.057393
7125.7  1.061424
7128.3  1.062022
7130.9  1.056091
7133.5  1.061144
7136.1  1.061432
7138.7  1.066322
7141.3  1.060122
7143.9  1.056038
7146.5  1.060808
7149.1  1.054809
7151.7  1.047987
7154.3  1.052679
7156.9  1.057521
7159.5  1.059681
7162.1  1.050565
7164.7  1.049287
7167.3  1.049804
7169.9  1.040205
7172.5  1.040066
7175.1  1.038395
7177.7  1.0411
7180.3  1.031882
7182.9  1.020946
7185.5  1.022525
7188.1  1.035012
7190.7  1.028114
7193.3  1.034119
7195.9  1.030066
7198.5  1.031021
7201.1  1.030807
7203.7  1.040738
7206.3  1.042275
7208.9  1.047281
7211.5  1.054037
7214.1  1.050944
7216.7  1.050446
7219.3  1.036467
7221.9  1.029982
7224.5  1.041306
7227.1  1.035478
7229.7  1.036125
7232.3  1.034021
7234.9  1.041689
7237.5  1.044082
7240.1  1.046619
7242.7  1.051715
7245.3  1.04636
7247.9  1.044222
7250.5  1.045349
7253.1  1.042479
7255.7  1.055379
7258.3  1.048338
7260.9  1.060215
7263.5  1.052646
7266.1  1.053034
7268.7  1.046187
7271.3  1.038175
7273.9  1.050399
7276.5  1.047567
7279.1  1.043141
7281.7  1.037033
7284.3  1.039745
7286.9  1.050139
7289.5  1.049999
7292.1  1.042066
7294.7  1.031052
7297.3  1.039586
7299.9  1.049199
7302.5  1.047488
7305.1  1.03399
7307.7  1.031932
7310.3  1.033378
7312.9  1.036576
7315.5  1.027552
7318.1  1.046464
7320.7  1.053179
7323.3  1.046028
7325.9  1.042234
7328.5  1.028449
7331.1  1.03228
7333.7  1.030845
7336.3  1.036083
7338.9  1.03986
7341.5  1.035016
7344.1  1.031169
7346.7  1.027867
7349.3  1.028711
7351.9  1.032649
7354.5  1.018822
7357.1  1.009883
7359.7  1.011441
7362.3  1.016716
7364.9  1.023574
7367.5  1.011316
7370.1  1.015997
7372.7  1.025604
7375.3  1.024452
7377.9  1.020072
7380.5  1.023807
7383.1  1.023898
7385.7  1.016255
7388.3  1.013484
7390.9  1.023613
7393.5  1.021542
7396.1  1.019212
7398.7  1.023976
7401.3  1.018542
7403.9  1.014578
7406.5  1.024222
7409.1  1.027521
7411.7  1.024123
7414.3  1.020756
7416.9  1.009892
7419.5  1.001599
7422.1  1.009432
7424.7  1.011072
7427.3  1.016847
7429.9  1.00794
7432.5  1.014995
7435.1  1.018559
7437.7  1.020332
7440.3  1.018594
7442.9  1.028679
7445.5  1.028102
7448.1  1.02683
7450.7  1.022995
7453.3  1.031108
7455.9  1.026719
7458.5  1.027783
7461.1  1.029276
7463.7  1.018028
7466.3  1.022267
7468.9  1.030225
7471.5  1.026866
7474.1  1.024032
7476.7  1.021251
7479.3  1.022381
7481.9  1.027002
7484.5  1.02003
7487.1  1.030158
7489.7  1.037472
7492.3  1.032744
7494.9  1.039897
7497.5  1.04012
7500.1  1.031071
7502.7  1.025844
7505.3  1.029607
7507.9  1.022746
7510.5  1.02403
7513.1  1.025813
7515.7  1.024182
7518.3  1.033627
7520.9  1.026327
7523.5  1.034012
7526.1  1.024177
7528.7  1.021896
7531.3  1.017091
7533.9  1.025197
7536.5  1.020344
7539.1  1.019194
7541.7  1.007746
7544.3  1.016021
7546.9  1.023559
7549.5  1.024707
7552.1  1.014028
7554.7  1.012248
7557.3  1.00331
7559.9  1.007906
7562.5  1.014035
7565.1  1.011783
7567.7  1.007816
7570.3  1.010527
7572.9  1.012784
7575.5  1.011446
7578.1  1.006132
7580.7  0.9980994
7583.3  1.004409
7585.9  0.9910462
7588.5  0.9295389
7591.1  0.8145896
7593.7  0.6781591
7596.3  0.5396827
7598.9  0.4198314
7601.5  0.3561062
7604.1  0.3471009
7606.7  0.3631838
7609.3  0.4255794
7611.9  0.536657
7614.5  0.6506849
7617.1  0.6912193
7619.7  0.7032263
7622.3  0.657775
7624.9  0.6086801
7627.5  0.5735027
7630.1  0.5715394
7632.7  0.5914021
7635.3  0.6004012
7637.9  0.6226207
7640.5  0.652813
7643.1  0.6834648
7645.7  0.7114189
7648.3  0.7417648
7650.9  0.7744446
7653.5  0.793756
7656.1  0.8122581
7658.7  0.8335037
7661.3  0.8502132
7663.9  0.8648189
7666.5  0.8782347
7669.1  0.8990369
7671.7  0.9122383
7674.3  0.9212672
7676.9  0.9312636
7679.5  0.9378505
7682.1  0.9450945
7684.7  0.9489689
7687.3  0.944416
7689.9  0.9494182
7692.5  0.9503288
7695.1  0.9437599
7697.7  0.9508619
7700.3  0.9607366
7702.9  0.9567927
7705.5  0.9589893
7708.1  0.9724034
7710.7  0.9645047
7713.3  0.9592177
7715.9  0.9669529
7718.5  0.9762178
7721.1  0.9573253
7723.7  0.9681361
7726.3  0.9607885
7728.9  0.9654719
7731.5  0.9633627
7734.1  0.965178
7736.7  0.969498
7739.3  0.9640188
7741.9  0.9597214
7744.5  0.9538552
7747.1  0.9609569
7749.7  0.9657159
7752.3  0.9769509
7754.9  0.9601789
7757.5  0.9422475
7760.1  0.9582844
7762.7  0.9718673
7765.3  0.9511901
7767.9  0.9302645
7770.5  0.9209888
7773.1  0.9218957
7775.7  0.9269367
7778.3  0.9546195
7780.9  0.9628191
7783.5  0.9665334
7786.1  0.9685341
7788.7  0.9718574
7791.3  0.9823341
7793.9  0.9739087
7796.5  0.9734354
7799.1  0.9730498
7801.7  0.9661249
7804.3  0.9710437
7806.9  0.973484
7809.5  0.9702929
7812.1  0.9636199
7814.7  0.9781477
7817.3  0.9750809
7819.9  0.9843571
7822.5  0.9841254
7825.1  0.9757489
7827.7  0.9737073
7830.3  0.9859355
7832.9  0.9924578
7835.5  0.9762472
7838.1  0.9735973
7840.7  0.9816676
7843.3  0.9949272
7845.9  0.9733417
7848.5  0.9858831
7851.1  0.9905646
7853.7  0.9862486
7856.3  0.9784542
7858.9  0.9722936
7861.5  0.9774433
7864.1  0.9940487
7866.7  0.9864104
7869.3  0.9860379
7871.9  0.9735895
7874.5  0.9793474
7877.1  0.9834814
7879.7  0.9882986
7882.3  0.9855567
7884.9  0.9775746
7887.5  0.9827443
7890.1  0.973582
7892.7  0.9746381
7895.3  0.9711685
7897.9  0.9693483
7900.5  0.9824088
7903.1  0.9822893
7905.7  0.9802208
7908.3  0.9829392
7910.9  0.9841512
7913.5  0.9913681
7916.1  0.9832622
7918.7  0.9820474
7921.3  0.9716901
7923.9  0.9744919
7926.5  0.9714514
7929.1  0.9768934
7931.7  0.9786915
7934.3  0.982732
7936.9  0.9743218
7939.5  0.9737346
7942.1  0.9779647
7944.7  0.9787071
7947.3  0.9704083
7949.9  0.9719456
7952.5  0.9806036
7955.1  0.9904307
7957.7  0.984023
7960.3  0.9889078
7962.9  0.9914735
7965.5  0.9840603
7968.1  0.9808743
7970.7  0.9764799
7973.3  0.9817092
7975.9  0.9894342
7978.5  0.9878928
7981.1  0.995935
7983.7  0.9809045
7986.3  0.9750115
7988.9  0.9644969
7991.5  0.9960437
7994.1  0.9882426
7996.7  0.9718295
7999.3  0.9727685
8001.9  0.9863517
8004.5  0.9877859
8007.1  0.9865004
8009.7  0.9758675
8012.3  0.9788181
8014.9  0.9913383
8017.5  0.9795077
8020.1  0.9744219
8022.7  0.9772308
8025.3  0.9541067
8027.9  0.9683257
8030.5  0.9645146
8033.1  0.9663377
8035.7  0.9671088
8038.3  0.9658733
8040.9  0.9666751
8043.5  0.9641736
8046.1  0.9683667
8048.7  0.9677188
8051.3  0.9709376
8053.9  0.9741705
8056.5  0.9650277
8059.1  0.9642024
8061.7  0.973017
8064.3  0.9730667
8066.9  0.9664257
8069.5  0.9547023
8072.1  0.9591172
8074.7  0.966888
8077.3  0.9671711
8079.9  0.9653318
8082.5  0.9606338
8085.1  0.9588552
8087.7  0.9578025
8090.3  0.9533502
8092.9  0.9561989
8095.5  0.9503162
8098.1  0.9536555
8100.7  0.9517395
8103.3  0.9475183
8105.9  0.936758
8108.5  0.9405081
8111.1  0.9377546
8113.7  0.9403365
8116.3  0.9405808
8118.9  0.9448618
8121.5  0.944463
8124.1  0.9463906
8126.7  0.9507059
8129.3  0.9380121
8131.9  0.9293352
8134.5  0.9353042
8137.1  0.9353923
8139.7  0.9328051
8142.3  0.9427481
8144.9  0.9370681
8147.5  0.9289542
8150.1  0.9329007
8152.7  0.9341382
8155.3  0.9247784
8157.9  0.9220819
8160.5  0.9122866
8163.1  0.9277219
8165.7  0.9317638
8168.3  0.9298499
8170.9  0.9261628
8173.5  0.9201481
8176.1  0.926841
8178.7  0.9219657
8181.3  0.9253936
8183.9  0.9381042
8186.5  0.9322329
8189.1  0.9223529
8191.7  0.9300013
8194.3  0.9290574
8196.9  0.9175693
8199.5  0.9295231
8202.1  0.9458098
8204.7  0.94861
8207.3  0.9503065
8209.9  0.9494582
8212.5  0.9436247
8215.1  0.9475034
8217.7  0.9399374
8220.3  0.9307142
8222.9  0.9227867
8225.5  0.9207979
8228.1  0.9186162
8230.7  0.9247634
8233.3  0.9368113
8235.9  0.9545962
8238.5  0.9536902
8241.1  0.9486355
8243.7  0.9578734
8246.3  0.9604931
8248.9  0.9603177
8251.5  0.9653333
8254.1  0.9634535
8256.7  0.9546747
8259.3  0.9527696
8261.9  0.9565169
8264.5  0.9568331
8267.1  0.9627351
8269.7  0.9525332
8272.3  0.9599559
8274.9  0.9539241
8277.5  0.9456769
8280.1  0.9756795
8282.7  0.9975513
8285.3  0.9903874
8287.9  0.96158
8290.5  0.9481536
8293.1  0.9762948
8295.7  0.9704367
8298.3  0.9624047
8300.9  0.9543446
8303.5  0.9435866
8306.1  0.9431561
8308.7  0.9479142
8311.3  0.9369535
8313.9  0.9480477
8316.5  0.9397308
8319.1  0.9425663
8321.7  0.9380257
8324.3  0.9318038
8326.9  0.9401091
8329.5  0.9516218
8332.1  0.9430102
8334.7  0.9370238
8337.3  0.945307
8339.9  0.9443571
8342.5  0.9324356
8345.1  0.9175399
8347.7  0.9386507
8350.3  0.9148155
8352.9  0.9474541
8355.5  0.9461113
8358.1  0.9620963
8360.7  0.9452853
8363.3  0.9554205
8365.9  0.9509453
8368.5  0.9393169
8371.1  0.9425118
8373.7  0.9382437
8376.3  0.9439555
8378.9  0.9482308
8381.5  0.9435859
8384.1  0.9510288
8386.7  0.939315
8389.3  0.9371555
8391.9  0.9518216
8394.5  0.9836104
8397.1  0.955537
8399.7  0.9561486
8402.3  0.9420033
8404.9  0.9493563
8407.5  0.9512669
8410.1  0.9515728
8412.7  0.9550364
8415.3  0.9578686
8417.9  0.9546312
8420.5  0.9524089
8423.1  0.9779632
8425.7  0.9961167
8428.3  0.979567
8430.9  0.976332
8433.5  0.9567966
8436.1  0.9404575
8438.7  0.9245755
8441.3  0.9351419
8443.9  0.9457518
8446.5  0.9609329
8449.1  0.9878292
8451.7  0.9886678
8454.3  0.9833428
8456.9  0.9905275
8459.5  0.9725039
8462.1  0.9542915
8464.7  0.969744
8467.3  0.9584141
8469.9  0.9440044
8472.5  0.9680202
8475.1  0.9748877
8477.7  0.9967535
8480.3  1.003937
8482.9  1.009797
8485.5  1.012959
8488.1  1.003439
8490.7  0.9866819
8493.3  0.9560389
8495.9  0.9302419
8498.5  0.9237843
8501.1  0.9328588
8503.7  0.9485713
8506.3  0.9547236
8508.9  0.9815409
8511.5  0.991019
8514.1  0.9939819
8516.7  1.008824
8519.3  1.021788
8521.9  1.023121
8524.5  1.012222
8527.1  1.011773
8529.7  1.000215
8532.3  0.982061
8534.9  0.9556606
8537.5  0.9271998
8540.1  0.8815751
8542.7  0.8710303
8545.3  0.876286
8547.9  0.9006745
8550.5  0.9343405
8553.1  0.9728894
8555.7  0.9879192
8558.3  0.9978886
8560.9  1.018273
8563.5  1.005318
8566.1  1.019489
8568.7  1.015354
8571.3  1.006175
8573.9  1.016061
8576.5  1.011058
8579.1  1.008591
8581.7  0.9961874
8584.3  0.976802
8586.9  0.9548972
8589.5  0.9111257
8592.1  0.8863453
8594.7  0.8744103
8597.3  0.8556101
8599.9  0.8766468
8602.5  0.9096249
8605.1  0.9501891
8607.7  0.9785267
8610.3  0.9914195
8612.9  0.993305
8615.5  1.002752
8618.1  1.013689
8620.7  1.009466
8623.3  1.011887
8625.9  1.034593
8628.5  1.035686
8631.1  1.049337
8633.7  1.021627
8636.3  1.023596
8638.9  1.035339
8641.5  1.018146
8644.1  0.998691
8646.7  0.9801417
8649.3  0.9831914
8651.9  0.9651318
8654.5  0.9338585
8657.1  0.8909045
8659.7  0.8557059
8662.3  0.8353823
8664.9  0.8422827
8667.5  0.8862053
8670.1  0.9118544
8672.7  0.9356549
8675.3  0.9756654
8677.9  1.011099
8680.5  1.030362
8683.1  1.040916
8685.7  1.0524
8688.3  1.066173
8690.9  1.081464
8693.5  1.081959
8696.1  1.083389
8698.7  1.086865
8701.3  1.071684
8703.9  1.077824
8706.5  1.087855
8709.1  1.095353
8711.7  1.10218
8714.3  1.087796
8716.9  1.082665
8719.5  1.079701
8722.1  1.081835
8724.7  1.090293
8727.3  1.073263
8729.9  1.060682
8732.5  1.051177
8735.1  1.031095
8737.7  1.004152
8740.3  0.9609969
8742.9  0.909438
8745.5  0.8702486
8748.1  0.8687242
8750.7  0.8831534
8753.3  0.9348545
8755.9  0.9636014
8758.5  1.013767
8761.1  1.064639
8763.7  1.066522
8766.3  1.051102
8768.9  1.077938
8771.5  1.095152
8774.1  1.110997
8776.7  1.105396
8779.3  1.114362
8781.9  1.119374
8784.5  1.108056
8787.1  1.101494
8789.7  1.113335
8792.3  1.116059
8794.9  1.108512
8797.5  1.106686
8800.1  1.106307
8802.7  1.125804
8805.3  1.122866
8807.9  1.116395
8810.5  1.119272
8813.1  1.131393
8815.7  1.102742
8818.3  1.112615
8820.9  1.146518
8823.5  1.146203
8826.1  1.14851
8828.7  1.130358
8831.3  1.12583
8833.9  1.112697
8836.5  1.063385
8839.1  1.079124
8841.7  1.046135
8844.3  1.031004
8846.9  1.016816
8849.5  0.9754727
8852.1  0.9364786
8854.7  0.8965796
8857.3  0.8519409
8859.9  0.8451443
8862.5  0.8580302
8865.1  0.8924546
8867.7  0.9258986
8870.3  0.9420705
8872.9  0.9647091
8875.5  0.9912272
8878.1  1.034105
8880.7  1.051888
8883.3  1.063064
8885.9  1.071219
8888.5  1.085957
8891.1  1.074925
8893.7  1.079758
8896.3  1.079297
8898.9  1.081276
8901.5  1.093829
8904.1  1.084218
8906.7  1.082795
8909.3  1.06284
8911.9  1.102565
8914.5  1.093863
8917.1  1.100087
8919.7  1.101137
8922.3  1.059273
8924.9  1.04566
8927.5  1.060439
8930.1  1.045959
8932.7  1.065144
8935.3  1.076203
8937.9  1.087565
8940.5  1.091548
8943.1  1.088923
8945.7  1.083604
8948.3  1.059405
8950.9  1.08002
8953.5  1.087666
8956.1  1.078456
8958.7  1.051632
8961.3  1.056141
8963.9  1.010133
8966.5  1.056128
8969.1  1.054884
8971.7  1.056988
8974.3  1.055177
8976.9  1.041444
8979.5  1.031584
8982.1  1.021299
8984.7  0.9995303
8987.3  1.002484
8989.9  1.010615
8992.5  1.022258
8995.1  0.9928059
8997.7  0.9675618
9000.3  0.9478161
9002.9  0.9125692
9005.5  0.8460699
9008.1  0.7966586
9010.7  0.7833436
9013.3  0.772696
9015.9  0.8182543
9018.5  0.8379009
9021.1  0.8939423
9023.7  0.9254811
9026.3  0.9458001
9028.9  1.007792
9031.5  0.9939624
9034.1  1.008526
9036.7  1.016645
9039.3  1.038897
9041.9  1.051847
9044.5  1.055836
9047.1  1.061019
9049.7  1.044731
9052.3  1.028779
9054.9  1.019854
9057.5  1.016305
9060.1  1.01678
9062.7  1.02198
9065.3  1.034627
9067.9  1.044151
9070.5  1.043958
9073.1  1.028091
9075.7  1.029395
9078.3  1.017158
9080.9  1.005407
9083.5  1.000609
9086.1  1.00467
9088.7  1.0019
9091.3  1.005437
9093.9  1.01924
9096.5  1.01405
9099.1  1.020876
9101.7  1.019895
9104.3  0.9943886
9106.9  1.009323
9109.5  0.9956864
9112.1  0.9940366
9114.7  1.013941
9117.3  1.011556
9119.9  1.004773
9122.5  1.016737
9125.1  1.017149
9127.7  0.9944251
9130.3  0.978182
9132.9  0.9832928
9135.5  0.9810422
9138.1  0.9820743
9140.7  0.9958124
9143.3  0.9964216
9145.9  1.011361
9148.5  0.9923527
9151.1  0.9800324
9153.7  0.9762799
9156.3  0.9851084
9158.9  0.9807434
9161.5  0.9816372
9164.1  1.00255
9166.7  0.9892623
9169.3  0.9876568
9171.9  0.9816403
9174.5  0.9827623
9177.1  0.969528
9179.7  0.9681485
9182.3  0.9586479
9184.9  0.9646013
9187.5  0.9684329
9190.1  0.9663526
9192.7  0.9687254
9195.3  0.9763115
9197.9  0.9707952
9200.5  0.9640387
9203.1  0.9375514
9205.7  0.9180505
9208.3  0.9027283
9210.9  0.8949078
9213.5  0.8684293
9216.1  0.8471262
9218.7  0.8147857
9221.3  0.7697107
9223.9  0.7390668
9226.5  0.7391546
9229.1  0.7263892
9231.7  0.7462024
9234.3  0.7747655
9236.9  0.813796
9239.5  0.8481333
9242.1  0.8689014
9244.7  0.8935747
9247.3  0.9098791
9249.9  0.917555
9252.5  0.9330814
9255.1  0.9102947
9257.7  0.894556
9260.3  0.8720619
9262.9  0.8846699
9265.5  0.8989733
9268.1  0.9085037
9270.7  0.9290605
9273.3  0.9342502
9275.9  0.9330837
9278.5  0.9266097
9281.1  0.9064451
9283.7  0.8959771
9286.3  0.8911585
9288.9  0.8753122
9291.5  0.9030978
9294.1  0.9022181
9296.7  0.9024644
9299.3  0.9075704
9301.9  0.9173969
9304.5  0.8917841
9307.1  0.9060912
9309.7  0.8391253
9312.3  0.8209719
9314.9  0.8025277
9317.5  0.7983369
9320.1  0.7817726
9322.7  0.8192435
9325.3  0.7826004
9327.9  0.7878019
9330.5  0.7738585
9333.1  0.7795211
9335.7  0.7520986
9338.3  0.7242203
9340.9  0.7027693
9343.5  0.7109045
9346.1  0.7456079
9348.7  0.7482663
9351.3  0.7573879
9353.9  0.7464823
9356.5  0.7530648
9359.1  0.7665787
9361.7  0.768965
9364.3  0.7892519
9366.9  0.8303194
9369.5  0.8797868
9372.1  0.8501998
9374.7  0.8171455
9377.3  0.8111165
9379.9  0.7531375
9382.5  0.7073407
9385.1  0.7899851
9387.7  0.7945716
9390.3  0.8159564
9392.9  0.8256902
9395.5  0.8394687
9398.1  0.8256367
9400.7  0.8402379
9403.3  0.8120619
9405.9  0.8153472
9408.5  0.7945886
9411.1  0.8200925
9413.7  0.8029593
9416.3  0.7936803
9418.9  0.7949477
9421.5  0.7480084
9424.1  0.7318679
9426.7  0.7229764
9429.3  0.7536402
9431.9  0.7660184
9434.5  0.7881843
9437.1  0.7151083
9439.7  0.716131
9442.3  0.7035162
9444.9  0.7001946
9447.5  0.7368912
9450.1  0.7417319
9452.7  0.7845593
9455.3  0.7401299
9457.9  0.7623043
9460.5  0.7532469
9463.1  0.7506356
9465.7  0.7463321
9468.3  0.8218769
9470.9  0.8566525
9473.5  0.797953
9476.1  0.7818264
9478.7  0.7150127
9481.3  0.7161278
9483.9  0.7057124
9486.5  0.7594791
9489.1  0.7465744
9491.7  0.737851
9494.3  0.7317158
9496.9  0.723137
9499.5  0.7083775
9502.1  0.7228243
9504.7  0.7198739
9507.3  0.7300016
9509.9  0.7247269
9512.5  0.7425357
9515.1  0.706539
9517.7  0.6783805
9520.3  0.6388102
9522.9  0.6419225
9525.5  0.6356283
9528.1  0.6558608
9530.7  0.653877
9533.3  0.6622634
9535.9  0.6286872
9538.5  0.5907205
9541.1  0.5650145
9543.7  0.5762758
9546.3  0.5893454
9548.9  0.5947778
9551.5  0.6163283
9554.1  0.6356387
9556.7  0.639943
9559.3  0.6671471
9561.9  0.690493
9564.5  0.694029
9567.1  0.698828
9569.7  0.7100311
9572.3  0.6968129
9574.9  0.6806464
9577.5  0.6920266
9580.1  0.7005582
9582.7  0.6987311
9585.3  0.6980908
9587.9  0.7086293
9590.5  0.7187865
9593.1  0.7220714
9595.7  0.7256817
9598.3  0.7215956
9600.9  0.7352513
9603.5  0.7066672
9606.1  0.7081557
9608.7  0.7200175
9611.3  0.7245734
9613.9  0.7322761
9616.5  0.7422062
9619.1  0.7420393
9621.7  0.7109272
9624.3  0.7062147
9626.9  0.6939014
9629.5  0.7059104
9632.1  0.6954495
9634.7  0.7045826
9637.3  0.7106416
9639.9  0.7111458
9642.5  0.7127687
9645.1  0.7146758
9647.7  0.7184057
9650.3  0.7080519
9652.9  0.7050972
9655.5  0.7112494
9658.1  0.7136731
9660.7  0.7179568
9663.3  0.7217356
9665.9  0.7180424
9668.5  0.719582
9671.1  0.7159431
9673.7  0.7100975
9676.3  0.7004445
9678.9  0.7026349
9681.5  0.7112367
9684.1  0.7031388
9686.7  0.6940841
9689.3  0.7026899
9691.9  0.7139751
9694.5  0.7222333
9697.1  0.7114795
9699.7  0.690074
9702.3  0.675965
9704.9  0.6668432
9707.5  0.6620058
9710.1  0.6815079
9712.7  0.7066804
9715.3  0.7031025
9717.9  0.6921237
9720.5  0.6727312
9723.1  0.6567674
9725.7  0.6365784
9728.3  0.6464862
9730.9  0.6509359
9733.5  0.6393653
9736.1  0.6446667
9738.7  0.6383027
9741.3  0.6385307
9743.9  0.6285319
9746.5  0.6172199
9749.1  0.6248457
9751.7  0.6240938
9754.3  0.624945
9756.9  0.6265246
9759.5  0.6140425
9762.1  0.6208307
9764.7  0.6289944
9767.3  0.6286836
9769.9  0.6216233
9772.5  0.6247416
9775.1  0.6223481
9777.7  0.6178287
9780.3  0.6189631
9782.9  0.6247072
9785.5  0.6733444
9788.1  0.6643189
9790.7  0.6463079
9793.3  0.6279647
9795.9  0.5942779
9798.5  0.5586012
9801.1  0.600129
9803.7  0.5867867
9806.3  0.5885183
9808.9  0.5884656
9811.5  0.6032636
9814.1  0.6097421
9816.7  0.59987
9819.3  0.5901274
9821.9  0.6013843
9824.5  0.5934126
9827.1  0.583643
9829.7  0.5777596
9832.3  0.5809686
9834.9  0.5769728
9837.5  0.5770831
9840.1  0.5941463
9842.7  0.6014738
9845.3  0.5859003
9847.9  0.5872701
9850.5  0.5807796
9853.1  0.571841
9855.7  0.5652403
9858.3  0.5572119
9860.9  0.5640105
9863.5  0.595902
9866.1  0.6181261
9868.7  0.6039363
9871.3  0.5993133
9873.9  0.5710154
9876.5  0.5337622
9879.1  0.5184869
9881.7  0.524552
9884.3  0.5306178
9886.9  0.5508241
9889.5  0.5510255
9892.1  0.5572331
9894.7  0.5527342
9897.3  0.5339192
9899.9  0.5248435
9902.5  0.5174661
9905.1  0.5352531
9907.7  0.5434496
9910.3  0.5646811
9912.9  0.5521228
9915.5  0.5273522
9918.1  0.5040104
9920.7  0.5108014
9923.3  0.4710863
9925.9  0.5016416
9928.5  0.5063128
9931.1  0.5042508
9933.7  0.511031
9936.3  0.531211
9938.9  0.5259532
9941.5  0.5195632
9944.1  0.5434643
9946.7  0.5255598
9949.3  0.4909198
9951.9  0.5007909
9954.5  0.5160667
9957.1  0.5119566
9959.7  0.4916056
9962.3  0.4800291
9964.9  0.4606007
9967.5  0.4537845
9970.1  0.4621117
9972.7  0.4705098
9975.3  0.4683136
9977.9  0.4712432
9980.5  0.4610137
9983.1  0.4574465
9985.7  0.460338
9988.3  0.4519715
9990.9  0.4501522
9993.5  0.4526823
9996.1  0.4573262
