3501.3  0.
3503.9  0.
3506.5  0.
3509.1  0.
3511.7  0.
3514.3  0.
3516.9  0.
3519.5  0.
3522.1  0.
3524.7  0.
3527.3  0.
3529.9  0.
3532.5  0.
3535.1  0.
3537.7  -9.775239E-4
3540.3  -2.481306E-4
3542.9  -0.002267154
3545.5  -0.00192975
3548.1  -0.001367041
3550.7  -0.001852757
3553.3  -3.480918E-4
3555.9  -4.440988E-4
3558.5  -0.001335362
3561.1  0.001171153
3563.7  0.001470272
3566.3  7.009638E-4
3568.9  3.768181E-4
3571.5  0.003390252
3574.1  -8.009616E-4
3576.7  2.588881E-4
3579.3  0.008817711
3581.9  8.925577E-4
3584.5  -0.002109024
3587.1  4.008583E-4
3589.7  -0.00120482
3592.3  0.001526365
3594.9  0.001792075
3597.5  0.002984474
3600.1  0.001759609
3602.7  -0.001429657
3605.3  -0.003202748
3607.9  -0.002175642
3610.5  0.005449357
3613.1  2.412675E-4
3615.7  -0.002075967
3618.3  4.418943E-4
3620.9  -9.208654E-4
3623.5  0.002415846
3626.1  6.226023E-4
3628.7  -8.227727E-4
3631.3  -8.854858E-4
3633.9  -0.001678912
3636.5  -7.800679E-4
3639.1  -0.002169111
3641.7  -9.037124E-4
3644.3  -4.217637E-5
3646.9  0.001943341
3649.5  8.436506E-4
3652.1  -0.001373204
3654.7  8.388028E-4
3657.3  -0.003228932
3659.9  -0.003469811
3662.5  -0.004011914
3665.1  -8.389481E-4
3667.7  0.001385499
3670.3  0.003324768
3672.9  4.956392E-4
3675.5  -0.001389505
3678.1  -0.002822123
3680.7  -0.001296931
3683.3  0.002963527
3685.9  -0.00134986
3688.5  0.008364188
3691.1  -0.00330419
3693.7  -0.003064193
3696.3  -0.003673323
3698.9  0.004634707
3701.5  0.002635249
3704.1  -0.0037181
3706.7  0.001597785
3709.3  0.005335674
3711.9  0.003571093
3714.5  0.003078097
3717.1  0.003013977
3719.7  5.060349E-4
3722.3  -0.002105345
3724.9  -5.972083E-4
3727.5  -4.552469E-4
3730.1  -1.322629E-4
3732.7  0.007865969
3735.3  8.361040E-4
3737.9  -0.003429688
3740.5  8.126161E-4
3743.1  0.00325671
3745.7  7.590074E-4
3748.3  -0.002590712
3750.9  0.001354074
3753.5  -0.004708989
3756.1  0.001935565
3758.7  0.00379747
3761.3  9.988331E-4
3763.9  0.003933555
3766.5  0.005422511
3769.1  -0.004386891
3771.7  -0.002245793
3774.3  0.001518458
3776.9  -2.641694E-4
3779.5  0.005209269
3782.1  0.001596348
3784.7  -8.724421E-4
3787.3  0.003362568
3789.9  0.005157927
3792.5  -0.004290309
3795.1  -5.610627E-4
3797.7  0.001118435
3800.3  -0.001839101
3802.9  -0.00622865
3805.5  -0.003535203
3808.1  -0.001475207
3810.7  -0.001108236
3813.3  -3.444147E-4
3815.9  0.002669938
3818.5  -0.002528969
3821.1  -4.881606E-4
3823.7  0.001287273
3826.3  -0.005763123
3828.9  -0.006675264
3831.5  7.693066E-4
3834.1  0.00265958
3836.7  -0.001405833
3839.3  0.002673364
3841.9  -6.799043E-4
3844.5  -0.001746097
3847.1  -0.001296472
3849.7  0.001473532
3852.3  -0.007061908
3854.9  9.912191E-4
3857.5  -0.002074241
3860.1  -3.603511E-5
3862.7  2.620867E-4
3865.3  3.223942E-4
3867.9  0.003180549
3870.5  0.004539147
3873.1  -0.001498167
3875.7  0.004777004
3878.3  0.003605141
3880.9  9.919195E-4
3883.5  0.002611372
3886.1  0.00149659
3888.7  0.002244839
3891.3  0.003328316
3893.9  4.907620E-4
3896.5  -0.004900577
3899.1  1.921529E-4
3901.7  0.004195031
3904.3  -0.002243239
3906.9  0.00507534
3909.5  0.004187008
3912.1  0.001185692
3914.7  -0.001915303
3917.3  0.003496663
3919.9  0.002235176
3922.5  -7.515433E-4
3925.1  0.002274496
3927.7  5.949365E-4
3930.3  0.002424387
3932.9  0.006969589
3935.5  0.008040579
3938.1  9.114187E-4
3940.7  0.003280526
3943.3  0.001054433
3945.9  3.985953E-5
3948.5  -0.001174457
3951.1  -2.070897E-4
3953.7  -1.178691E-5
3956.3  -0.001720771
3958.9  -0.002569651
3961.5  0.001077307
3964.1  -3.298437E-4
3966.7  -0.001325603
3969.3  -0.002707695
3971.9  9.618777E-4
3974.5  -7.979053E-4
3977.1  0.00419176
3979.7  0.00266894
3982.3  0.003005852
3984.9  -9.515907E-4
3987.5  -0.003098761
3990.1  -0.001289817
3992.7  0.002195213
3995.3  0.003272842
3997.9  -0.00158072
4000.5  -0.001294082
4003.1  0.003229169
4005.7  0.004158466
4008.3  -2.094770E-4
4010.9  -0.003427917
4013.5  0.002029706
4016.1  0.001255624
4018.7  -0.003811738
4021.3  0.009184592
4023.9  -0.00418922
4026.5  0.003314636
4029.1  0.002191599
4031.7  0.005301709
4034.3  3.673703E-4
4036.9  -2.724762E-4
4039.5  0.003737964
4042.1  0.001712184
4044.7  0.002046778
4047.3  0.007327099
4049.9  0.001185333
4052.5  5.897787E-4
4055.1  0.002774958
4057.7  -0.001501298
4060.3  0.001561006
4062.9  3.044030E-4
4065.5  -0.002486984
4068.1  0.005745713
4070.7  0.001994697
4073.3  0.002037055
4075.9  -0.001678332
4078.5  -0.00196621
4081.1  -3.993380E-4
4083.7  9.098556E-4
4086.3  0.003820682
4088.9  -7.208268E-4
4091.5  0.001380179
4094.1  -1.555932E-4
4096.7  -0.01538954
4099.3  0.001704719
4101.9  -0.004008556
4104.5  -0.001333984
4107.1  -0.003626927
4109.7  -0.0222448
4112.3  -0.001128074
4114.9  0.003967828
4117.5  0.005014487
4120.1  0.00453262
4122.7  0.001680866
4125.3  -0.005137229
4127.9  0.00173429
4130.5  -0.002884711
4133.1  0.002879068
4135.7  -0.001401007
4138.3  -0.002853416
4140.9  8.324327E-4
4143.5  -0.003230335
4146.1  -0.01079624
4148.7  6.943513E-4
4151.3  0.01343274
4153.9  0.001099354
4156.5  -0.003996791
4159.1  0.002488165
4161.7  0.004781459
4164.3  7.279927E-4
4166.9  -0.004117671
4169.5  8.943516E-4
4172.1  -0.003022963
4174.7  0.006641039
4177.3  0.00540255
4179.9  0.002699548
4182.5  -0.002915936
4185.1  -0.00963787
4187.7  -0.01568104
4190.3  -0.001433368
4192.9  0.00238712
4195.5  -0.004709838
4198.1  -0.005549246
4200.7  0.003377427
4203.3  0.00801939
4205.9  -0.002323704
4208.5  -0.003286864
4211.1  7.640923E-4
4213.7  0.0151355
4216.3  0.005885062
4218.9  0.003983501
4221.5  -0.009170935
4224.1  0.006987353
4226.7  0.01051444
4229.3  0.01153485
4231.9  -0.001523226
4234.5  -0.002789827
4237.1  -0.004044496
4239.7  -0.01203915
4242.3  0.005823175
4244.9  -0.01015804
4247.5  0.006830215
4250.1  0.009387946
4252.7  0.02927127
4255.3  0.006850494
4257.9  0.006209687
4260.5  0.009696753
4263.1  0.003294884
4265.7  0.03350235
4268.3  0.00845481
4270.9  0.001606966
4273.5  -0.002994785
4276.1  -0.005562719
4278.7  0.002425263
4281.3  0.006988476
4283.9  0.010346
4286.5  0.01686939
4289.1  -0.01358663
4291.7  0.004641593
4294.3  -0.004939523
4296.9  0.001959877
4299.5  0.003102011
4302.1  -0.007208289
4304.7  0.01389492
4307.3  0.005697395
4309.9  -0.003861122
4312.5  0.001647526
4315.1  -0.002997118
4317.7  0.006428163
4320.3  0.01187308
4322.9  -0.007601532
4325.5  -0.007540503
4328.1  0.00287645
4330.7  0.02229307
4333.3  0.008253313
4335.9  -0.00405867
4338.5  -0.003189161
4341.1  -0.002622458
4343.7  0.003671203
4346.3  1.042424E-4
4348.9  0.008870577
4351.5  0.003654593
4354.1  0.004513148
4356.7  0.01097129
4359.3  0.01663011
4361.9  -0.001717466
4364.5  0.005843096
4367.1  0.0126994
4369.7  -0.00123651
4372.3  0.007110252
4374.9  0.005558602
4377.5  0.00346577
4380.1  -0.001068566
4382.7  -0.004461643
4385.3  -0.01007751
4387.9  -1.801091E-4
4390.5  0.004113238
4393.1  0.002105158
4395.7  0.007715818
4398.3  0.01640527
4400.9  0.01789013
4403.5  -0.01139651
4406.1  -0.01876447
4408.7  -0.00262904
4411.3  -0.003757403
4413.9  -0.003307158
4416.5  0.01115413
4419.1  -0.001598775
4421.7  -0.006860531
4424.3  0.009002287
4426.9  0.01179091
4429.5  -0.00785771
4432.1  0.009324708
4434.7  0.004006044
4437.3  -0.006474606
4439.9  -0.01099436
4442.5  -0.004370214
4445.1  0.009472968
4447.7  0.01303566
4450.3  0.01863632
4452.9  0.027525
4455.5  -0.003054941
4458.1  0.00130024
4460.7  0.004197537
4463.3  -0.004677535
4465.9  0.01247956
4468.5  -0.006906202
4471.1  0.002178453
4473.7  0.002021817
4476.3  0.007331782
4478.9  0.001864986
4481.5  -0.006263766
4484.1  0.04801119
4486.7  0.007614609
4489.3  0.006916219
4491.9  0.02014049
4494.5  -0.01825683
4497.1  0.001443831
4499.7  0.005981191
4502.3  -0.01065377
4504.9  -0.007858781
4507.5  -0.009781879
4510.1  0.001138356
4512.7  0.01063211
4515.3  -0.005591451
4517.9  0.009383188
4520.5  -0.007094891
4523.1  0.008103573
4525.7  -0.01149033
4528.3  0.007719282
4530.9  -0.01964174
4533.5  0.007380554
4536.1  0.009059856
4538.7  0.01579055
4541.3  0.007165764
4543.9  0.0058653
4546.5  -0.008550767
4549.1  0.01079064
4551.7  0.006082046
4554.3  0.01764823
4556.9  0.001828604
4559.5  0.001631625
4562.1  -0.007804125
4564.7  0.02493692
4567.3  0.009966292
4569.9  0.01788288
4572.5  0.01713483
4575.1  0.01024421
4577.7  -0.005391131
4580.3  0.002245479
4582.9  0.02151663
4585.5  0.02364117
4588.1  0.0226744
4590.7  -0.007385611
4593.3  0.004928297
4595.9  -0.01409642
4598.5  0.001696181
4601.1  0.007322427
4603.7  -0.01610806
4606.3  0.005558252
4608.9  0.01090106
4611.5  0.004555034
4614.1  0.005781422
4616.7  -0.003116938
4619.3  -0.006092005
4621.9  0.004563077
4624.5  0.01353538
4627.1  0.001612482
4629.7  0.005860514
4632.3  0.01164817
4634.9  -0.003531563
4637.5  -0.004909571
4640.1  0.01564631
4642.7  0.00824789
4645.3  9.179907E-4
4647.9  -0.004208184
4650.5  0.03077593
4653.1  0.0169443
4655.7  0.01043689
4658.3  0.01437947
4660.9  0.01659658
4663.5  0.0134543
4666.1  0.005770159
4668.7  0.004155744
4671.3  0.01747
4673.9  9.916445E-4
4676.5  0.007459871
4679.1  -0.004615693
4681.7  -0.009375491
4684.3  0.03522595
4686.9  0.02599938
4689.5  0.03324782
4692.1  -0.01037435
4694.7  -0.007514495
4697.3  -0.01057615
4699.9  0.003694576
4702.5  -0.0180151
4705.1  -0.004012968
4707.7  0.01332228
4710.3  4.173992E-4
4712.9  0.02411925
4715.5  -0.004773187
4718.1  0.01682713
4720.7  0.01677365
4723.3  -0.001046778
4725.9  0.006565975
4728.5  0.001268163
4731.1  -0.02202573
4733.7  0.02665515
4736.3  0.02495882
4738.9  0.04619839
4741.5  0.02323633
4744.1  0.001249987
4746.7  0.01541172
4749.3  -0.004054049
4751.9  0.01546737
4754.5  0.01884734
4757.1  -0.008244452
4759.7  0.01467968
4762.3  0.01915298
4764.9  0.01894231
4767.5  0.05584227
4770.1  0.05606611
4772.7  0.03675139
4775.3  0.001624387
4777.9  0.03517091
4780.5  0.02161596
4783.1  0.007471091
4785.7  0.01275288
4788.3  0.04305824
4790.9  0.02849505
4793.5  0.04072662
4796.1  0.03536658
4798.7  0.07480805
4801.3  0.02211026
4803.9  0.04562244
4806.5  0.03662961
4809.1  0.04252104
4811.7  0.03986182
4814.3  0.1029252
4816.9  0.07477869
4819.5  0.001447703
4822.1  0.0547318
4824.7  0.08121033
4827.3  0.07552663
4829.9  0.08974663
4832.5  0.1002815
4835.1  0.1074794
4837.7  0.1351731
4840.3  0.07775605
4842.9  0.08584414
4845.5  0.1439826
4848.1  0.1173129
4850.7  0.05009627
4853.3  0.09989486
4855.9  0.07590722
4858.5  0.1110142
4861.1  0.1062051
4863.7  0.1014695
4866.3  0.1321024
4868.9  0.03954234
4871.5  0.1121245
4874.1  0.1599896
4876.7  0.1000653
4879.3  0.1423949
4881.9  0.1629634
4884.5  0.1188639
4887.1  0.1482781
4889.7  0.1838273
4892.3  0.2291016
4894.9  0.215143
4897.5  0.260338
4900.1  0.2071505
4902.7  0.157254
4905.3  0.1747222
4907.9  0.2576502
4910.5  0.1999864
4913.1  0.2867241
4915.7  0.367113
4918.3  0.1922707
4920.9  0.2535585
4923.5  0.260023
4926.1  0.2179455
4928.7  0.257198
4931.3  0.2685262
4933.9  0.2782587
4936.5  0.3732494
4939.1  0.3955722
4941.7  0.3601617
4944.3  0.3050331
4946.9  0.2739726
4949.5  0.3016594
4952.1  0.3769408
4954.7  0.3575736
4957.3  0.3535372
4959.9  0.3704308
4962.5  0.3324833
4965.1  0.3786379
4967.7  0.276217
4970.3  0.3916704
4972.9  0.3082558
4975.5  0.3672891
4978.1  0.3767168
4980.7  0.398012
4983.3  0.4538898
4985.9  0.405381
4988.5  0.5437148
4991.1  0.4652345
4993.7  0.5546238
4996.3  0.4127853
4998.9  0.4516166
5001.5  0.5696723
5004.1  0.5061637
5006.7  0.5292112
5009.3  0.5029858
5011.9  0.5103934
5014.5  0.4482162
5017.1  0.5242475
5019.7  0.5741806
5022.3  0.5760548
5024.9  0.5425992
5027.5  0.6455884
5030.1  0.7541354
5032.7  0.5803517
5035.3  0.5915967
5037.9  0.5892301
5040.5  0.6093498
5043.1  0.6143488
5045.7  0.582913
5048.3  0.7581494
5050.9  0.6081759
5053.5  0.5980909
5056.1  0.7509755
5058.7  0.6330032
5061.3  0.7458248
5063.9  0.6692514
5066.5  0.8794466
5069.1  0.7385205
5071.7  0.7395075
5074.3  0.7520818
5076.9  0.7893496
5079.5  0.6064085
5082.1  0.6663265
5084.7  0.8307779
5087.3  0.8791323
5089.9  0.9071859
5092.5  0.9852987
5095.1  0.7432873
5097.7  0.8312645
5100.3  0.7693632
5102.9  0.8544077
5105.5  0.8591159
5108.1  0.84408
5110.7  0.7266296
5113.3  0.8488598
5115.9  0.8137003
5118.5  0.8746909
5121.1  0.8096191
5123.7  0.8119947
5126.3  0.7994494
5128.9  0.8023913
5131.5  0.9150784
5134.1  0.8765727
5136.7  0.8840232
5139.3  0.8358666
5141.9  0.9098378
5144.5  0.8555305
5147.1  0.8248627
5149.7  0.8027819
5152.3  0.8309977
5154.9  0.9003354
5157.5  0.9726824
5160.1  0.8708887
5162.7  0.8062075
5165.3  0.7022865
5167.9  0.7485842
5170.5  0.7358402
5173.1  0.8346827
5175.7  0.8262762
5178.3  0.9286442
5180.9  0.818808
5183.5  0.9268386
5186.1  0.8650538
5188.7  0.9410307
5191.3  0.9705788
5193.9  0.9600593
5196.5  0.9116718
5199.1  0.9321589
5201.7  0.8805242
5204.3  0.9925922
5206.9  0.9640197
5209.5  0.9127953
5212.1  0.8904437
5214.7  0.9933095
5217.3  0.9958541
5219.9  1.040321
5222.5  1.018968
5225.1  0.9491824
5227.7  1.025197
5230.3  1.002909
5232.9  1.084201
5235.5  1.174594
5238.1  1.180136
5240.7  1.013733
5243.3  1.099808
5245.9  1.049579
5248.5  1.008268
5251.1  1.111688
5253.7  1.085945
5256.3  1.171937
5258.9  1.268691
5261.5  1.095037
5264.1  1.006946
5266.7  1.025702
5269.3  0.9668894
5271.9  0.9899821
5274.5  1.068354
5277.1  1.120031
5279.7  1.126065
5282.3  1.063771
5284.9  1.131979
5287.5  1.110369
5290.1  1.19948
5292.7  1.058646
5295.3  1.196425
5297.9  1.121825
5300.5  1.067821
5303.1  1.072233
5305.7  1.092158
5308.3  1.231095
5310.9  1.120019
5313.5  1.149163
5316.1  1.206993
5318.7  1.205728
5321.3  1.045611
5323.9  1.105354
5326.5  1.128639
5329.1  1.004057
5331.7  1.139132
5334.3  1.181356
5336.9  1.235173
5339.5  1.178068
5342.1  1.156973
5344.7  1.238225
5347.3  1.120235
5349.9  1.186334
5352.5  1.387672
5355.1  1.320989
5357.7  1.277559
5360.3  1.317162
5362.9  1.206603
5365.5  1.195396
5368.1  1.191701
5370.7  1.184077
5373.3  1.196473
5375.9  1.115634
5378.5  1.261529
5381.1  1.161469
5383.7  1.131025
5386.3  1.194236
5388.9  1.133463
5391.5  1.233224
5394.1  1.238296
5396.7  1.241184
5399.3  1.228552
5401.9  1.043166
5404.5  1.053211
5407.1  1.084873
5409.7  1.092242
5412.3  1.112218
5414.9  1.162521
5417.5  1.17076
5420.1  1.250402
5422.7  1.114373
5425.3  1.044197
5427.9  1.146175
5430.5  1.204496
5433.1  1.1967
5435.7  1.140235
5438.3  1.190385
5440.9  1.223444
5443.5  1.163473
5446.1  1.101083
5448.7  1.203954
5451.3  1.124947
5453.9  1.145434
5456.5  1.095154
5459.1  1.138801
5461.7  1.185634
5464.3  1.083474
5466.9  1.189868
5469.5  1.198784
5472.1  1.100047
5474.7  1.042644
5477.3  0.9849548
5479.9  1.03726
5482.5  1.06199
5485.1  1.090895
5487.7  1.085926
5490.3  1.039933
5492.9  0.9958853
5495.5  1.07816
5498.1  1.147726
5500.7  1.157039
5503.3  1.108885
5505.9  1.010115
5508.5  1.152272
5511.1  1.130912
5513.7  1.117892
5516.3  1.179507
5518.9  1.216681
5521.5  1.151313
5524.1  1.278275
5526.7  1.211118
5529.3  1.255879
5531.9  1.220511
5534.5  1.184575
5537.1  1.141091
5539.7  1.101561
5542.3  1.059887
5544.9  1.147977
5547.5  1.198009
5550.1  1.095433
5552.7  1.094999
5555.3  1.142146
5557.9  1.145798
5560.5  1.152395
5563.1  1.130835
5565.7  1.083466
5568.3  0.9534593
5570.9  1.078843
5573.5  1.768153
5576.1  1.228354
5578.7  1.425698
5581.3  1.655618
5583.9  0.3235266
5586.5  0.7259059
5589.1  0.9767369
5591.7  0.9293483
5594.3  0.9040298
5596.9  0.945787
5599.5  1.007116
5602.1  1.027053
5604.7  1.012761
5607.3  1.023667
5609.9  1.010783
5612.5  0.9895098
5615.1  1.035736
5617.7  1.043036
5620.3  0.9947528
5622.9  0.9928229
5625.5  1.051103
5628.1  1.143916
5630.7  1.16763
5633.3  1.125447
5635.9  1.069708
5638.5  1.030667
5641.1  1.117967
5643.7  1.146909
5646.3  1.169699
5648.9  1.166067
5651.5  1.088419
5654.1  1.111804
5656.7  1.167965
5659.3  1.127623
5661.9  1.0382
5664.5  1.082456
5667.1  1.113619
5669.7  1.112754
5672.3  1.157848
5674.9  1.125479
5677.5  1.14502
5680.1  1.107516
5682.7  1.080035
5685.3  1.099499
5687.9  1.095042
5690.5  1.04718
5693.1  1.14351
5695.7  1.043322
5698.3  1.034618
5700.9  1.059991
5703.5  1.004547
5706.1  1.000629
5708.7  1.008449
5711.3  0.9959127
5713.9  1.000254
5716.5  1.017519
5719.1  1.076916
5721.7  1.032908
5724.3  1.084242
5726.9  1.063224
5729.5  1.091861
5732.1  1.103409
5734.7  1.154752
5737.3  1.134735
5739.9  1.037592
5742.5  1.075177
5745.1  1.068172
5747.7  1.067692
5750.3  1.074362
5752.9  1.040796
5755.5  1.060667
5758.1  1.073803
5760.7  1.139747
5763.3  1.06001
5765.9  1.091798
5768.5  1.117125
5771.1  1.095785
5773.7  1.127791
5776.3  1.008762
5778.9  0.9685377
5781.5  0.9488785
5784.1  0.9447484
5786.7  1.018134
5789.3  1.050742
5791.9  1.007385
5794.5  1.014288
5797.1  1.008351
5799.7  1.064808
5802.3  1.058524
5804.9  1.059768
5807.5  1.101353
5810.1  1.021283
5812.7  1.042898
5815.3  1.025655
5817.9  1.036909
5820.5  1.040561
5823.1  1.083404
5825.7  1.072259
5828.3  1.000506
5830.9  1.062183
5833.5  1.08621
5836.1  1.065624
5838.7  1.077003
5841.3  1.044069
5843.9  1.038605
5846.5  1.054394
5849.1  1.054158
5851.7  1.049907
5854.3  1.010723
5856.9  1.032121
5859.5  1.027781
5862.1  1.051974
5864.7  1.087273
5867.3  1.094465
5869.9  1.078627
5872.5  1.08635
5875.1  1.082109
5877.7  1.034514
5880.3  1.038604
5882.9  0.9471946
5885.5  1.045321
5888.1  0.9333045
5890.7  0.8519362
5893.3  0.7228687
5895.9  0.7383592
5898.5  0.8083812
5901.1  0.9032936
5903.7  0.9711604
5906.3  0.9898785
5908.9  1.005721
5911.5  1.015046
5914.1  0.9845833
5916.7  0.9095838
5919.3  0.937682
5921.9  0.9466414
5924.5  0.9471781
5927.1  0.9628949
5929.7  0.9281804
5932.3  0.974615
5934.9  0.9802269
5937.5  0.9744933
5940.1  0.9575239
5942.7  0.9534672
5945.3  0.9740434
5947.9  0.9576519
5950.5  1.016978
5953.1  0.9164188
5955.7  0.9109876
5958.3  0.9541672
5960.9  1.003782
5963.5  0.9806874
5966.1  0.991604
5968.7  1.054767
5971.3  1.054777
5973.9  0.9941978
5976.5  1.032386
5979.1  1.076265
5981.7  1.033633
5984.3  0.9612276
5986.9  1.022167
5989.5  1.050623
5992.1  1.034937
5994.7  1.044287
5997.3  1.023981
5999.9  1.019213
6002.5  1.022641
6005.1  0.9902229
6007.7  0.9965909
6010.3  0.9891131
6012.9  1.005724
6015.5  0.9941539
6018.1  0.9861537
6020.7  0.9417253
6023.3  1.000463
6025.9  1.007474
6028.5  1.019925
6031.1  1.0307
6033.7  1.032134
6036.3  1.04392
6038.9  0.9806932
6041.5  0.9761459
6044.1  0.9927897
6046.7  0.9770384
6049.3  0.9806929
6051.9  0.9524089
6054.5  0.9802881
6057.1  1.008317
6059.7  0.9770377
6062.3  0.998679
6064.9  0.9750077
6067.5  0.9564
6070.1  0.9837328
6072.7  1.013316
6075.3  1.024096
6077.9  0.9566934
6080.5  0.9943659
6083.1  0.9520243
6085.7  0.9496371
6088.3  0.9857991
6090.9  1.040028
6093.5  1.024625
6096.1  1.003006
6098.7  0.9848151
6101.3  0.9704049
6103.9  0.9884617
6106.5  1.015243
6109.1  1.047807
6111.7  1.004824
6114.3  0.9940138
6116.9  0.981789
6119.5  0.9562191
6122.1  0.9803131
6124.7  0.9780747
6127.3  1.00871
6129.9  0.9745511
6132.5  0.9427869
6135.1  0.9076273
6137.7  0.9322332
6140.3  0.9704657
6142.9  0.9745266
6145.5  0.973164
6148.1  0.9687149
6150.7  0.9387137
6153.3  0.9183075
6155.9  0.8972547
6158.5  0.9044899
6161.1  0.8637819
6163.7  0.820545
6166.3  0.9027435
6168.9  0.9111824
6171.5  0.8658761
6174.1  0.8718028
6176.7  0.8817503
6179.3  0.919428
6181.9  0.889162
6184.5  0.8741437
6187.1  0.8550082
6189.7  0.9163942
6192.3  0.908997
6194.9  0.9101233
6197.5  0.8761932
6200.1  0.8724313
6202.7  0.9274063
6205.3  0.9195642
6207.9  0.9238352
6210.5  0.9255289
6213.1  0.9280981
6215.7  0.9127055
6218.3  0.9079862
6220.9  0.9181103
6223.5  0.9319591
6226.1  0.9481422
6228.7  0.9772562
6231.3  0.9016093
6233.9  0.9642255
6236.5  0.9744668
6239.1  0.9343409
6241.7  0.935121
6244.3  0.9431636
6246.9  0.9344726
6249.5  0.9544173
6252.1  0.9404714
6254.7  0.9244189
6257.3  0.9496041
6259.9  0.9957007
6262.5  1.022858
6265.1  0.9660228
6267.7  0.9787277
6270.3  0.9664668
6272.9  0.9215228
6275.5  0.9478469
6278.1  0.9074931
6280.7  0.8673331
6283.3  0.8237919
6285.9  0.8753451
6288.5  0.9575942
6291.1  0.8681659
6293.7  0.901629
6296.3  1.030201
6298.9  1.009928
6301.5  0.964114
6304.1  1.038476
6306.7  0.991536
6309.3  0.8793727
6311.9  0.9319048
6314.5  0.8832662
6317.1  0.8788417
6319.7  0.8912616
6322.3  0.9193044
6324.9  0.9484056
6327.5  0.9568818
6330.1  0.9722419
6332.7  0.9348779
6335.3  0.8846396
6337.9  0.9198567
6340.5  0.9338525
6343.1  0.9387543
6345.7  0.9548611
6348.3  0.9338775
6350.9  0.9347991
6353.5  0.9704827
6356.1  0.9250115
6358.7  0.9862075
6361.3  0.9129826
6363.9  0.9134176
6366.5  0.9499809
6369.1  1.050711
6371.7  0.9139553
6374.3  0.9706857
6376.9  0.9758538
6379.5  0.9703948
6382.1  0.9914357
6384.7  0.9898429
6387.3  1.007813
6389.9  0.9735684
6392.5  0.9633822
6395.1  0.953057
6397.7  0.9438698
6400.3  0.9484361
6402.9  1.001044
6405.5  0.9788643
6408.1  0.9778017
6410.7  0.9967474
6413.3  0.9454936
6415.9  0.9496984
6418.5  0.9664429
6421.1  0.9748171
6423.7  0.9572159
6426.3  0.9819353
6428.9  0.9562209
6431.5  0.961496
6434.1  0.9678169
6436.7  0.9506026
6439.3  0.9557874
6441.9  0.9573394
6444.5  0.9351725
6447.1  0.9217387
6449.7  0.9114642
6452.3  0.9452618
6454.9  0.9677182
6457.5  0.9391683
6460.1  0.9209011
6462.7  0.9393965
6465.3  0.9414516
6467.9  0.9433779
6470.5  0.9451708
6473.1  0.9433348
6475.7  0.9477259
6478.3  0.9685089
6480.9  0.9770285
6483.5  0.9705215
6486.1  0.984951
6488.7  0.9540237
6491.3  0.9086833
6493.9  0.8901337
6496.5  0.8972443
6499.1  0.9739163
6501.7  0.9969885
6504.3  1.003659
6506.9  1.000404
6509.5  1.02157
6512.1  1.022564
6514.7  0.9928438
6517.3  0.9596524
6519.9  0.9698914
6522.5  0.9648578
6525.1  1.000256
6527.7  0.980091
6530.3  0.9797724
6532.9  0.9755626
6535.5  0.9533044
6538.1  0.9801889
6540.7  1.002148
6543.3  0.9677862
6545.9  0.9558011
6548.5  0.9455791
6551.1  0.9578295
6553.7  0.9128135
6556.3  0.8738859
6558.9  0.829584
6561.5  0.8149102
6564.1  0.8235778
6566.7  0.854454
6569.3  0.8903148
6571.9  0.9486736
6574.5  0.944008
6577.1  0.9752418
6579.7  0.9923953
6582.3  0.9566667
6584.9  0.99102
6587.5  0.9546334
6590.1  0.9491923
6592.7  0.9314051
6595.3  0.9529036
6597.9  1.011347
6600.5  0.9903659
6603.1  0.9393353
6605.7  1.000566
6608.3  0.9738829
6610.9  0.9812565
6613.5  0.9741074
6616.1  0.9658484
6618.7  0.9976251
6621.3  0.9842007
6623.9  0.9958856
6626.5  0.9880981
6629.1  0.9931964
6631.7  0.9805516
6634.3  0.9873083
6636.9  0.9965688
6639.5  1.001303
6642.1  1.029615
6644.7  1.007977
6647.3  1.043218
6649.9  1.041299
6652.5  0.994176
6655.1  1.028228
6657.7  1.010023
6660.3  0.993633
6662.9  1.003362
6665.5  1.001574
6668.1  1.01813
6670.7  1.047079
6673.3  1.024517
6675.9  1.007159
6678.5  1.027997
6681.1  1.036363
6683.7  1.024136
6686.3  1.030277
6688.9  1.062862
6691.5  1.059125
6694.1  1.010184
6696.7  0.9979275
6699.3  1.001038
6701.9  1.03186
6704.5  1.033452
6707.1  1.039128
6709.7  1.005203
6712.3  0.9929555
6714.9  0.9743914
6717.5  1.017694
6720.1  1.004539
6722.7  1.007927
6725.3  1.047106
6727.9  1.033293
6730.5  1.020728
6733.1  1.039574
6735.7  1.022896
6738.3  1.016806
6740.9  0.9910839
6743.5  1.030837
6746.1  1.013888
6748.7  0.9763444
6751.3  1.009674
6753.9  0.9905952
6756.5  1.016725
6759.1  1.03041
6761.7  1.020393
6764.3  1.013879
6766.9  1.021601
6769.5  1.008179
6772.1  0.9905078
6774.7  1.027493
6777.3  1.047695
6779.9  1.052845
6782.5  1.026859
6785.1  1.016339
6787.7  1.03017
6790.3  1.055469
6792.9  1.023306
6795.5  1.008583
6798.1  1.045527
6800.7  1.03506
6803.3  1.039406
6805.9  1.049753
6808.5  1.027486
6811.1  1.010567
6813.7  1.052501
6816.3  1.065768
6818.9  1.038894
6821.5  1.042955
6824.1  1.048568
6826.7  1.051812
6829.3  1.037448
6831.9  1.070728
6834.5  1.038445
6837.1  1.00727
6839.7  0.9922091
6842.3  1.006394
6844.9  1.00261
6847.5  1.027637
6850.1  1.000072
6852.7  1.027607
6855.3  1.002469
6857.9  0.9911245
6860.5  1.008267
6863.1  1.011254
6865.7  0.9461166
6868.3  0.8269318
6870.9  0.7897468
6873.5  0.7904872
6876.1  0.8537968
6878.7  0.9029521
6881.3  0.95218
6883.9  0.9431196
6886.5  0.9364495
6889.1  0.9509639
6891.7  0.9574548
6894.3  0.9482189
6896.9  0.9359283
6899.5  0.9616625
6902.1  0.9399117
6904.7  0.9625047
6907.3  0.9804742
6909.9  0.9900883
6912.5  0.9668292
6915.1  0.9848232
6917.7  1.012017
6920.3  1.003781
6922.9  1.004447
6925.5  1.022749
6928.1  0.9969684
6930.7  0.9961259
6933.3  1.002435
6935.9  1.01074
6938.5  1.010242
6941.1  0.9959279
6943.7  0.9734282
6946.3  0.9976726
6948.9  0.9862185
6951.5  1.003861
6954.1  1.016495
6956.7  1.008989
6959.3  1.01294
6961.9  1.013885
6964.5  1.024073
6967.1  1.04894
6969.7  1.036189
6972.3  1.011219
6974.9  0.9950805
6977.5  0.9972132
6980.1  0.9978139
6982.7  1.035653
6985.3  1.027585
6987.9  1.025363
6990.5  1.00735
6993.1  1.037646
6995.7  1.019642
6998.3  1.020109
7000.9  1.013603
7003.5  0.9904749
7006.1  1.003876
7008.7  0.9961186
7011.3  1.015459
7013.9  0.9892702
7016.5  0.9725626
7019.1  1.006592
7021.7  0.9881501
7024.3  0.9914989
7026.9  0.9997163
7029.5  1.006525
7032.1  1.016478
7034.7  1.018565
7037.3  1.027056
7039.9  1.040289
7042.5  1.065141
7045.1  1.058107
7047.7  1.041103
7050.3  1.037095
7052.9  1.052295
7055.5  1.037504
7058.1  1.021103
7060.7  1.029421
7063.3  1.013765
7065.9  1.003916
7068.5  1.03852
7071.1  1.016051
7073.7  1.06373
7076.3  1.055138
7078.9  1.023326
7081.5  1.011606
7084.1  1.014526
7086.7  1.013036
7089.3  1.00893
7091.9  1.029275
7094.5  1.032716
7097.1  1.031478
7099.7  1.048773
7102.3  1.058482
7104.9  1.030306
7107.5  1.018063
7110.1  1.01752
7112.7  1.015017
7115.3  1.022313
7117.9  1.012259
7120.5  1.010738
7123.1  1.012433
7125.7  1.032672
7128.3  1.02502
7130.9  1.012929
7133.5  1.018974
7136.1  1.022043
7138.7  1.024477
7141.3  1.026858
7143.9  0.9934923
7146.5  0.9989798
7149.1  1.009687
7151.7  1.021919
7154.3  1.030271
7156.9  1.007471
7159.5  1.004229
7162.1  0.9955527
7164.7  0.9862205
7167.3  0.9792819
7169.9  0.9899387
7172.5  0.9827675
7175.1  0.9373024
7177.7  0.9438925
7180.3  0.9122665
7182.9  0.9094737
7185.5  0.8871973
7188.1  0.892924
7190.7  0.8831396
7193.3  0.9142526
7195.9  0.9251678
7198.5  0.9246475
7201.1  0.921423
7203.7  0.9091119
7206.3  0.9098399
7208.9  0.9575858
7211.5  1.001005
7214.1  1.009886
7216.7  1.004977
7219.3  0.98712
7221.9  0.9648046
7224.5  0.9622488
7227.1  0.9771092
7229.7  0.9835675
7232.3  0.9697509
7234.9  0.9676037
7237.5  0.9910753
7240.1  0.9991023
7242.7  0.9781098
7245.3  0.9801592
7247.9  0.994876
7250.5  1.001855
7253.1  0.9707432
7255.7  1.003104
7258.3  0.9651204
7260.9  0.9747126
7263.5  0.9681838
7266.1  0.9880813
7268.7  0.9909036
7271.3  0.9985843
7273.9  0.9734256
7276.5  0.943722
7279.1  0.9357596
7281.7  0.9722049
7284.3  0.9824196
7286.9  0.9445211
7289.5  0.9298006
7292.1  0.9708009
7294.7  1.000332
7297.3  0.9961035
7299.9  0.9930584
7302.5  0.9816793
7305.1  0.9543684
7307.7  0.9651839
7310.3  0.9659712
7312.9  0.9604327
7315.5  1.000515
7318.1  1.020181
7320.7  0.9983571
7323.3  0.985245
7325.9  0.9889523
7328.5  1.022902
7331.1  0.977999
7333.7  0.9967052
7336.3  1.019304
7338.9  1.035809
7341.5  1.041102
7344.1  1.011155
7346.7  0.9870552
7349.3  0.9761606
7351.9  0.9688733
7354.5  0.9855474
7357.1  0.958558
7359.7  0.9686688
7362.3  0.9907502
7364.9  0.9897808
7367.5  1.003747
7370.1  1.00657
7372.7  1.016347
7375.3  1.023342
7377.9  1.010167
7380.5  0.9779759
7383.1  0.953186
7385.7  0.9689924
7388.3  0.9833642
7390.9  1.011983
7393.5  1.015616
7396.1  1.011829
7398.7  0.9852206
7401.3  0.9903978
7403.9  1.019902
7406.5  0.9981229
7409.1  0.9609259
7411.7  0.9611339
7414.3  0.949165
7416.9  0.9551841
7419.5  0.9463973
7422.1  0.9626117
7424.7  0.9949344
7427.3  1.001244
7429.9  1.001222
7432.5  0.9901747
7435.1  0.9895034
7437.7  0.9945073
7440.3  1.002835
7442.9  0.986003
7445.5  0.9877402
7448.1  1.003736
7450.7  0.9963871
7453.3  1.012565
7455.9  1.027081
7458.5  0.9966068
7461.1  1.019405
7463.7  1.00713
7466.3  1.022859
7468.9  1.050742
7471.5  1.016087
7474.1  1.024669
7476.7  1.029784
7479.3  1.041484
7481.9  1.019679
7484.5  1.028051
7487.1  1.022828
7489.7  1.002019
7492.3  1.00954
7494.9  0.9930987
7497.5  1.020532
7500.1  1.031654
7502.7  1.030132
7505.3  1.01316
7507.9  1.004982
7510.5  1.028441
7513.1  1.031446
7515.7  1.027602
7518.3  1.023208
7520.9  1.025698
7523.5  1.025768
7526.1  1.031715
7528.7  1.003996
7531.3  1.022559
7533.9  1.059259
7536.5  1.031018
7539.1  1.013854
7541.7  1.023914
7544.3  1.022971
7546.9  1.023414
7549.5  1.014361
7552.1  1.016331
7554.7  1.003647
7557.3  0.9968498
7559.9  1.003953
7562.5  0.9938419
7565.1  0.9987859
7567.7  1.012646
7570.3  1.009049
7572.9  1.027543
7575.5  1.0051
7578.1  0.9972154
7580.7  0.9902566
7583.3  0.9751914
7585.9  0.9850137
7588.5  0.9848674
7591.1  0.89332
7593.7  0.7313626
7596.3  0.5421844
7598.9  0.3967807
7601.5  0.3288907
7604.1  0.2955923
7606.7  0.2967229
7609.3  0.3524342
7611.9  0.4397875
7614.5  0.5689915
7617.1  0.6888456
7619.7  0.7197824
7622.3  0.6715851
7624.9  0.5951629
7627.5  0.5552523
7630.1  0.5538225
7632.7  0.5622602
7635.3  0.565385
7637.9  0.5903566
7640.5  0.6269041
7643.1  0.6587127
7645.7  0.684665
7648.3  0.700994
7650.9  0.7072942
7653.5  0.7209041
7656.1  0.7403244
7658.7  0.7545775
7661.3  0.7413923
7663.9  0.7430321
7666.5  0.8056142
7669.1  0.8584358
7671.7  0.8879135
7674.3  0.9114919
7676.9  0.9112508
7679.5  0.9294661
7682.1  0.9299654
7684.7  0.9315666
7687.3  0.9232552
7689.9  0.9206054
7692.5  0.9064827
7695.1  0.9024773
7697.7  0.8727005
7700.3  0.8868394
7702.9  0.9145215
7705.5  0.9452059
7708.1  0.9442638
7710.7  0.9367479
7713.3  0.9404007
7715.9  0.942598
7718.5  0.9744263
7721.1  0.9484106
7723.7  0.9439596
7726.3  0.9588759
7728.9  0.9481388
7731.5  0.9694002
7734.1  0.9785404
7736.7  0.9557838
7739.3  0.9538404
7741.9  0.953759
7744.5  0.9460701
7747.1  0.9416736
7749.7  0.9579172
7752.3  1.018168
7754.9  1.000691
7757.5  0.9826561
7760.1  0.981514
7762.7  0.9784141
7765.3  0.979816
7767.9  0.9636631
7770.5  0.9810533
7773.1  0.9834666
7775.7  0.9582613
7778.3  0.9444578
7780.9  0.9783801
7783.5  0.9840249
7786.1  0.9853703
7788.7  0.9911972
7791.3  1.009562
7793.9  1.019778
7796.5  0.9974548
7799.1  1.007797
7801.7  1.015117
7804.3  1.00202
7806.9  0.9961123
7809.5  1.006941
7812.1  1.013316
7814.7  1.020574
7817.3  1.059283
7819.9  1.074531
7822.5  1.063732
7825.1  1.03456
7827.7  1.002697
7830.3  0.9788284
7832.9  0.9688801
7835.5  0.9824651
7838.1  1.017289
7840.7  1.026282
7843.3  1.007261
7845.9  0.9963406
7848.5  1.014074
7851.1  1.027223
7853.7  1.048679
7856.3  1.033603
7858.9  1.060895
7861.5  1.051007
7864.1  1.026764
7866.7  1.034387
7869.3  1.005095
7871.9  1.010582
7874.5  0.9924183
7877.1  0.9945296
7879.7  1.017009
7882.3  0.9994466
7884.9  1.019645
7887.5  1.007764
7890.1  0.9999919
7892.7  0.9762476
7895.3  0.9769253
7897.9  0.9941439
7900.5  0.9951721
7903.1  0.9736508
7905.7  0.9683922
7908.3  0.9693014
7910.9  0.9551253
7913.5  0.9836617
7916.1  0.9738622
7918.7  0.9760562
7921.3  0.9763442
7923.9  0.9453914
7926.5  0.9530759
7929.1  0.9469501
7931.7  0.9371569
7934.3  0.9618584
7936.9  0.9342149
7939.5  0.9361408
7942.1  0.9232056
7944.7  0.9361101
7947.3  0.9722896
7949.9  0.9795066
7952.5  0.9735802
7955.1  0.9884071
7957.7  0.9804967
7960.3  0.9918434
7962.9  1.015793
7965.5  0.9890404
7968.1  0.9896581
7970.7  0.9964131
7973.3  0.9932638
7975.9  0.9902722
7978.5  1.014512
7981.1  1.027556
7983.7  1.000174
7986.3  0.9964681
7988.9  1.01175
7991.5  0.9956825
7994.1  0.9877463
7996.7  0.9747295
7999.3  0.9820203
8001.9  0.9923075
8004.5  0.9926199
8007.1  1.004178
8009.7  0.9991965
8012.3  1.007301
8014.9  1.022892
8017.5  1.011244
8020.1  0.9876025
8022.7  0.9687471
8025.3  0.9648812
8027.9  0.9706049
8030.5  1.004599
8033.1  0.9973789
8035.7  1.002112
8038.3  0.9708032
8040.9  0.9609692
8043.5  0.9375474
8046.1  0.9849356
8048.7  0.9659628
8051.3  0.9888467
8053.9  1.000575
8056.5  0.9880019
8059.1  1.002413
8061.7  0.9981644
8064.3  0.9791198
8066.9  0.9517387
8069.5  0.9377885
8072.1  0.9449125
8074.7  0.9556291
8077.3  0.960705
8079.9  0.9383841
8082.5  0.9431322
8085.1  0.9290483
8087.7  0.9222454
8090.3  0.9284759
8092.9  0.9114279
8095.5  0.9153205
8098.1  0.932192
8100.7  0.9222817
8103.3  0.9311501
8105.9  0.9354463
8108.5  0.9271601
8111.1  0.918203
8113.7  0.9207951
8116.3  0.9226929
8118.9  0.9215409
8121.5  0.916742
8124.1  0.9106045
8126.7  0.9120897
8129.3  0.9048099
8131.9  0.8962842
8134.5  0.9027319
8137.1  0.9159991
8139.7  0.9121444
8142.3  0.8921749
8144.9  0.8808205
8147.5  0.8842289
8150.1  0.8756229
8152.7  0.8597367
8155.3  0.8700565
8157.9  0.8674513
8160.5  0.8257833
8163.1  0.8150331
8165.7  0.8390327
8168.3  0.8566567
8170.9  0.8740073
8173.5  0.8817695
8176.1  0.847168
8178.7  0.8207484
8181.3  0.8385544
8183.9  0.8627033
8186.5  0.8681246
8189.1  0.8608749
8191.7  0.8469391
8194.3  0.846295
8196.9  0.8509197
8199.5  0.8760657
8202.1  0.9099257
8204.7  0.9261445
8207.3  0.9221478
8209.9  0.9069659
8212.5  0.9099967
8215.1  0.9110888
8217.7  0.9037256
8220.3  0.9130646
8222.9  0.9042408
8225.5  0.8443097
8228.1  0.8027208
8230.7  0.8217624
8233.3  0.8663269
8235.9  0.9116711
8238.5  0.9431672
8241.1  0.9548695
8243.7  0.9442675
8246.3  0.9445303
8248.9  0.952415
8251.5  0.9487915
8254.1  0.9337412
8256.7  0.9375305
8259.3  0.9512756
8261.9  0.9530996
8264.5  0.9682367
8267.1  0.9644935
8269.7  0.9283229
8272.3  0.9143999
8274.9  0.9301193
8277.5  0.9094892
8280.1  0.9278842
8282.7  0.9576596
8285.3  0.9236925
8287.9  0.9271544
8290.5  0.9252555
8293.1  0.9125393
8295.7  0.922464
8298.3  0.9198935
8300.9  0.9062655
8303.5  0.885203
8306.1  0.8858503
8308.7  0.896641
8311.3  0.9151476
8313.9  0.8956301
8316.5  0.886087
8319.1  0.8683241
8321.7  0.8723203
8324.3  0.8879189
8326.9  0.8710718
8329.5  0.863037
8332.1  0.8875267
8334.7  0.888814
8337.3  0.9220668
8339.9  0.9342947
8342.5  0.9480761
8345.1  0.9481559
8347.7  0.948061
8350.3  0.9305956
8352.9  0.9481856
8355.5  0.9219489
8358.1  0.9063535
8360.7  0.910854
8363.3  0.9262798
8365.9  0.9280897
8368.5  0.9271533
8371.1  0.9169641
8373.7  0.9322498
8376.3  0.9364107
8378.9  0.9167665
8381.5  0.8946398
8384.1  0.8996179
8386.7  0.9240856
8389.3  0.9331079
8391.9  0.9428065
8394.5  0.9578772
8397.1  0.9669965
8399.7  0.9738291
8402.3  0.9559244
8404.9  0.9515612
8407.5  0.9497862
8410.1  0.9334748
8412.7  0.9561158
8415.3  0.9689654
8417.9  0.9506568
8420.5  0.9245728
8423.1  0.9606899
8425.7  0.9840239
8428.3  0.9636505
8430.9  0.9406759
8433.5  0.936102
8436.1  0.9260463
8438.7  0.9321238
8441.3  0.9588504
8443.9  0.9764485
8446.5  0.9833292
8449.1  0.9861037
8451.7  0.98243
8454.3  0.9720615
8456.9  0.9891344
8459.5  0.9906794
8462.1  0.9834011
8464.7  0.9813714
8467.3  0.9604479
8469.9  0.978887
8472.5  0.9899701
8475.1  1.000786
8477.7  0.985352
8480.3  0.9822316
8482.9  0.9851235
8485.5  0.9806961
8488.1  0.9658819
8490.7  0.9031727
8493.3  0.839905
8495.9  0.8335574
8498.5  0.8720446
8501.1  0.9484073
8503.7  0.9893866
8506.3  0.9837927
8508.9  0.9594599
8511.5  0.9224987
8514.1  0.9265308
8516.7  0.9486017
8519.3  0.9580911
8521.9  0.954821
8524.5  0.9532195
8527.1  0.9562891
8529.7  0.9429952
8532.3  0.8692079
8534.9  0.7527121
8537.5  0.6668729
8540.1  0.6756215
8542.7  0.7493693
8545.3  0.853632
8547.9  0.9323646
8550.5  0.934169
8553.1  0.9198125
8555.7  0.9245018
8558.3  0.9365583
8560.9  0.9346783
8563.5  0.9499076
8566.1  0.9336398
8568.7  0.9449643
8571.3  0.9402768
8573.9  0.9465975
8576.5  0.9443118
8579.1  0.9402123
8581.7  0.9424819
8584.3  0.9462876
8586.9  0.9443284
8589.5  0.9674852
8592.1  0.9409938
8594.7  0.9380101
8597.3  0.9473157
8599.9  0.9438716
8602.5  0.9377159
8605.1  0.9441835
8607.7  0.9382645
8610.3  0.9582105
8612.9  0.9554052
8615.5  0.9343485
8618.1  0.9115661
8620.7  0.9171506
8623.3  0.9402608
8625.9  0.944398
8628.5  0.9661793
8631.1  0.9732462
8633.7  0.9604768
8636.3  0.9386442
8638.9  0.9414758
8641.5  0.9359291
8644.1  0.92601
8646.7  0.9129503
8649.3  0.9226497
8651.9  0.9027022
8654.5  0.8299869
8657.1  0.7328967
8659.7  0.7316069
8662.3  0.7926157
8664.9  0.8979982
8667.5  0.9107659
8670.1  0.9402465
8672.7  0.9458713
8675.3  0.9455742
8677.9  0.9479517
8680.5  0.9369268
8683.1  0.9293435
8685.7  0.9452849
8688.3  0.9668549
8690.9  0.9847146
8693.5  0.9826334
8696.1  0.9789937
8698.7  0.9583043
8701.3  0.9827375
8703.9  0.9804188
8706.5  0.9803079
8709.1  0.988016
8711.7  0.9931079
8714.3  0.9965578
8716.9  0.9814649
8719.5  0.9867629
8722.1  0.9718937
8724.7  0.9572681
8727.3  0.9949296
8729.9  0.9831709
8732.5  0.9944485
8735.1  0.9869373
8737.7  1.008019
8740.3  1.00585
8742.9  1.004186
8745.5  0.9919211
8748.1  0.9939074
8750.7  0.9929857
8753.3  1.026801
8755.9  1.042374
8758.5  1.022587
8761.1  1.032319
8763.7  1.019115
8766.3  1.016038
8768.9  1.011852
8771.5  1.009998
8774.1  1.004697
8776.7  1.007703
8779.3  1.032393
8781.9  1.022041
8784.5  0.991288
8787.1  1.001202
8789.7  0.9967363
8792.3  1.009814
8794.9  1.008767
8797.5  0.991204
8800.1  0.9498605
8802.7  0.9167269
8805.3  0.9444928
8807.9  0.9734812
8810.5  1.005282
8813.1  1.013226
8815.7  0.9892669
8818.3  1.018066
8820.9  1.027932
8823.5  1.067955
8826.1  1.083344
8828.7  1.042901
8831.3  0.96674
8833.9  0.9556334
8836.5  0.9792941
8839.1  0.9910383
8841.7  1.007435
8844.3  1.022879
8846.9  1.029261
8849.5  1.028457
8852.1  1.01292
8854.7  0.9936486
8857.3  0.9679308
8859.9  0.9665429
8862.5  0.9717385
8865.1  0.9881321
8867.7  1.006328
8870.3  1.005028
8872.9  0.9752467
8875.5  0.9880174
8878.1  0.9980499
8880.7  1.015727
8883.3  1.020441
8885.9  0.9865776
8888.5  1.007544
8891.1  0.9850225
8893.7  0.9703133
8896.3  1.008319
8898.9  1.019769
8901.5  0.9995795
8904.1  0.9806144
8906.7  0.9821419
8909.3  0.9774481
8911.9  0.9993227
8914.5  0.9881761
8917.1  0.9776481
8919.7  1.002555
8922.3  0.9940748
8924.9  0.9099354
8927.5  0.9386244
8930.1  0.9532037
8932.7  0.9781696
8935.3  0.9739056
8937.9  0.9653112
8940.5  0.9493072
8943.1  0.9305515
8945.7  0.9303535
8948.3  0.9233965
8950.9  0.9277241
8953.5  0.928798
8956.1  0.9246766
8958.7  0.9013668
8961.3  0.8842309
8963.9  0.8624093
8966.5  0.8748413
8969.1  0.8856756
8971.7  0.8798146
8974.3  0.8837251
8976.9  0.8838692
8979.5  0.8957136
8982.1  0.8941643
8984.7  0.8404312
8987.3  0.7741474
8989.9  0.7864224
8992.5  0.8295389
8995.1  0.878556
8997.7  0.8845943
9000.3  0.8590134
9002.9  0.8296252
9005.5  0.7982739
9008.1  0.8002397
9010.7  0.8058028
9013.3  0.8148606
9015.9  0.8192233
9018.5  0.8295421
9021.1  0.8445448
9023.7  0.8508998
9026.3  0.8684964
9028.9  0.8953096
9031.5  0.9158171
9034.1  0.9394891
9036.7  0.9526831
9039.3  0.9507065
9041.9  0.9492686
9044.5  0.9435761
9047.1  0.9382417
9049.7  0.9334605
9052.3  0.9118813
9054.9  0.8963044
9057.5  0.8821688
9060.1  0.86711
9062.7  0.8547088
9065.3  0.8873061
9067.9  0.874099
9070.5  0.8418216
9073.1  0.8353167
9075.7  0.8253081
9078.3  0.8105298
9080.9  0.7985307
9083.5  0.7871253
9086.1  0.7854834
9088.7  0.8008755
9091.3  0.8301383
9093.9  0.8308667
9096.5  0.8402208
9099.1  0.8147575
9101.7  0.8059362
9104.3  0.803104
9106.9  0.7996769
9109.5  0.8111395
9112.1  0.8232708
9114.7  0.8254334
9117.3  0.8221178
9119.9  0.8471528
9122.5  0.8661845
9125.1  0.848204
9127.7  0.8068873
9130.3  0.7731146
9132.9  0.7440115
9135.5  0.731697
9138.1  0.7445201
9140.7  0.7873879
9143.3  0.8281445
9145.9  0.8212714
9148.5  0.7946117
9151.1  0.7451867
9153.7  0.7247725
9156.3  0.732617
9158.9  0.7492626
9161.5  0.769155
9164.1  0.7669864
9166.7  0.7516406
9169.3  0.7281845
9171.9  0.7187183
9174.5  0.7224681
9177.1  0.7477288
9179.7  0.7601122
9182.3  0.756806
9184.9  0.7432985
9187.5  0.7576394
9190.1  0.7672135
9192.7  0.7675656
9195.3  0.7661561
9197.9  0.7815772
9200.5  0.7808542
9203.1  0.7850659
9205.7  0.7691991
9208.3  0.7379813
9210.9  0.7398379
9213.5  0.7303312
9216.1  0.7598757
9218.7  0.7646871
9221.3  0.7642846
9223.9  0.7957689
9226.5  0.7676152
9229.1  0.7705181
9231.7  0.7583427
9234.3  0.7377597
9236.9  0.7212308
9239.5  0.7347557
9242.1  0.7266527
9244.7  0.7424583
9247.3  0.7412102
9249.9  0.7420319
9252.5  0.7505296
9255.1  0.7342243
9257.7  0.7375471
9260.3  0.7478561
9262.9  0.7551089
9265.5  0.7628921
9268.1  0.778964
9270.7  0.7693084
9273.3  0.7437928
9275.9  0.7182477
9278.5  0.7012885
9281.1  0.6826439
9283.7  0.6751007
9286.3  0.6777633
9288.9  0.6747339
9291.5  0.659422
9294.1  0.6452668
9296.7  0.652788
9299.3  0.6466861
9301.9  0.6364742
9304.5  0.615391
9307.1  0.6118379
9309.7  0.5894703
9312.3  0.5299672
9314.9  0.5010241
9317.5  0.4758849
9320.1  0.4737482
9322.7  0.4755161
9325.3  0.4826391
9327.9  0.5128716
9330.5  0.4988013
9333.1  0.4707739
9335.7  0.4368888
9338.3  0.4096767
9340.9  0.3594024
9343.5  0.355615
9346.1  0.4295675
9348.7  0.4954524
9351.3  0.4612245
9353.9  0.4107577
9356.5  0.4072207
9359.1  0.469387
9361.7  0.4900595
9364.3  0.477526
9366.9  0.4145929
9369.5  0.4279919
9372.1  0.4531383
9374.7  0.4591756
9377.3  0.4268595
9379.9  0.4232967
9382.5  0.4591417
9385.1  0.5142087
9387.7  0.5511822
9390.3  0.5958474
9392.9  0.6202993
9395.5  0.5971829
9398.1  0.5622096
9400.7  0.5410181
9403.3  0.5293138
9405.9  0.5247077
9408.5  0.5014838
9411.1  0.4907388
9413.7  0.5119581
9416.3  0.535198
9418.9  0.533482
9421.5  0.5090775
9424.1  0.4535804
9426.7  0.4145271
9429.3  0.4297189
9431.9  0.4848655
9434.5  0.4864089
9437.1  0.4340657
9439.7  0.3849452
9442.3  0.396519
9444.9  0.449787
9447.5  0.5033628
9450.1  0.4928167
9452.7  0.452587
9455.3  0.4097013
9457.9  0.4127997
9460.5  0.4328108
9463.1  0.4654039
9465.7  0.4945827
9468.3  0.4923717
9470.9  0.4957949
9473.5  0.506672
9476.1  0.4706816
9478.7  0.4347158
9481.3  0.43216
9483.9  0.4695882
9486.5  0.5283929
9489.1  0.5242081
9491.7  0.4698693
9494.3  0.4145209
9496.9  0.3758288
9499.5  0.3782564
9502.1  0.4365312
9504.7  0.4955274
9507.3  0.5314124
9509.9  0.5355787
9512.5  0.5087268
9515.1  0.4565639
9517.7  0.4219886
9520.3  0.4255912
9522.9  0.4324842
9525.5  0.448539
9528.1  0.4710506
9530.7  0.4804458
9533.3  0.4927241
9535.9  0.4891711
9538.5  0.4613926
9541.1  0.4287524
9543.7  0.425381
9546.3  0.4386663
9548.9  0.4547664
9551.5  0.4565133
9554.1  0.4431469
9556.7  0.4460341
9559.3  0.4477884
9561.9  0.422123
9564.5  0.4068539
9567.1  0.4200249
9569.7  0.4638496
9572.3  0.5032264
9574.9  0.4993055
9577.5  0.4783967
9580.1  0.4670257
9582.7  0.4745142
9585.3  0.4712149
9587.9  0.4405947
9590.5  0.4183223
9593.1  0.4167956
9595.7  0.4418134
9598.3  0.4620489
9600.9  0.4599082
9603.5  0.4663562
9606.1  0.4797617
9608.7  0.4871234
9611.3  0.4969773
9613.9  0.4928546
9616.5  0.4690989
9619.1  0.4494442
9621.7  0.4408712
9624.3  0.4435069
9626.9  0.4638387
9629.5  0.4714394
9632.1  0.4598741
9634.7  0.4496393
9637.3  0.4471438
9639.9  0.4477637
9642.5  0.4506883
9645.1  0.4646272
9647.7  0.4753945
9650.3  0.4795412
9652.9  0.4759344
9655.5  0.4744612
9658.1  0.450659
9660.7  0.4292069
9663.3  0.4376735
9665.9  0.4394328
9668.5  0.4623595
9671.1  0.4764766
9673.7  0.4972786
9676.3  0.4962836
9678.9  0.4980893
9681.5  0.4722193
9684.1  0.4875943
9686.7  0.4776533
9689.3  0.4769602
9691.9  0.4779547
9694.5  0.4651681
9697.1  0.4700515
9699.7  0.4554849
9702.3  0.4721194
9704.9  0.4947312
9707.5  0.4963303
9710.1  0.4886152
9712.7  0.474089
9715.3  0.4650954
9717.9  0.4633428
9720.5  0.4517808
9723.1  0.4431256
9725.7  0.4219769
9728.3  0.4262379
9730.9  0.4260368
9733.5  0.4256522
9736.1  0.4122253
9738.7  0.4239372
9741.3  0.4276345
9743.9  0.4345337
9746.5  0.4311558
9749.1  0.4293561
9751.7  0.4243337
9754.3  0.4061639
9756.9  0.405216
9759.5  0.4018145
9762.1  0.3937589
9764.7  0.403445
9767.3  0.4189965
9769.9  0.4300332
9772.5  0.4280814
9775.1  0.4232781
9777.7  0.4082253
9780.3  0.3995911
9782.9  0.3859395
9785.5  0.4000213
9788.1  0.3988544
9790.7  0.3684026
9793.3  0.3697348
9795.9  0.392122
9798.5  0.4010692
9801.1  0.3955879
9803.7  0.4018196
9806.3  0.4148839
9808.9  0.4254462
9811.5  0.4288576
9814.1  0.4191411
9816.7  0.4095143
9819.3  0.3981375
9821.9  0.385512
9824.5  0.3869213
9827.1  0.3807467
9829.7  0.3806984
9832.3  0.3963386
9834.9  0.3960468
9837.5  0.3957728
9840.1  0.3920764
9842.7  0.389221
9845.3  0.3929273
9847.9  0.396829
9850.5  0.3930267
9853.1  0.3905024
9855.7  0.3921652
9858.3  0.3819256
9860.9  0.3751881
9863.5  0.3685016
9866.1  0.3702539
9868.7  0.373401
9871.3  0.3885689
9873.9  0.3872373
9876.5  0.3900177
9879.1  0.3835053
9881.7  0.3750211
9884.3  0.3744013
9886.9  0.366813
9889.5  0.3548857
9892.1  0.3517734
9894.7  0.3526714
9897.3  0.3558365
9899.9  0.3598186
9902.5  0.3617156
9905.1  0.3469971
9907.7  0.3327418
9910.3  0.3522831
9912.9  0.3637418
9915.5  0.3536899
9918.1  0.3632462
9920.7  0.3464157
9923.3  0.3389939
9925.9  0.3270755
9928.5  0.3292264
9931.1  0.3253015
9933.7  0.3246811
9936.3  0.2993411
9938.9  0.2972857
9941.5  0.3098715
9944.1  0.3072594
9946.7  0.3268602
9949.3  0.3464085
9951.9  0.3305273
9954.5  0.3199908
9957.1  0.3150085
9959.7  0.3232937
9962.3  0.3169895
9964.9  0.3002904
9967.5  0.2924188
9970.1  0.2966792
9972.7  0.2940526
9975.3  0.2961687
9977.9  0.304796
9980.5  0.3046595
9983.1  0.2937759
9985.7  0.2914234
9988.3  0.2712248
9990.9  0.273023
9993.5  0.2710079
9996.1  0.2644334
9998.7  0.2629604
