3501.3  0.
3503.9  0.
3506.5  0.
3509.1  0.
3511.7  0.
3514.3  0.
3516.9  0.
3519.5  0.
3522.1  0.
3524.7  0.
3527.3  0.
3529.9  0.
3532.5  0.
3535.1  0.
3537.7  -13.81255
3540.3  -3.49945
3542.9  -31.87602
3545.5  -27.84147
3548.1  -18.49255
3550.7  -21.37797
3553.3  -10.24945
3555.9  -29.42772
3558.5  -31.36767
3561.1  -44.23072
3563.7  -27.02056
3566.3  -49.10243
3568.9  -31.57612
3571.5  -27.26614
3574.1  -35.50544
3576.7  0.5389822
3579.3  37.09217
3581.9  7.323268
3584.5  -6.100241
3587.1  -8.256992
3589.7  -7.29654
3592.3  26.0784
3594.9  6.636982
3597.5  -6.095551
3600.1  35.49265
3602.7  -9.626666
3605.3  4.453752
3607.9  -35.2532
3610.5  45.80249
3613.1  22.71717
3615.7  -18.70739
3618.3  -2.681127
3620.9  50.33228
3623.5  -18.58055
3626.1  -21.70208
3628.7  7.928331
3631.3  -1.386073
3633.9  49.78425
3636.5  -4.668196
3639.1  -40.10854
3641.7  32.15451
3644.3  -17.95881
3646.9  32.57045
3649.5  27.74342
3652.1  72.28294
3654.7  36.65038
3657.3  -13.93168
3659.9  -85.12399
3662.5  29.36431
3665.1  10.45603
3667.7  28.83556
3670.3  11.37419
3672.9  4.175375
3675.5  -25.28958
3678.1  -17.35815
3680.7  -24.92275
3683.3  15.55531
3685.9  -16.30678
3688.5  45.39695
3691.1  8.525273
3693.7  -8.119701
3696.3  -22.541
3698.9  123.579
3701.5  -5.385739
3704.1  -15.45405
3706.7  21.97014
3709.3  -10.34681
3711.9  18.10018
3714.5  9.703561
3717.1  2.03394
3719.7  -20.04923
3722.3  -19.80825
3724.9  35.0293
3727.5  4.027864
3730.1  0.4791602
3732.7  72.24881
3735.3  19.45743
3737.9  -41.52199
3740.5  12.31113
3743.1  -13.32816
3745.7  44.51693
3748.3  -23.06711
3750.9  54.19693
3753.5  -74.07172
3756.1  35.90344
3758.7  44.44884
3761.3  -3.541841
3763.9  32.99397
3766.5  47.22496
3769.1  -50.65268
3771.7  -20.31649
3774.3  28.05505
3776.9  51.44378
3779.5  26.63401
3782.1  27.88095
3784.7  -30.6785
3787.3  23.93522
3789.9  17.1727
3792.5  -34.78049
3795.1  7.582119
3797.7  14.62901
3800.3  9.832102
3802.9  -46.74514
3805.5  -17.82868
3808.1  21.14503
3810.7  -41.14416
3813.3  -31.86813
3815.9  2.178055
3818.5  -7.935013
3821.1  0.3245011
3823.7  -0.2271349
3826.3  -61.78835
3828.9  -42.0722
3831.5  38.07557
3834.1  21.53414
3836.7  -22.15702
3839.3  -10.41013
3841.9  -49.56325
3844.5  0.6191044
3847.1  7.464839
3849.7  14.22085
3852.3  -20.7669
3854.9  4.776233
3857.5  25.28218
3860.1  -9.519143
3862.7  -5.307341
3865.3  -20.02496
3867.9  23.03393
3870.5  25.40451
3873.1  -32.16255
3875.7  27.18464
3878.3  10.21199
3880.9  11.09301
3883.5  43.46568
3886.1  41.59973
3888.7  45.03993
3891.3  12.18264
3893.9  21.97446
3896.5  -39.10654
3899.1  42.09132
3901.7  19.42706
3904.3  -36.39075
3906.9  3.566314
3909.5  46.79079
3912.1  -1.391374
3914.7  -7.537947
3917.3  54.7225
3919.9  33.15185
3922.5  -15.32491
3925.1  42.50821
3927.7  -14.06461
3930.3  26.93831
3932.9  47.58857
3935.5  25.22198
3938.1  44.38356
3940.7  -7.531493
3943.3  11.19882
3945.9  25.96897
3948.5  66.50301
3951.1  -9.698149
3953.7  -10.38774
3956.3  -4.291809
3958.9  -27.31944
3961.5  7.495186
3964.1  25.68751
3966.7  -12.76252
3969.3  -46.87733
3971.9  -5.074388
3974.5  1.221364
3977.1  31.74486
3979.7  28.56377
3982.3  12.71527
3984.9  34.17723
3987.5  -22.90487
3990.1  14.79109
3992.7  28.74072
3995.3  6.10953
3997.9  -6.02987
4000.5  18.47003
4003.1  4.659835
4005.7  56.06403
4008.3  -27.80496
4010.9  26.9736
4013.5  18.97593
4016.1  -20.76128
4018.7  -31.28067
4021.3  28.44032
4023.9  -66.06371
4026.5  -2.69879
4029.1  -27.27123
4031.7  25.44535
4034.3  25.10687
4036.9  37.36908
4039.5  -1.692858
4042.1  -6.173625
4044.7  14.78143
4047.3  12.77553
4049.9  -46.46589
4052.5  -18.83044
4055.1  8.083619
4057.7  16.18999
4060.3  2.097121
4062.9  -1.210936
4065.5  27.5723
4068.1  48.61311
4070.7  23.11301
4073.3  -21.70615
4075.9  -14.46906
4078.5  15.71464
4081.1  22.47747
4083.7  -0.9985532
4086.3  37.22845
4088.9  -14.21161
4091.5  -11.4329
4094.1  0.2409051
4096.7  -110.858
4099.3  23.10857
4101.9  -17.55648
4104.5  -19.73862
4107.1  1.327393
4109.7  -103.1533
4112.3  -9.990313
4114.9  -5.830556
4117.5  -17.45657
4120.1  -30.78941
4122.7  -3.850227
4125.3  -29.68602
4127.9  -2.968179
4130.5  -0.5766206
4133.1  31.0266
4135.7  -4.889445
4138.3  4.009961
4140.9  24.30134
4143.5  11.00004
4146.1  -3.268951
4148.7  12.34583
4151.3  39.49261
4153.9  -7.097034
4156.5  -12.3056
4159.1  47.40369
4161.7  20.37933
4164.3  23.14433
4166.9  18.60635
4169.5  -0.9351516
4172.1  -13.44881
4174.7  33.57069
4177.3  -5.713535
4179.9  59.67031
4182.5  -0.9404379
4185.1  -58.99098
4187.7  -77.8766
4190.3  -24.52155
4192.9  -28.86389
4195.5  -44.76305
4198.1  48.28281
4200.7  -3.978985
4203.3  22.50217
4205.9  -4.88757
4208.5  -33.91674
4211.1  -14.16582
4213.7  38.30087
4216.3  8.984619
4218.9  2.75867
4221.5  -4.76716
4224.1  60.98547
4226.7  44.90408
4229.3  87.84093
4231.9  9.575811
4234.5  17.93623
4237.1  7.725595
4239.7  -24.59327
4242.3  56.77987
4244.9  -37.73365
4247.5  -65.28571
4250.1  -3.2424
4252.7  10.80939
4255.3  -19.43059
4257.9  9.136657
4260.5  14.87252
4263.1  -35.79942
4265.7  -33.61081
4268.3  36.62856
4270.9  18.42225
4273.5  9.89817
4276.1  -12.55317
4278.7  46.03564
4281.3  -6.589208
4283.9  63.35835
4286.5  93.46591
4289.1  -31.98166
4291.7  19.14185
4294.3  -26.43762
4296.9  1.981321
4299.5  2.82554
4302.1  -75.66501
4304.7  22.15376
4307.3  30.02197
4309.9  -19.15322
4312.5  1.250996
4315.1  9.27288
4317.7  44.06884
4320.3  51.42334
4322.9  -3.186077
4325.5  -12.85545
4328.1  26.47454
4330.7  75.95052
4333.3  46.32731
4335.9  23.83884
4338.5  18.78829
4341.1  12.48271
4343.7  -5.225877
4346.3  29.71829
4348.9  47.53753
4351.5  45.75191
4354.1  -18.52732
4356.7  36.67792
4359.3  52.15161
4361.9  10.34588
4364.5  45.62786
4367.1  56.34084
4369.7  8.157175
4372.3  60.38543
4374.9  28.35146
4377.5  6.962179
4380.1  20.6692
4382.7  -17.23049
4385.3  -5.691567
4387.9  62.19479
4390.5  -15.5768
4393.1  -25.83096
4395.7  31.13273
4398.3  92.4876
4400.9  4.894475
4403.5  -38.8547
4406.1  -44.33601
4408.7  -14.35535
4411.3  -26.98096
4413.9  18.24699
4416.5  79.5248
4419.1  41.89283
4421.7  8.934741
4424.3  24.82238
4426.9  1.077391
4429.5  10.5117
4432.1  19.75858
4434.7  -0.2526364
4437.3  -3.799009
4439.9  -8.475603
4442.5  22.56384
4445.1  80.98652
4447.7  40.30201
4450.3  31.84426
4452.9  77.75804
4455.5  -5.525443
4458.1  24.91252
4460.7  15.44917
4463.3  25.62267
4465.9  44.18076
4468.5  -4.598215
4471.1  17.15681
4473.7  -8.105396
4476.3  4.827468
4478.9  -16.5014
4481.5  3.860896
4484.1  152.7628
4486.7  31.20481
4489.3  4.594646
4491.9  84.58144
4494.5  8.391943
4497.1  29.02209
4499.7  36.11416
4502.3  -1.925236
4504.9  46.60808
4507.5  30.19657
4510.1  -6.849235
4512.7  1.076222
4515.3  -27.41462
4517.9  30.25673
4520.5  -13.78281
4523.1  22.11877
4525.7  5.159251
4528.3  65.83843
4530.9  -35.69941
4533.5  9.57699
4536.1  38.08229
4538.7  75.8997
4541.3  16.25981
4543.9  13.31639
4546.5  -33.02118
4549.1  49.68045
4551.7  -5.401134
4554.3  38.33932
4556.9  51.6474
4559.5  -19.29573
4562.1  -29.14888
4564.7  104.8465
4567.3  81.08436
4569.9  26.93255
4572.5  29.38903
4575.1  93.46044
4577.7  37.83766
4580.3  10.73742
4582.9  51.65269
4585.5  46.471
4588.1  59.45709
4590.7  8.862168
4593.3  11.29654
4595.9  3.959013
4598.5  54.47338
4601.1  69.62287
4603.7  -12.40421
4606.3  81.01219
4608.9  58.4221
4611.5  13.1996
4614.1  33.92654
4616.7  22.53578
4619.3  -2.167298
4621.9  76.24762
4624.5  59.08354
4627.1  22.6081
4629.7  35.73261
4632.3  65.65811
4634.9  22.33725
4637.5  13.01427
4640.1  76.63807
4642.7  34.56282
4645.3  28.63788
4647.9  39.29239
4650.5  50.43249
4653.1  24.66966
4655.7  61.42731
4658.3  67.53466
4660.9  51.43941
4663.5  51.53998
4666.1  51.76291
4668.7  51.09392
4671.3  53.3877
4673.9  15.52179
4676.5  48.08305
4679.1  28.01597
4681.7  15.26729
4684.3  89.45412
4686.9  100.7652
4689.5  45.24196
4692.1  72.6767
4694.7  47.67687
4697.3  -6.564465
4699.9  25.33766
4702.5  13.49502
4705.1  14.67119
4707.7  44.79697
4710.3  29.21408
4712.9  61.55464
4715.5  53.098
4718.1  92.53336
4720.7  75.72057
4723.3  37.51027
4725.9  14.71642
4728.5  54.22138
4731.1  -14.44538
4733.7  76.35637
4736.3  105.1559
4738.9  122.3016
4741.5  149.9617
4744.1  89.1132
4746.7  39.64595
4749.3  36.30313
4751.9  85.03483
4754.5  96.2562
4757.1  45.33336
4759.7  84.61085
4762.3  104.4462
4764.9  123.3161
4767.5  181.4573
4770.1  195.4247
4772.7  99.18855
4775.3  101.3284
4777.9  162.8672
4780.5  117.228
4783.1  106.6231
4785.7  88.20643
4788.3  207.4173
4790.9  132.6139
4793.5  195.3083
4796.1  187.5343
4798.7  217.9694
4801.3  214.9363
4803.9  200.8508
4806.5  159.0944
4809.1  234.8664
4811.7  280.8093
4814.3  252.1715
4816.9  359.8505
4819.5  297.5226
4822.1  301.3019
4824.7  366.6105
4827.3  413.2033
4829.9  400.7153
4832.5  351.0831
4835.1  442.8124
4837.7  424.9923
4840.3  509.6238
4842.9  474.3206
4845.5  486.3879
4848.1  477.9529
4850.7  458.2711
4853.3  548.3627
4855.9  473.2978
4858.5  394.5895
4861.1  508.6807
4863.7  491.2136
4866.3  505.1115
4868.9  531.5196
4871.5  517.1064
4874.1  562.1959
4876.7  601.5764
4879.3  736.2554
4881.9  686.7123
4884.5  641.2246
4887.1  713.1935
4889.7  675.4734
4892.3  825.7
4894.9  740.1636
4897.5  879.1096
4900.1  911.2603
4902.7  863.9863
4905.3  828.8145
4907.9  894.3549
4910.5  974.5497
4913.1  970.1908
4915.7  1075.235
4918.3  954.3719
4920.9  948.6092
4923.5  997.2383
4926.1  1064.815
4928.7  1182.145
4931.3  1216.815
4933.9  1082.878
4936.5  1168.764
4939.1  1250.21
4941.7  1287.22
4944.3  1090.754
4946.9  1142.756
4949.5  1261.217
4952.1  1385.527
4954.7  1245.221
4957.3  1300.69
4959.9  1325.573
4962.5  1281.72
4965.1  1224.613
4967.7  1285.685
4970.3  1406.854
4972.9  1254.952
4975.5  1387.355
4978.1  1394.008
4980.7  1311.196
4983.3  1372.865
4985.9  1362.975
4988.5  1459.765
4991.1  1450.854
4993.7  1684.499
4996.3  1655.55
4998.9  1484.226
5001.5  1846.075
5004.1  1607.548
5006.7  1448.401
5009.3  1701.97
5011.9  1617.196
5014.5  1498.978
5017.1  1630.954
5019.7  1731.193
5022.3  1673.714
5024.9  1661.302
5027.5  1945.843
5030.1  2136.328
5032.7  1878.702
5035.3  1909.353
5037.9  1946.605
5040.5  1775.882
5043.1  1889.692
5045.7  1663.503
5048.3  1893.5
5050.9  1904.137
5053.5  2098.819
5056.1  2213.922
5058.7  2041.035
5061.3  2070.905
5063.9  2100.589
5066.5  2158.116
5069.1  2316.818
5071.7  2081.642
5074.3  2148.568
5076.9  2158.28
5079.5  1989.912
5082.1  2136.968
5084.7  2309.408
5087.3  2203.956
5089.9  2365.116
5092.5  2454.86
5095.1  2282.955
5097.7  2334.116
5100.3  2274.084
5102.9  2138.075
5105.5  2102.123
5108.1  2443.898
5110.7  2204.58
5113.3  2220.937
5115.9  2474.265
5118.5  2341.983
5121.1  2382.193
5123.7  2371.13
5126.3  2285.902
5128.9  2394.233
5131.5  2395.836
5134.1  2364.68
5136.7  2367.506
5139.3  2349.958
5141.9  2302.404
5144.5  2366.212
5147.1  2452.383
5149.7  2381.377
5152.3  2352.008
5154.9  2555.885
5157.5  2554.075
5160.1  2575.604
5162.7  2358.833
5165.3  2366.882
5167.9  2312.541
5170.5  2072.077
5173.1  2321.599
5175.7  2476.958
5178.3  2510.968
5180.9  2309.055
5183.5  2436.871
5186.1  2307.83
5188.7  2460.417
5191.3  2631.047
5193.9  2498.75
5196.5  2661.111
5199.1  2661.883
5201.7  2845.975
5204.3  2709.812
5206.9  2738.681
5209.5  2566.088
5212.1  2788.448
5214.7  2703.636
5217.3  3105.982
5219.9  2832.348
5222.5  2790.093
5225.1  2905.452
5227.7  2887.323
5230.3  2816.869
5232.9  3004.819
5235.5  2965.73
5238.1  3239.81
5240.7  3252.334
5243.3  3213.51
5245.9  3356.151
5248.5  2996.661
5251.1  3128.656
5253.7  3151.588
5256.3  3399.593
5258.9  3489.659
5261.5  3202.286
5264.1  2847.57
5266.7  2838.799
5269.3  2594.511
5271.9  2632.675
5274.5  2838.005
5277.1  2995.256
5279.7  3124.917
5282.3  3194.588
5284.9  3267.246
5287.5  3110.926
5290.1  3191.718
5292.7  3292.164
5295.3  3379.565
5297.9  3102.108
5300.5  3146.364
5303.1  3189.978
5305.7  3303.274
5308.3  3477.502
5310.9  3376.633
5313.5  3454.587
5316.1  3400.143
5318.7  3589.938
5321.3  3455.902
5323.9  3282.66
5326.5  3190.419
5329.1  3314.809
5331.7  3449.797
5334.3  3571.536
5336.9  3579.709
5339.5  3472.273
5342.1  3598.8
5344.7  3751.273
5347.3  3697.712
5349.9  3815.375
5352.5  3853.912
5355.1  3784.361
5357.7  3921.577
5360.3  4084.177
5362.9  4129.371
5365.5  3680.933
5368.1  3358.865
5370.7  3672.507
5373.3  3540.026
5375.9  3604.109
5378.5  3873.269
5381.1  3991.567
5383.7  3734.41
5386.3  3959.896
5388.9  3532.638
5391.5  3807.089
5394.1  3726.299
5396.7  3877.208
5399.3  3742.686
5401.9  3549.627
5404.5  3728.606
5407.1  3718.547
5409.7  3608.261
5412.3  3745.351
5414.9  3861.666
5417.5  4044.239
5420.1  4104.896
5422.7  4140.769
5425.3  3846.375
5427.9  3625.856
5430.5  4089.271
5433.1  4009.279
5435.7  4166.477
5438.3  4051.112
5440.9  3957.74
5443.5  4226.308
5446.1  4325.942
5448.7  4124.07
5451.3  3879.365
5453.9  4068.974
5456.5  3834.593
5459.1  3800.816
5461.7  4051.871
5464.3  3993.412
5466.9  3974.83
5469.5  4176.082
5472.1  4019.942
5474.7  3924.669
5477.3  3719.796
5479.9  3734.209
5482.5  3718.292
5485.1  3998.423
5487.7  4078.928
5490.3  4097.949
5492.9  4187.015
5495.5  4149.857
5498.1  4056.465
5500.7  4128.229
5503.3  4303.702
5505.9  4197.809
5508.5  4226.914
5511.1  4288.586
5513.7  4195.26
5516.3  4373.232
5518.9  4540.055
5521.5  4474.27
5524.1  4733.489
5526.7  4484.99
5529.3  4320.765
5531.9  4571.204
5534.5  4706.42
5537.1  4708.148
5539.7  4670.309
5542.3  4395.688
5544.9  4538.248
5547.5  4629.716
5550.1  4588.052
5552.7  4745.729
5555.3  4796.951
5557.9  4679.02
5560.5  4699.72
5563.1  4336.143
5565.7  4421.272
5568.3  4792.058
5570.9  6083.796
5573.5  7283.695
5576.1  5366.064
5578.7  4908.386
5581.3  3582.283
5583.9  2047.396
5586.5  2224.658
5589.1  4087.507
5591.7  3886.344
5594.3  4172.425
5596.9  4128.375
5599.5  4084.326
5602.1  4036.821
5604.7  4223.868
5607.3  4491.818
5609.9  4529.586
5612.5  4628.801
5615.1  4488.52
5617.7  4385.384
5620.3  4223.007
5622.9  4431.106
5625.5  4648.718
5628.1  4795.219
5630.7  4676.158
5633.3  4895.899
5635.9  5099.281
5638.5  4856.688
5641.1  5035.237
5643.7  4814.611
5646.3  4932.292
5648.9  5050.582
5651.5  5114.139
5654.1  5038.391
5656.7  5124.288
5659.3  5120.544
5661.9  4976.506
5664.5  4932.922
5667.1  5062.449
5669.7  5016.553
5672.3  5241.243
5674.9  5326.19
5677.5  5465.377
5680.1  5389.913
5682.7  5217.11
5685.3  5078.521
5687.9  4926.092
5690.5  4902.207
5693.1  5159.913
5695.7  5201.026
5698.3  5001.033
5700.9  4924.791
5703.5  4857.875
5706.1  4706.365
5708.7  4870.897
5711.3  4719.573
5713.9  5033.565
5716.5  4984.894
5719.1  5304.575
5721.7  5203.312
5724.3  5520.888
5726.9  5705.912
5729.5  5562.302
5732.1  5464.163
5734.7  5677.999
5737.3  5688.076
5739.9  5364.42
5742.5  5548.327
5745.1  5434.904
5747.7  5613.354
5750.3  5504.598
5752.9  5483.351
5755.5  5324.164
5758.1  5458.563
5760.7  5703.474
5763.3  5554.841
5765.9  5592.557
5768.5  5741.635
5771.1  5686.254
5773.7  5670.338
5776.3  5707.076
5778.9  5421.826
5781.5  5327.885
5784.1  4832.844
5786.7  4897.028
5789.3  5504.726
5791.9  5549.012
5794.5  5522.833
5797.1  5378.364
5799.7  5544.109
5802.3  5780.972
5804.9  5518.244
5807.5  5523.233
5810.1  5538.988
5812.7  5593.782
5815.3  5911.576
5817.9  5822.586
5820.5  5594.017
5823.1  5991.903
5825.7  5807.611
5828.3  6035.13
5830.9  5926.774
5833.5  5725.061
5836.1  6123.211
5838.7  5826.749
5841.3  5850.057
5843.9  6066.069
5846.5  6086.272
5849.1  6006.126
5851.7  6369.286
5854.3  6109.683
5856.9  6008.974
5859.5  6106.203
5862.1  6207.724
5864.7  6238.742
5867.3  6459.576
5869.9  6420.31
5872.5  6235.375
5875.1  6363.156
5877.7  6132.416
5880.3  6387.021
5882.9  6731.136
5885.5  6405.144
5888.1  6012.407
5890.7  5950.85
5893.3  4877.101
5895.9  4577.519
5898.5  4945.88
5901.1  4977.159
5903.7  5569.954
5906.3  6132.721
5908.9  6355.917
5911.5  6133.262
5914.1  5672.899
5916.7  5725.631
5919.3  5879.654
5921.9  5911.81
5924.5  6050.627
5927.1  5983.833
5929.7  5952.019
5932.3  5987.335
5934.9  6250.726
5937.5  6101.243
5940.1  5899.964
5942.7  6295.021
5945.3  6245.968
5947.9  6333.965
5950.5  6367.204
5953.1  5851.317
5955.7  6293.412
5958.3  6423.709
5960.9  6318.097
5963.5  6226.249
5966.1  6464.028
5968.7  6547.729
5971.3  6744.023
5973.9  6780.354
5976.5  6728.503
5979.1  6624.345
5981.7  6544.105
5984.3  6559.497
5986.9  6500.225
5989.5  6806.021
5992.1  7021.723
5994.7  6909.452
5997.3  6938.788
5999.9  6870.831
6002.5  6727.668
6005.1  6789.913
6007.7  6690.992
6010.3  6880.003
6012.9  6811.528
6015.5  6557.33
6018.1  6636.941
6020.7  6674.247
6023.3  6945.767
6025.9  6909.449
6028.5  6862.78
6031.1  6760.264
6033.7  6809.607
6036.3  6918.887
6038.9  6880.612
6041.5  6801.238
6044.1  6908.406
6046.7  6771.488
6049.3  6939.32
6051.9  6809.642
6054.5  6683.712
6057.1  6927.323
6059.7  6647.084
6062.3  6695.386
6064.9  6904.064
6067.5  6735.195
6070.1  6785.248
6072.7  7245.546
6075.3  7082.128
6077.9  7033.285
6080.5  6889.995
6083.1  6706.766
6085.7  6993.019
6088.3  7076.935
6090.9  6932.896
6093.5  7002.311
6096.1  6967.152
6098.7  7115.792
6101.3  7347.128
6103.9  7216.097
6106.5  7015.008
6109.1  7124.298
6111.7  7226.416
6114.3  7381.125
6116.9  7292.509
6119.5  7285.682
6122.1  7045.905
6124.7  6974.408
6127.3  7023.046
6129.9  7231.219
6132.5  7330.829
6135.1  7158.786
6137.7  7091.847
6140.3  6979.343
6142.9  7041.707
6145.5  7292.75
6148.1  7101.653
6150.7  7139.062
6153.3  6696.51
6155.9  6948.231
6158.5  6918.647
6161.1  6773.727
6163.7  6393.145
6166.3  6231.525
6168.9  6697.018
6171.5  6705.38
6174.1  6528.404
6176.7  6648.161
6179.3  6852.993
6181.9  7079.465
6184.5  6871.735
6187.1  7121.154
6189.7  7041.549
6192.3  6849.667
6194.9  7019.112
6197.5  7183.331
6200.1  6967.916
6202.7  7107.526
6205.3  7141.789
6207.9  7346.099
6210.5  7210.911
6213.1  7328.064
6215.7  6989.824
6218.3  7013.573
6220.9  7202.307
6223.5  7456.267
6226.1  7490.543
6228.7  7637.65
6231.3  7598.145
6233.9  7489.218
6236.5  7608.813
6239.1  7582.743
6241.7  7619.367
6244.3  7455.254
6246.9  7340.358
6249.5  7502.099
6252.1  7742.033
6254.7  7888.246
6257.3  7433.794
6259.9  7443.798
6262.5  7450.909
6265.1  7691.192
6267.7  7947.772
6270.3  7690.684
6272.9  7741.369
6275.5  7812.464
6278.1  7569.027
6280.7  7257.654
6283.3  7060.49
6285.9  7482.379
6288.5  7011.471
6291.1  8005.736
6293.7  10527.82
6296.3  8611.482
6298.9  8010.25
6301.5  7747.888
6304.1  7065.033
6306.7  6448.184
6309.3  6945.492
6311.9  7521.152
6314.5  7478.296
6317.1  7332.894
6319.7  7363.538
6322.3  7636.851
6324.9  7629.651
6327.5  7904.521
6330.1  8388.986
6332.7  7886.789
6335.3  7735.391
6337.9  7734.083
6340.5  7872.972
6343.1  7828.65
6345.7  7838.361
6348.3  7635.398
6350.9  8299.608
6353.5  8106.667
6356.1  8265.128
6358.7  8563.06
6361.3  7969.137
6363.9  7915.484
6366.5  7877.168
6369.1  7808.989
6371.7  8038.576
6374.3  8321.58
6376.9  8613.335
6379.5  8428.341
6382.1  8270.052
6384.7  8278.131
6387.3  8626.435
6389.9  8628.076
6392.5  8525.975
6395.1  8543.405
6397.7  8272.861
6400.3  8672.432
6402.9  8441.442
6405.5  8403.664
6408.1  8796.008
6410.7  8444.15
6413.3  8224.364
6415.9  8400.313
6418.5  8621.042
6421.1  8735.191
6423.7  8615.652
6426.3  8505.996
6428.9  8410.463
6431.5  8491.043
6434.1  8511.599
6436.7  8665.953
6439.3  8417.048
6441.9  8358.276
6444.5  8585.398
6447.1  8563.38
6449.7  8455.53
6452.3  8200.773
6454.9  8136.729
6457.5  8219.015
6460.1  8454.169
6462.7  8488.83
6465.3  8577.264
6467.9  8351.785
6470.5  8423.929
6473.1  8731.782
6475.7  8692.532
6478.3  8712.057
6480.9  8727.408
6483.5  8837.532
6486.1  8739.25
6488.7  8737.752
6491.3  8848.675
6493.9  8730.997
6496.5  8317.245
6499.1  8165.011
6501.7  8469.136
6504.3  8660.165
6506.9  9004.543
6509.5  9001.611
6512.1  9197.166
6514.7  9154.756
6517.3  9021.892
6519.9  9187.767
6522.5  8770.673
6525.1  8982.691
6527.7  9182.014
6530.3  9201.645
6532.9  8922.632
6535.5  8997.337
6538.1  9004.466
6540.7  9273.699
6543.3  9183.101
6545.9  8985.799
6548.5  8961.005
6551.1  9134.475
6553.7  8977.992
6556.3  8894.128
6558.9  8623.2
6561.5  8369.929
6564.1  7827.324
6566.7  7496.536
6569.3  8043.331
6571.9  9005.341
6574.5  8889.412
6577.1  9004.337
6579.7  9094.773
6582.3  9028.521
6584.9  9173.487
6587.5  9091.262
6590.1  9003.545
6592.7  9018.2
6595.3  9058.617
6597.9  8980.799
6600.5  9106.846
6603.1  9215.86
6605.7  9385.369
6608.3  9275.658
6610.9  9231.756
6613.5  9042.607
6616.1  9016.102
6618.7  9376.996
6621.3  9404.248
6623.9  9633.271
6626.5  9547.584
6629.1  9638.852
6631.7  9607.559
6634.3  9648.137
6636.9  9550.914
6639.5  9395.4
6642.1  9744.273
6644.7  9582.593
6647.3  9567.545
6649.9  9645.899
6652.5  9654.522
6655.1  9584.887
6657.7  9664.04
6660.3  9753.466
6662.9  9825.484
6665.5  9678.484
6668.1  9575.653
6670.7  9800.099
6673.3  9940.961
6675.9  9939.69
6678.5  10036.19
6681.1  9830.298
6683.7  9871.693
6686.3  9940.739
6688.9  10083.92
6691.5  10158.15
6694.1  10152.97
6696.7  9936.019
6699.3  9918.486
6701.9  9835.991
6704.5  10037.43
6707.1  9974.521
6709.7  9979.8
6712.3  10031.47
6714.9  9775.614
6717.5  9741.351
6720.1  9686.69
6722.7  9779.508
6725.3  10079.99
6727.9  10109.23
6730.5  10042.43
6733.1  9916.944
6735.7  9969.131
6738.3  10002.83
6740.9  9963.953
6743.5  9730.029
6746.1  9733.905
6748.7  9824.733
6751.3  9768.778
6753.9  9841.054
6756.5  9900.146
6759.1  10034.62
6761.7  10174.84
6764.3  10268.29
6766.9  10061.19
6769.5  10043.88
6772.1  9910.858
6774.7  10081.59
6777.3  10047.56
6779.9  10255.9
6782.5  10244.51
6785.1  10185.54
6787.7  10002.59
6790.3  10039.37
6792.9  10353.51
6795.5  10226.24
6798.1  10087.84
6800.7  10155.92
6803.3  10231.92
6805.9  10221.12
6808.5  10275.28
6811.1  10206.92
6813.7  10423.26
6816.3  10377.85
6818.9  10399.75
6821.5  10574.06
6824.1  10409.58
6826.7  10519.46
6829.3  10710.89
6831.9  10661.52
6834.5  10607.34
6837.1  10209.58
6839.7  10424.06
6842.3  10081.78
6844.9  9860.204
6847.5  9972.852
6850.1  10272.98
6852.7  10461.72
6855.3  10315.01
6857.9  10393.
6860.5  10289.74
6863.1  10055.49
6865.7  10079.84
6868.3  9378.132
6870.9  8430.36
6873.5  7548.096
6876.1  7702.809
6878.7  8541.808
6881.3  9162.327
6883.9  9368.142
6886.5  9512.302
6889.1  9293.431
6891.7  9190.976
6894.3  9214.813
6896.9  9480.612
6899.5  9395.389
6902.1  9432.182
6904.7  9460.3
6907.3  9841.332
6909.9  9958.063
6912.5  9860.258
6915.1  9797.385
6917.7  9823.373
6920.3  10069.57
6922.9  10127.59
6925.5  10059.45
6928.1  9898.854
6930.7  9927.749
6933.3  9964.714
6935.9  10292.8
6938.5  10141.97
6941.1  10134.5
6943.7  10181.44
6946.3  10179.25
6948.9  10237.24
6951.5  10057.6
6954.1  10260.45
6956.7  10434.23
6959.3  10276.62
6961.9  10230.5
6964.5  10433.68
6967.1  10495.4
6969.7  10439.79
6972.3  10597.93
6974.9  10507.75
6977.5  10578.95
6980.1  10550.04
6982.7  10409.97
6985.3  10293.83
6987.9  10536.78
6990.5  10447.04
6993.1  10554.01
6995.7  10401.47
6998.3  10375.28
7000.9  10405.53
7003.5  10236.37
7006.1  10362.67
7008.7  10132.17
7011.3  10303.02
7013.9  10470.79
7016.5  10324.16
7019.1  10185.54
7021.7  9802.281
7024.3  10063.44
7026.9  10291.47
7029.5  10206.01
7032.1  10338.18
7034.7  10471.1
7037.3  10471.28
7039.9  10568.89
7042.5  10484.47
7045.1  10543.57
7047.7  10686.45
7050.3  10863.66
7052.9  10688.36
7055.5  10526.42
7058.1  10538.09
7060.7  10654.53
7063.3  10705.33
7065.9  10196.35
7068.5  10537.66
7071.1  10493.34
7073.7  10786.35
7076.3  10741.55
7078.9  10824.29
7081.5  10811.81
7084.1  10939.9
7086.7  10467.39
7089.3  10501.46
7091.9  10799.
7094.5  10402.98
7097.1  10443.36
7099.7  10630.89
7102.3  10544.67
7104.9  10683.48
7107.5  10744.87
7110.1  10531.27
7112.7  10437.06
7115.3  10346.65
7117.9  10491.
7120.5  10659.95
7123.1  10389.21
7125.7  10353.95
7128.3  10516.77
7130.9  10670.61
7133.5  10475.06
7136.1  10208.27
7138.7  10451.56
7141.3  10584.88
7143.9  10403.76
7146.5  10300.92
7149.1  10382.22
7151.7  10237.33
7154.3  10557.07
7156.9  10660.36
7159.5  10427.83
7162.1  10308.38
7164.7  10118.92
7167.3  10033.63
7169.9  10141.68
7172.5  10026.25
7175.1  9765.508
7177.7  9700.107
7180.3  9630.854
7182.9  9317.371
7185.5  9283.232
7188.1  9169.08
7190.7  9052.922
7193.3  9189.337
7195.9  9301.829
7198.5  9122.613
7201.1  9465.876
7203.7  9366.438
7206.3  9478.538
7208.9  9599.229
7211.5  9585.646
7214.1  9887.847
7216.7  10180.24
7219.3  10245.13
7221.9  10103.72
7224.5  10090.82
7227.1  10043.24
7229.7  10014.1
7232.3  9847.958
7234.9  9794.46
7237.5  10067.68
7240.1  9773.161
7242.7  10001.35
7245.3  10059.84
7247.9  10419.52
7250.5  10184.51
7253.1  10029.77
7255.7  9599.365
7258.3  9865.821
7260.9  9947.399
7263.5  9756.706
7266.1  9638.457
7268.7  10312.57
7271.3  10462.57
7273.9  10387.53
7276.5  10115.
7279.1  9873.34
7281.7  10101.49
7284.3  10205.57
7286.9  10091.17
7289.5  9989.29
7292.1  9776.664
7294.7  9917.554
7297.3  9991.949
7299.9  10092.72
7302.5  10250.5
7305.1  10066.63
7307.7  9929.508
7310.3  9944.727
7312.9  9968.679
7315.5  9955.164
7318.1  10124.16
7320.7  10230.37
7323.3  10041.58
7325.9  10181.28
7328.5  10198.84
7331.1  10048.24
7333.7  10376.21
7336.3  10509.11
7338.9  10418.37
7341.5  10883.54
7344.1  10839.75
7346.7  10642.62
7349.3  10089.31
7351.9  9942.179
7354.5  10142.54
7357.1  9951.988
7359.7  9950.418
7362.3  9962.563
7364.9  9945.299
7367.5  9902.389
7370.1  10102.32
7372.7  10511.43
7375.3  10234.87
7377.9  10477.84
7380.5  10337.82
7383.1  10197.73
7385.7  10178.55
7388.3  9982.961
7390.9  9999.831
7393.5  10009.83
7396.1  10205.46
7398.7  10176.07
7401.3  10129.85
7403.9  10370.32
7406.5  10096.73
7409.1  9880.332
7411.7  9866.287
7414.3  9894.131
7416.9  9838.08
7419.5  9694.572
7422.1  9925.907
7424.7  10056.67
7427.3  9963.124
7429.9  10089.94
7432.5  10225.22
7435.1  10154.11
7437.7  10144.98
7440.3  10494.29
7442.9  10302.02
7445.5  10032.69
7448.1  10053.21
7450.7  10185.99
7453.3  10232.11
7455.9  10432.51
7458.5  10464.27
7461.1  10583.36
7463.7  10485.04
7466.3  10170.91
7468.9  10501.37
7471.5  10748.94
7474.1  10673.46
7476.7  10704.87
7479.3  10593.37
7481.9  10242.56
7484.5  10530.13
7487.1  10335.16
7489.7  10380.74
7492.3  10339.97
7494.9  10185.04
7497.5  10273.84
7500.1  10167.75
7502.7  10436.71
7505.3  10459.46
7507.9  10415.01
7510.5  10357.11
7513.1  10159.81
7515.7  10278.68
7518.3  10527.66
7520.9  10535.7
7523.5  10473.52
7526.1  10513.67
7528.7  10662.64
7531.3  10742.08
7533.9  10656.3
7536.5  10288.25
7539.1  10298.7
7541.7  10529.78
7544.3  10385.01
7546.9  10263.08
7549.5  10273.62
7552.1  10361.93
7554.7  10185.99
7557.3  10149.69
7559.9  10429.29
7562.5  10260.92
7565.1  10213.53
7567.7  10441.91
7570.3  10373.24
7572.9  10333.82
7575.5  10204.38
7578.1  10262.57
7580.7  10232.94
7583.3  10217.15
7585.9  10165.27
7588.5  9868.815
7591.1  9461.984
7593.7  8818.062
7596.3  7618.384
7598.9  5803.38
7601.5  4308.371
7604.1  3460.077
7606.7  2932.183
7609.3  3193.99
7611.9  3687.218
7614.5  4554.073
7617.1  5584.274
7619.7  6642.898
7622.3  7056.298
7624.9  6871.39
7627.5  6237.006
7630.1  5625.269
7632.7  5461.647
7635.3  5668.57
7637.9  5795.264
7640.5  6070.623
7643.1  6344.723
7645.7  6693.907
7648.3  6862.886
7650.9  7130.22
7653.5  7524.109
7656.1  7740.341
7658.7  8019.907
7661.3  8253.626
7663.9  8188.42
7666.5  8311.735
7669.1  8413.946
7671.7  8633.929
7674.3  9147.991
7676.9  9369.048
7679.5  9551.154
7682.1  9754.203
7684.7  9678.146
7687.3  9620.499
7689.9  9690.062
7692.5  9341.931
7695.1  9327.645
7697.7  9507.021
7700.3  9391.669
7702.9  9114.411
7705.5  9469.372
7708.1  9663.309
7710.7  9859.706
7713.3  9752.891
7715.9  9560.234
7718.5  9989.894
7721.1  9997.146
7723.7  9766.724
7726.3  9839.747
7728.9  9720.459
7731.5  9874.055
7734.1  9799.883
7736.7  9932.857
7739.3  9742.815
7741.9  9971.23
7744.5  9829.482
7747.1  9555.534
7749.7  9699.561
7752.3  9660.709
7754.9  9981.884
7757.5  10008.21
7760.1  9918.738
7762.7  9932.813
7765.3  9978.351
7767.9  9866.248
7770.5  9879.655
7773.1  10036.3
7775.7  9938.405
7778.3  9667.16
7780.9  9691.22
7783.5  9895.611
7786.1  9780.286
7788.7  9825.342
7791.3  10167.85
7793.9  10179.35
7796.5  10311.27
7799.1  10304.43
7801.7  10195.8
7804.3  10108.84
7806.9  9941.425
7809.5  10134.99
7812.1  10242.84
7814.7  10125.3
7817.3  10525.56
7819.9  10706.41
7822.5  10596.37
7825.1  10625.17
7827.7  10477.87
7830.3  10223.45
7832.9  9745.49
7835.5  9762.444
7838.1  10009.19
7840.7  10097.63
7843.3  10268.85
7845.9  10267.27
7848.5  10318.87
7851.1  10261.38
7853.7  10394.28
7856.3  10406.36
7858.9  10463.03
7861.5  10491.96
7864.1  10316.36
7866.7  10489.21
7869.3  10334.58
7871.9  10227.17
7874.5  10028.61
7877.1  10048.72
7879.7  10153.7
7882.3  9662.979
7884.9  10327.06
7887.5  10288.91
7890.1  10376.86
7892.7  10132.51
7895.3  9941.376
7897.9  9883.037
7900.5  9821.393
7903.1  9719.017
7905.7  9819.237
7908.3  9840.231
7910.9  10057.75
7913.5  10151.59
7916.1  9969.23
7918.7  10017.27
7921.3  9806.958
7923.9  9600.947
7926.5  9696.439
7929.1  10017.19
7931.7  9865.849
7934.3  9722.845
7936.9  9671.023
7939.5  9491.24
7942.1  9441.328
7944.7  9534.681
7947.3  9602.855
7949.9  9608.924
7952.5  9675.028
7955.1  9813.021
7957.7  9829.74
7960.3  9811.504
7962.9  9983.046
7965.5  9807.46
7968.1  9777.821
7970.7  10049.88
7973.3  9945.262
7975.9  9832.157
7978.5  10238.56
7981.1  10106.54
7983.7  9858.128
7986.3  10014.34
7988.9  10049.91
7991.5  9876.542
7994.1  9781.141
7996.7  9729.182
7999.3  9799.507
8001.9  9856.932
8004.5  9718.525
8007.1  9699.351
8009.7  9904.646
8012.3  9902.439
8014.9  9954.229
8017.5  9842.896
8020.1  10070.83
8022.7  10060.92
8025.3  9811.515
8027.9  9501.015
8030.5  9484.371
8033.1  9408.927
8035.7  9794.603
8038.3  9738.294
8040.9  9654.259
8043.5  9618.505
8046.1  9649.912
8048.7  9214.623
8051.3  9438.279
8053.9  9480.25
8056.5  9516.544
8059.1  9464.88
8061.7  9882.108
8064.3  9682.838
8066.9  9706.898
8069.5  9489.52
8072.1  9156.357
8074.7  9320.924
8077.3  9437.118
8079.9  9218.75
8082.5  9410.245
8085.1  9366.632
8087.7  9087.999
8090.3  9137.216
8092.9  9146.723
8095.5  9002.533
8098.1  9155.894
8100.7  9017.22
8103.3  9168.376
8105.9  9328.332
8108.5  9254.389
8111.1  9036.44
8113.7  9198.377
8116.3  9179.232
8118.9  8823.193
8121.5  8820.895
8124.1  8850.683
8126.7  8869.223
8129.3  8955.804
8131.9  8723.81
8134.5  8490.909
8137.1  8616.197
8139.7  8559.568
8142.3  8637.819
8144.9  8624.838
8147.5  8627.511
8150.1  8506.252
8152.7  8378.089
8155.3  8347.266
8157.9  8360.416
8160.5  8325.973
8163.1  8216.693
8165.7  7879.981
8168.3  7905.474
8170.9  8172.151
8173.5  8195.236
8176.1  8363.984
8178.7  8310.558
8181.3  8061.165
8183.9  8031.997
8186.5  8148.68
8189.1  8182.033
8191.7  8190.048
8194.3  8195.406
8196.9  8086.735
8199.5  8192.087
8202.1  8308.407
8204.7  8450.141
8207.3  8671.54
8209.9  8709.179
8212.5  8579.811
8215.1  8650.852
8217.7  8565.143
8220.3  8586.795
8222.9  8492.104
8225.5  8213.392
8228.1  7853.871
8230.7  7591.026
8233.3  7426.635
8235.9  7858.551
8238.5  8346.717
8241.1  8569.097
8243.7  8561.962
8246.3  8668.852
8248.9  8921.84
8251.5  8831.901
8254.1  8866.04
8256.7  8764.236
8259.3  8727.1
8261.9  8463.874
8264.5  8833.143
8267.1  8922.216
8269.7  8860.055
8272.3  8807.257
8274.9  8733.463
8277.5  8258.61
8280.1  8472.974
8282.7  8623.892
8285.3  8654.9
8287.9  8633.404
8290.5  8355.563
8293.1  8362.453
8295.7  8458.917
8298.3  8397.956
8300.9  8681.314
8303.5  8492.16
8306.1  8248.493
8308.7  8195.431
8311.3  8312.999
8313.9  8332.414
8316.5  8319.985
8319.1  8245.925
8321.7  8134.534
8324.3  8063.181
8326.9  8115.533
8329.5  8069.031
8332.1  7959.278
8334.7  8005.317
8337.3  8192.709
8339.9  8423.835
8342.5  8415.291
8345.1  8536.329
8347.7  8465.638
8350.3  8183.227
8352.9  8186.809
8355.5  8410.398
8358.1  8422.738
8360.7  8236.251
8363.3  8226.883
8365.9  8262.097
8368.5  8065.12
8371.1  8152.704
8373.7  8370.586
8376.3  8541.206
8378.9  8548.758
8381.5  8305.187
8384.1  8084.822
8386.7  8077.368
8389.3  7938.922
8391.9  7947.777
8394.5  8334.178
8397.1  8388.666
8399.7  8447.622
8402.3  8459.993
8404.9  8342.916
8407.5  8312.009
8410.1  8378.835
8412.7  8409.654
8415.3  8337.417
8417.9  8344.81
8420.5  8264.163
8423.1  8447.175
8425.7  8281.854
8428.3  8251.446
8430.9  8237.906
8433.5  8345.592
8436.1  8147.006
8438.7  7932.272
8441.3  7960.099
8443.9  8244.528
8446.5  8385.634
8449.1  8254.351
8451.7  8433.393
8454.3  8421.643
8456.9  8488.532
8459.5  8390.312
8462.1  8482.884
8464.7  8539.396
8467.3  8110.233
8469.9  8184.257
8472.5  8066.956
8475.1  8166.472
8477.7  8364.994
8480.3  8462.724
8482.9  8312.97
8485.5  8333.267
8488.1  8352.305
8490.7  8239.21
8493.3  8087.308
8495.9  7857.543
8498.5  7401.97
8501.1  6940.151
8503.7  7218.09
8506.3  7924.549
8508.9  8159.715
8511.5  8092.449
8514.1  7976.275
8516.7  7810.16
8519.3  7884.064
8521.9  7914.379
8524.5  7900.038
8527.1  8013.452
8529.7  7985.262
8532.3  7764.692
8534.9  7701.569
8537.5  7296.675
8540.1  6771.563
8542.7  5962.58
8545.3  5368.52
8547.9  5991.501
8550.5  7093.489
8553.1  7344.757
8555.7  7648.792
8558.3  7521.979
8560.9  7609.667
8563.5  7731.184
8566.1  7637.181
8568.7  7665.426
8571.3  7720.728
8573.9  7735.912
8576.5  7594.048
8579.1  7705.33
8581.7  7621.508
8584.3  7461.655
8586.9  7661.693
8589.5  7691.893
8592.1  7590.497
8594.7  7689.713
8597.3  7571.515
8599.9  7674.5
8602.5  7439.056
8605.1  7594.961
8607.7  7628.261
8610.3  7683.412
8612.9  7485.608
8615.5  7549.046
8618.1  7299.243
8620.7  7437.389
8623.3  7270.314
8625.9  7249.179
8628.5  7422.577
8631.1  7635.961
8633.7  7386.312
8636.3  7376.329
8638.9  7318.536
8641.5  7495.575
8644.1  7394.537
8646.7  7299.313
8649.3  7278.263
8651.9  7280.396
8654.5  7189.498
8657.1  7047.188
8659.7  6537.388
8662.3  6009.072
8664.9  5521.682
8667.5  5654.025
8670.1  6731.312
8672.7  7151.042
8675.3  7083.719
8677.9  7114.777
8680.5  7139.733
8683.1  7147.912
8685.7  7261.276
8688.3  7194.256
8690.9  7015.992
8693.5  7146.15
8696.1  7434.226
8698.7  7392.569
8701.3  7373.875
8703.9  7209.825
8706.5  7347.332
8709.1  7474.16
8711.7  7156.586
8714.3  7160.706
8716.9  7118.25
8719.5  7045.378
8722.1  7079.946
8724.7  7233.23
8727.3  7355.026
8729.9  7168.691
8732.5  7330.85
8735.1  7260.795
8737.7  7247.905
8740.3  7322.141
8742.9  7166.416
8745.5  7171.435
8748.1  7193.246
8750.7  7219.625
8753.3  7254.431
8755.9  7339.015
8758.5  7353.323
8761.1  7413.952
8763.7  7271.495
8766.3  7050.283
8768.9  7124.906
8771.5  7193.055
8774.1  7299.021
8776.7  7030.577
8779.3  7035.937
8781.9  7128.771
8784.5  6998.256
8787.1  7154.814
8789.7  7275.979
8792.3  7123.644
8794.9  7031.913
8797.5  6852.889
8800.1  6923.657
8802.7  7084.657
8805.3  6858.324
8807.9  6423.211
8810.5  6394.954
8813.1  6777.66
8815.7  6819.974
8818.3  7138.193
8820.9  7114.468
8823.5  7156.782
8826.1  7011.169
8828.7  6727.513
8831.3  6621.191
8833.9  6559.573
8836.5  6619.657
8839.1  6614.27
8841.7  6720.32
8844.3  6801.856
8846.9  6888.206
8849.5  6795.201
8852.1  6612.751
8854.7  6688.637
8857.3  6629.067
8859.9  6807.331
8862.5  6760.093
8865.1  6577.75
8867.7  6405.527
8870.3  6393.862
8872.9  6392.438
8875.5  6606.972
8878.1  6771.738
8880.7  6611.017
8883.3  6587.53
8885.9  6589.368
8888.5  6627.857
8891.1  6349.491
8893.7  6290.498
8896.3  6537.08
8898.9  6511.685
8901.5  6456.096
8904.1  6285.967
8906.7  6283.323
8909.3  6220.7
8911.9  6558.007
8914.5  6543.541
8917.1  6437.369
8919.7  6269.549
8922.3  6169.992
8924.9  5517.014
8927.5  5797.003
8930.1  5901.668
8932.7  5930.295
8935.3  5961.222
8937.9  6274.424
8940.5  6255.436
8943.1  6057.067
8945.7  5744.613
8948.3  5436.029
8950.9  5941.424
8953.5  5975.824
8956.1  5883.366
8958.7  5945.918
8961.3  5995.442
8963.9  5202.424
8966.5  5044.283
8969.1  5425.902
8971.7  5412.79
8974.3  5479.736
8976.9  5297.229
8979.5  5276.479
8982.1  5333.821
8984.7  5469.215
8987.3  5179.724
8989.9  4785.609
8992.5  4819.784
8995.1  5326.694
8997.7  5560.514
9000.3  5361.929
9002.9  5135.591
9005.5  4766.8
9008.1  4779.265
9010.7  4749.093
9013.3  4812.084
9015.9  5026.468
9018.5  4976.951
9021.1  5035.998
9023.7  5086.677
9026.3  4868.558
9028.9  4942.491
9031.5  5127.746
9034.1  5380.508
9036.7  5463.642
9039.3  5463.415
9041.9  5669.819
9044.5  5422.343
9047.1  5487.102
9049.7  5510.693
9052.3  5379.06
9054.9  5283.208
9057.5  4997.633
9060.1  5059.1
9062.7  4884.498
9065.3  5176.159
9067.9  5158.78
9070.5  4844.88
9073.1  4713.501
9075.7  4916.062
9078.3  4891.
9080.9  4580.856
9083.5  4529.958
9086.1  4602.767
9088.7  4583.361
9091.3  4470.194
9093.9  4648.027
9096.5  4761.051
9099.1  4618.572
9101.7  4531.819
9104.3  5073.145
9106.9  6507.634
9109.5  4397.023
9112.1  4594.329
9114.7  4909.981
9117.3  4708.798
9119.9  4421.425
9122.5  4551.39
9125.1  4720.318
9127.7  4689.02
9130.3  4446.401
9132.9  4191.792
9135.5  4238.64
9138.1  4245.874
9140.7  4237.71
9143.3  4543.095
9145.9  4592.883
9148.5  4461.252
9151.1  4455.501
9153.7  4290.271
9156.3  3878.543
9158.9  4037.283
9161.5  4335.928
9164.1  4388.89
9166.7  4231.384
9169.3  4267.322
9171.9  4122.106
9174.5  3919.578
9177.1  3921.714
9179.7  3998.348
9182.3  4237.818
9184.9  4157.297
9187.5  4134.222
9190.1  4220.216
9192.7  4312.416
9195.3  4207.614
9197.9  4249.612
9200.5  4353.012
9203.1  4340.843
9205.7  4413.785
9208.3  4245.504
9210.9  3947.61
9213.5  4066.233
9216.1  3996.528
9218.7  3928.251
9221.3  4144.616
9223.9  4315.592
9226.5  4130.735
9229.1  4084.333
9231.7  4010.336
9234.3  4020.446
9236.9  4031.359
9239.5  4029.342
9242.1  3955.39
9244.7  3946.568
9247.3  3869.255
9249.9  3915.415
9252.5  4062.222
9255.1  3897.189
9257.7  3800.536
9260.3  3786.916
9262.9  3697.06
9265.5  3732.836
9268.1  3876.038
9270.7  3872.026
9273.3  3817.929
9275.9  3733.801
9278.5  3709.482
9281.1  3566.681
9283.7  3510.036
9286.3  3475.26
9288.9  3432.498
9291.5  3218.59
9294.1  3155.961
9296.7  3032.978
9299.3  3349.352
9301.9  3419.306
9304.5  3302.123
9307.1  3039.069
9309.7  3064.909
9312.3  2726.866
9314.9  2757.246
9317.5  2444.389
9320.1  2132.045
9322.7  2372.309
9325.3  2392.392
9327.9  2336.415
9330.5  2310.714
9333.1  2453.293
9335.7  2339.554
9338.3  2159.932
9340.9  1951.277
9343.5  1798.07
9346.1  1723.749
9348.7  2039.957
9351.3  2249.961
9353.9  2396.413
9356.5  2050.132
9359.1  1896.135
9361.7  2064.201
9364.3  2372.019
9366.9  2185.191
9369.5  2351.761
9372.1  2048.872
9374.7  2017.049
9377.3  2365.699
9379.9  2244.146
9382.5  1819.53
9385.1  2101.042
9387.7  2446.933
9390.3  2725.029
9392.9  2870.729
9395.5  2821.569
9398.1  2827.227
9400.7  2651.867
9403.3  2448.536
9405.9  2506.942
9408.5  2586.02
9411.1  2401.828
9413.7  2394.443
9416.3  2492.613
9418.9  2503.867
9421.5  2528.03
9424.1  2364.397
9426.7  2149.621
9429.3  1875.112
9431.9  1960.
9434.5  2169.74
9437.1  2409.494
9439.7  2101.034
9442.3  2004.199
9444.9  1834.978
9447.5  2111.093
9450.1  2262.854
9452.7  2312.425
9455.3  2211.563
9457.9  1935.49
9460.5  1828.068
9463.1  2007.824
9465.7  2230.039
9468.3  2303.066
9470.9  2443.806
9473.5  2337.76
9476.1  2386.917
9478.7  2319.968
9481.3  2141.909
9483.9  2049.408
9486.5  2085.308
9489.1  2343.92
9491.7  2436.636
9494.3  2243.78
9496.9  1868.763
9499.5  1741.78
9502.1  1808.328
9504.7  1938.322
9507.3  2337.543
9509.9  2513.057
9512.5  2394.594
9515.1  2204.948
9517.7  2076.367
9520.3  1932.949
9522.9  1882.086
9525.5  1967.392
9528.1  2096.612
9530.7  2210.124
9533.3  2310.375
9535.9  2412.896
9538.5  2338.273
9541.1  2148.458
9543.7  2020.798
9546.3  1889.573
9548.9  1965.
9551.5  2130.557
9554.1  2128.301
9556.7  2023.966
9559.3  1964.708
9561.9  2094.218
9564.5  2063.799
9567.1  1937.569
9569.7  1954.182
9572.3  2078.328
9574.9  2244.766
9577.5  2296.934
9580.1  2272.148
9582.7  2163.733
9585.3  2085.388
9587.9  2112.647
9590.5  2068.716
9593.1  1938.293
9595.7  2015.06
9598.3  1963.927
9600.9  1995.681
9603.5  2169.23
9606.1  2133.328
9608.7  2136.93
9611.3  2198.998
9613.9  2225.39
9616.5  2255.117
9619.1  2242.802
9621.7  2094.841
9624.3  2015.216
9626.9  2049.186
9629.5  2134.958
9632.1  2208.989
9634.7  2153.865
9637.3  2108.901
9639.9  2012.168
9642.5  2101.729
9645.1  2144.919
9647.7  2151.648
9650.3  2129.179
9652.9  2177.512
9655.5  2219.519
9658.1  2082.217
9660.7  1963.283
9663.3  1890.213
9665.9  2011.651
9668.5  2064.453
9671.1  2321.033
9673.7  2134.597
9676.3  2182.563
9678.9  2288.925
9681.5  2185.239
9684.1  2226.509
9686.7  2334.379
9689.3  2272.093
9691.9  2127.709
9694.5  2061.695
9697.1  2165.312
9699.7  2194.963
9702.3  2215.244
9704.9  2237.454
9707.5  2228.592
9710.1  2167.331
9712.7  2014.549
9715.3  2189.642
9717.9  2140.583
9720.5  2104.289
9723.1  2063.967
9725.7  2041.874
9728.3  1931.493
9730.9  1938.614
9733.5  2028.921
9736.1  1894.757
9738.7  1966.276
9741.3  1997.52
9743.9  2029.239
9746.5  1994.888
9749.1  1863.912
9751.7  1872.897
9754.3  1827.533
9756.9  1781.071
9759.5  1861.228
9762.1  1883.58
9764.7  1875.531
9767.3  1872.557
9769.9  1853.131
9772.5  1901.152
9775.1  1915.632
9777.7  1979.911
9780.3  1889.857
9782.9  1632.402
9785.5  1611.583
9788.1  1548.968
9790.7  1546.08
9793.3  1573.298
9795.9  1832.639
9798.5  1939.121
9801.1  1808.667
9803.7  1843.921
9806.3  1852.664
9808.9  1884.363
9811.5  1944.82
9814.1  1940.223
9816.7  1843.846
9819.3  1842.991
9821.9  1780.167
9824.5  1800.002
9827.1  1721.102
9829.7  1667.654
9832.3  1694.322
9834.9  1738.463
9837.5  1745.732
9840.1  1750.735
9842.7  1788.823
9845.3  1723.229
9847.9  1822.582
9850.5  1822.724
9853.1  1838.723
9855.7  1763.566
9858.3  1763.8
9860.9  1663.548
9863.5  1492.682
9866.1  1399.289
9868.7  1638.982
9871.3  1711.724
9873.9  1702.935
9876.5  1968.178
9879.1  2006.004
9881.7  1836.24
9884.3  1693.097
9886.9  1582.51
9889.5  1459.491
9892.1  1523.243
9894.7  1624.756
9897.3  1659.131
9899.9  1798.179
9902.5  1681.467
9905.1  1471.456
9907.7  1307.048
9910.3  1324.524
9912.9  1592.141
9915.5  1654.442
9918.1  1863.684
9920.7  1883.615
9923.3  1930.386
9925.9  1574.883
9928.5  1424.611
9931.1  1437.532
9933.7  1368.161
9936.3  1174.77
9938.9  1154.885
9941.5  1120.784
9944.1  1349.994
9946.7  1720.17
9949.3  1690.419
9951.9  1585.316
9954.5  1565.592
9957.1  1471.462
9959.7  1579.672
9962.3  1601.482
9964.9  1515.671
9967.5  1504.666
9970.1  1548.526
9972.7  1420.706
9975.3  1372.751
9977.9  1441.276
9980.5  1460.071
9983.1  1459.02
9985.7  1399.309
9988.3  1316.964
9990.9  1280.497
9993.5  1217.032
9996.1  1227.607
9998.7  1231.468
