3501.3  0.
3503.9  0.
3506.5  0.
3509.1  0.
3511.7  0.
3514.3  0.
3516.9  0.
3519.5  17.45298
3522.1  11.43846
3524.7  15.3887
3527.3  18.42619
3529.9  10.20707
3532.5  18.7228
3535.1  10.25672
3537.7  13.85591
3540.3  26.29486
3542.9  26.08297
3545.5  10.47085
3548.1  12.39661
3550.7  38.87926
3553.3  35.36679
3555.9  45.69897
3558.5  55.10584
3561.1  36.64474
3563.7  28.95883
3566.3  40.77357
3568.9  33.51813
3571.5  64.83582
3574.1  71.51308
3576.7  37.92332
3579.3  3.411297
3581.9  42.61572
3584.5  -7.302934
3587.1  12.35739
3589.7  25.87932
3592.3  25.63281
3594.9  -3.081072
3597.5  -24.97548
3600.1  -10.64115
3602.7  -3.572399
3605.3  -39.49176
3607.9  -15.43324
3610.5  -27.302
3613.1  14.45906
3615.7  5.376002
3618.3  26.16786
3620.9  6.441127
3623.5  -2.094631
3626.1  17.08206
3628.7  -39.77893
3631.3  -10.99212
3633.9  6.713042
3636.5  -14.30513
3639.1  -35.00227
3641.7  5.280048
3644.3  2.657374
3646.9  -3.318415
3649.5  -6.723653
3652.1  -6.691531
3654.7  -40.69772
3657.3  12.11789
3659.9  47.45305
3662.5  15.97623
3665.1  18.58717
3667.7  -5.638938
3670.3  -39.61908
3672.9  -4.984094
3675.5  -6.243936
3678.1  -3.816825
3680.7  37.37549
3683.3  -5.951878
3685.9  -6.08554
3688.5  -27.39314
3691.1  -10.17741
3693.7  -11.5302
3696.3  18.16238
3698.9  -29.56335
3701.5  17.79031
3704.1  -6.746601
3706.7  32.63325
3709.3  -9.431075
3711.9  4.339731
3714.5  -19.23798
3717.1  32.96516
3719.7  -26.26077
3722.3  27.92027
3724.9  3.79011
3727.5  47.13613
3730.1  32.33932
3732.7  30.73127
3735.3  29.18569
3737.9  25.78132
3740.5  -6.944914
3743.1  -42.96418
3745.7  25.98675
3748.3  42.4329
3750.9  70.15295
3753.5  32.61858
3756.1  -12.04535
3758.7  55.68648
3761.3  11.92236
3763.9  -9.060081
3766.5  -7.501823
3769.1  7.381459
3771.7  9.785387
3774.3  16.80483
3776.9  7.446453
3779.5  20.90069
3782.1  -32.96237
3784.7  28.2268
3787.3  -0.2058455
3789.9  12.6381
3792.5  12.38949
3795.1  7.403508
3797.7  -20.68169
3800.3  -7.56062
3802.9  0.8992704
3805.5  46.04714
3808.1  7.463994
3810.7  2.193789
3813.3  -16.1563
3815.9  46.79852
3818.5  -9.898431
3821.1  36.66351
3823.7  1.325849
3826.3  3.345205
3828.9  5.437991
3831.5  11.65886
3834.1  5.883367
3836.7  -9.572719
3839.3  29.00437
3841.9  -10.08512
3844.5  26.44353
3847.1  27.99814
3849.7  -2.88874
3852.3  13.15413
3854.9  20.47914
3857.5  4.694458
3860.1  -3.999738
3862.7  23.22931
3865.3  48.7781
3867.9  -2.048367
3870.5  -20.62588
3873.1  15.81392
3875.7  10.53752
3878.3  3.88656
3880.9  18.2482
3883.5  1.982304
3886.1  73.72405
3888.7  -14.90758
3891.3  17.07937
3893.9  -10.05373
3896.5  -3.522716
3899.1  -8.815634
3901.7  18.52415
3904.3  19.16021
3906.9  0.4654619
3909.5  -31.10047
3912.1  10.44096
3914.7  3.092596
3917.3  14.6116
3919.9  31.93908
3922.5  6.815993
3925.1  -18.1092
3927.7  -14.63847
3930.3  -5.925531
3932.9  -12.81048
3935.5  -16.74128
3938.1  -12.83148
3940.7  -16.9564
3943.3  -4.566146
3945.9  -11.03288
3948.5  0.04237797
3951.1  11.46516
3953.7  21.48863
3956.3  9.404511
3958.9  24.12393
3961.5  27.16235
3964.1  0.07081752
3966.7  15.7762
3969.3  22.60685
3971.9  16.96189
3974.5  -19.87481
3977.1  35.13277
3979.7  20.95594
3982.3  25.30204
3984.9  -1.553538
3987.5  -0.7318735
3990.1  -17.90142
3992.7  14.06112
3995.3  6.309235
3997.9  -8.463596
4000.5  -1.677939
4003.1  -21.9784
4005.7  -1.954337
4008.3  21.05125
4010.9  7.267845
4013.5  24.9786
4016.1  -28.46625
4018.7  4.255444
4021.3  -27.06639
4023.9  -14.81462
4026.5  -3.095933
4029.1  -28.33523
4031.7  -24.80964
4034.3  8.893761
4036.9  17.22368
4039.5  3.13495
4042.1  19.08943
4044.7  4.956411
4047.3  38.92682
4049.9  21.07317
4052.5  -1.67889
4055.1  5.655284
4057.7  46.20231
4060.3  35.77063
4062.9  60.20744
4065.5  46.07921
4068.1  -8.861197
4070.7  47.37337
4073.3  15.23491
4075.9  -8.565579
4078.5  47.05359
4081.1  17.83792
4083.7  10.95578
4086.3  24.80033
4088.9  -22.56072
4091.5  22.77745
4094.1  11.54605
4096.7  52.08289
4099.3  59.72128
4101.9  11.03668
4104.5  33.70263
4107.1  29.51631
4109.7  21.94832
4112.3  0.3675821
4114.9  -17.81441
4117.5  6.94017
4120.1  -25.94272
4122.7  15.04587
4125.3  17.76649
4127.9  32.54184
4130.5  13.47888
4133.1  11.74854
4135.7  16.67235
4138.3  -11.55742
4140.9  38.2258
4143.5  14.27825
4146.1  -32.52359
4148.7  -13.77137
4151.3  27.36073
4153.9  7.004638
4156.5  -4.500234
4159.1  0.5664898
4161.7  0.638625
4164.3  -11.25054
4166.9  10.48196
4169.5  1.838777
4172.1  9.077402
4174.7  6.231552
4177.3  -42.88658
4179.9  8.409935
4182.5  23.60515
4185.1  -25.81656
4187.7  -14.74517
4190.3  -18.33609
4192.9  6.811802
4195.5  -3.209014
4198.1  31.47706
4200.7  -5.468427
4203.3  -7.217614
4205.9  -12.80126
4208.5  35.17602
4211.1  35.84389
4213.7  26.68405
4216.3  6.833399
4218.9  -23.84064
4221.5  -4.373852
4224.1  -14.79321
4226.7  -8.079847
4229.3  -21.7851
4231.9  -5.258977
4234.5  14.89685
4237.1  -0.0506944
4239.7  -11.62705
4242.3  -17.50898
4244.9  9.553116
4247.5  20.78607
4250.1  5.202605
4252.7  28.01223
4255.3  -20.5817
4257.9  -12.51148
4260.5  6.41018
4263.1  -33.38235
4265.7  -9.753803
4268.3  -20.77135
4270.9  -30.23626
4273.5  -3.232169
4276.1  17.15971
4278.7  10.64411
4281.3  28.71277
4283.9  16.78901
4286.5  14.89058
4289.1  14.49578
4291.7  0.01579073
4294.3  9.59453
4296.9  9.319086
4299.5  -9.04778
4302.1  10.64626
4304.7  -8.64673
4307.3  4.262068
4309.9  -10.8555
4312.5  -17.29044
4315.1  2.55901
4317.7  15.89874
4320.3  -1.208692
4322.9  -1.643853
4325.5  35.06739
4328.1  25.72832
4330.7  21.23924
4333.3  19.73085
4335.9  -4.627131
4338.5  44.31225
4341.1  15.61173
4343.7  6.251247
4346.3  32.82336
4348.9  -16.17142
4351.5  18.90467
4354.1  25.42076
4356.7  26.35242
4359.3  33.4668
4361.9  20.99059
4364.5  4.540485
4367.1  -6.25731
4369.7  -12.24555
4372.3  -33.01686
4374.9  1.082298
4377.5  20.52826
4380.1  15.15069
4382.7  -17.61283
4385.3  -26.21401
4387.9  -12.46457
4390.5  1.30988
4393.1  1.363024
4395.7  10.47871
4398.3  -3.078625
4400.9  -27.42797
4403.5  11.62857
4406.1  -9.022662
4408.7  -12.95395
4411.3  2.93589
4413.9  13.4628
4416.5  -22.77398
4419.1  -17.15017
4421.7  6.666708
4424.3  17.46161
4426.9  -10.71238
4429.5  -5.401626
4432.1  -5.322657
4434.7  14.66975
4437.3  8.638074
4439.9  -28.18167
4442.5  -3.878794
4445.1  8.219953
4447.7  -9.125791
4450.3  12.35351
4452.9  -7.503451
4455.5  -6.347272
4458.1  12.6781
4460.7  23.65563
4463.3  -0.7922968
4465.9  3.626518
4468.5  6.732631
4471.1  -3.243156
4473.7  10.04032
4476.3  -27.50334
4478.9  18.22928
4481.5  34.21939
4484.1  9.472432
4486.7  16.6793
4489.3  7.652868
4491.9  8.758342
4494.5  -9.678174
4497.1  15.76359
4499.7  8.333489
4502.3  5.973217
4504.9  -20.5066
4507.5  -1.926459
4510.1  -10.48773
4512.7  -24.8058
4515.3  -7.618066
4517.9  5.320365
4520.5  16.54236
4523.1  16.45319
4525.7  21.6457
4528.3  16.6072
4530.9  2.133885
4533.5  -11.9437
4536.1  -13.99961
4538.7  -8.073667
4541.3  4.951987
4543.9  -10.52082
4546.5  -11.0461
4549.1  5.126771
4551.7  -6.153625
4554.3  -15.44218
4556.9  8.642956
4559.5  -15.5737
4562.1  0.7032713
4564.7  -5.945038
4567.3  -33.92219
4569.9  -0.09490889
4572.5  -6.87172
4575.1  37.49932
4577.7  -21.82941
4580.3  -5.497798
4582.9  -10.637
4585.5  -6.645166
4588.1  -35.18699
4590.7  -16.44733
4593.3  -21.94739
4595.9  -4.995093
4598.5  24.59848
4601.1  -2.18927
4603.7  1.852265
4606.3  0.5291492
4608.9  -18.16886
4611.5  -24.00581
4614.1  -24.84924
4616.7  -31.77142
4619.3  -12.40954
4621.9  -2.916366
4624.5  -24.68216
4627.1  -12.82372
4629.7  1.312259
4632.3  -39.83654
4634.9  -38.80325
4637.5  -16.16469
4640.1  -9.37447
4642.7  -3.39424
4645.3  4.686965
4647.9  0.9673575
4650.5  -31.29398
4653.1  -17.40365
4655.7  -22.79092
4658.3  -24.83587
4660.9  -10.49863
4663.5  -23.61102
4666.1  -21.54458
4668.7  -11.71424
4671.3  -33.67052
4673.9  -36.12743
4676.5  -25.78386
4679.1  -23.19773
4681.7  -12.03591
4684.3  -8.902291
4686.9  -17.34719
4689.5  -9.404243
4692.1  -25.06403
4694.7  -12.55658
4697.3  -25.39259
4699.9  -19.16279
4702.5  -17.08524
4705.1  -16.05051
4707.7  -6.942728
4710.3  6.947773
4712.9  -12.00393
4715.5  -27.37871
4718.1  -8.105165
4720.7  -28.1287
4723.3  -14.98028
4725.9  -18.22241
4728.5  -7.473706
4731.1  -16.55131
4733.7  -8.400318
4736.3  2.562116
4738.9  -20.44636
4741.5  8.691061
4744.1  -15.39154
4746.7  -29.9712
4749.3  -26.75841
4751.9  15.15973
4754.5  -16.72734
4757.1  2.411629
4759.7  17.72734
4762.3  -15.33356
4764.9  4.805436
4767.5  -27.29662
4770.1  16.39559
4772.7  13.19871
4775.3  -3.62607
4777.9  19.90831
4780.5  45.20253
4783.1  -7.478829
4785.7  2.290599
4788.3  15.69225
4790.9  3.703678
4793.5  31.75296
4796.1  26.85361
4798.7  8.798636
4801.3  1.699982
4803.9  -1.907537
4806.5  54.18029
4809.1  20.5124
4811.7  32.22005
4814.3  30.34554
4816.9  31.63985
4819.5  29.24009
4822.1  45.32738
4824.7  33.81636
4827.3  39.63714
4829.9  26.21703
4832.5  48.51431
4835.1  68.04435
4837.7  90.41402
4840.3  71.26931
4842.9  52.25581
4845.5  67.3269
4848.1  65.89635
4850.7  88.02707
4853.3  122.9603
4855.9  57.97128
4858.5  76.81133
4861.1  58.19437
4863.7  45.09615
4866.3  116.1635
4868.9  154.8598
4871.5  85.95702
4874.1  101.2541
4876.7  164.7222
4879.3  186.0326
4881.9  162.5291
4884.5  164.572
4887.1  82.93462
4889.7  170.7814
4892.3  107.6355
4894.9  124.2986
4897.5  238.5865
4900.1  187.926
4902.7  186.9111
4905.3  198.0716
4907.9  142.7799
4910.5  205.0328
4913.1  209.793
4915.7  256.4939
4918.3  242.5445
4920.9  211.1172
4923.5  186.0885
4926.1  311.3694
4928.7  301.8392
4931.3  272.323
4933.9  219.134
4936.5  187.1162
4939.1  175.0058
4941.7  170.9386
4944.3  241.0813
4946.9  255.0999
4949.5  288.2508
4952.1  358.0099
4954.7  306.5119
4957.3  355.1658
4959.9  306.8172
4962.5  280.6718
4965.1  367.5423
4967.7  342.6091
4970.3  383.1594
4972.9  315.5423
4975.5  360.589
4978.1  332.9903
4980.7  339.2414
4983.3  340.3685
4985.9  269.0243
4988.5  346.2139
4991.1  295.3503
4993.7  352.9349
4996.3  450.4698
4998.9  455.5168
5001.5  492.9609
5004.1  448.8665
5006.7  374.6694
5009.3  480.6089
5011.9  432.3425
5014.5  471.9642
5017.1  474.7754
5019.7  478.5081
5022.3  436.7998
5024.9  421.9181
5027.5  468.8174
5030.1  620.9139
5032.7  523.0475
5035.3  631.2398
5037.9  548.16
5040.5  602.1685
5043.1  434.5158
5045.7  612.0119
5048.3  722.7319
5050.9  653.8345
5053.5  602.4016
5056.1  522.2907
5058.7  639.8877
5061.3  709.2563
5063.9  662.4462
5066.5  692.4514
5069.1  592.5419
5071.7  677.0408
5074.3  806.8176
5076.9  608.7148
5079.5  663.2693
5082.1  753.8333
5084.7  720.0061
5087.3  696.5434
5089.9  747.1312
5092.5  790.0634
5095.1  784.215
5097.7  785.3774
5100.3  746.5223
5102.9  668.8224
5105.5  796.054
5108.1  786.5843
5110.7  706.2719
5113.3  749.4028
5115.9  832.5573
5118.5  756.966
5121.1  923.9486
5123.7  719.5052
5126.3  773.9498
5128.9  741.8556
5131.5  829.2393
5134.1  911.4149
5136.7  864.6054
5139.3  763.2933
5141.9  801.9713
5144.5  794.7302
5147.1  901.8585
5149.7  935.7451
5152.3  844.8903
5154.9  882.3059
5157.5  939.5069
5160.1  977.442
5162.7  995.7582
5165.3  981.5704
5167.9  828.9412
5170.5  763.4927
5173.1  951.4554
5175.7  954.1188
5178.3  1003.187
5180.9  1039.948
5183.5  1014.648
5186.1  877.0487
5188.7  984.4679
5191.3  1092.554
5193.9  1079.823
5196.5  1158.942
5199.1  1099.142
5201.7  1205.378
5204.3  1193.234
5206.9  1140.838
5209.5  1160.031
5212.1  1185.369
5214.7  1160.162
5217.3  1295.153
5219.9  1242.47
5222.5  1387.945
5225.1  1278.625
5227.7  1264.564
5230.3  1117.44
5232.9  1401.028
5235.5  1442.799
5238.1  1360.617
5240.7  1598.216
5243.3  1531.542
5245.9  1544.671
5248.5  1507.945
5251.1  1565.496
5253.7  1480.171
5256.3  1436.528
5258.9  1600.569
5261.5  1669.517
5264.1  1432.365
5266.7  1435.833
5269.3  1284.092
5271.9  1236.986
5274.5  1416.391
5277.1  1566.426
5279.7  1611.288
5282.3  1869.87
5284.9  1878.783
5287.5  1731.257
5290.1  1702.3
5292.7  1790.469
5295.3  1776.383
5297.9  1730.593
5300.5  1754.925
5303.1  1633.172
5305.7  1838.118
5308.3  1771.575
5310.9  1861.786
5313.5  2012.553
5316.1  1862.37
5318.7  1860.38
5321.3  1866.044
5323.9  1996.485
5326.5  1841.657
5329.1  1892.283
5331.7  1756.071
5334.3  1808.772
5336.9  2027.872
5339.5  2081.964
5342.1  2159.023
5344.7  2011.332
5347.3  2091.644
5349.9  2217.82
5352.5  2123.468
5355.1  2152.396
5357.7  2374.341
5360.3  2609.337
5362.9  2469.521
5365.5  2105.315
5368.1  1981.83
5370.7  2295.28
5373.3  2157.271
5375.9  2201.153
5378.5  2439.061
5381.1  2436.565
5383.7  2369.142
5386.3  2484.861
5388.9  2252.417
5391.5  2233.198
5394.1  2245.445
5396.7  2375.116
5399.3  2327.784
5401.9  2447.659
5404.5  2359.653
5407.1  2500.22
5409.7  2462.72
5412.3  2429.38
5414.9  2582.62
5417.5  2671.859
5420.1  2739.931
5422.7  2903.515
5425.3  2657.623
5427.9  2538.985
5430.5  2664.564
5433.1  2852.615
5435.7  2781.443
5438.3  2597.574
5440.9  2712.281
5443.5  2843.043
5446.1  2971.705
5448.7  2519.948
5451.3  2679.907
5453.9  3283.139
5456.5  3357.303
5459.1  2707.09
5461.7  3086.954
5464.3  3097.217
5466.9  2685.047
5469.5  3037.791
5472.1  2776.756
5474.7  3034.396
5477.3  2774.375
5479.9  2764.015
5482.5  2747.168
5485.1  2844.098
5487.7  2717.25
5490.3  3138.875
5492.9  3173.017
5495.5  3083.634
5498.1  3144.886
5500.7  3125.112
5503.3  3372.523
5505.9  3365.457
5508.5  3225.008
5511.1  3352.188
5513.7  3226.489
5516.3  3260.232
5518.9  3240.979
5521.5  3455.566
5524.1  3847.026
5526.7  3718.356
5529.3  3487.141
5531.9  3521.846
5534.5  3614.804
5537.1  4046.334
5539.7  3699.745
5542.3  3867.715
5544.9  3890.224
5547.5  3883.08
5550.1  3959.5
5552.7  3989.835
5555.3  4024.07
5557.9  3934.867
5560.5  3760.562
5563.1  3919.09
5565.7  3962.631
5568.3  4063.837
5570.9  4879.876
5573.5  4975.244
5576.1  3864.747
5578.7  3441.631
5581.3  2592.958
5583.9  2198.249
5586.5  3576.164
5589.1  3505.146
5591.7  3313.337
5594.3  3513.689
5596.9  3705.617
5599.5  3710.342
5602.1  3707.642
5604.7  3791.099
5607.3  3789.882
5609.9  3917.847
5612.5  3985.328
5615.1  4022.443
5617.7  3887.424
5620.3  3830.3
5622.9  4126.209
5625.5  4225.129
5628.1  4180.709
5630.7  4255.8
5633.3  4602.21
5635.9  4698.222
5638.5  4657.328
5641.1  4791.14
5643.7  4735.75
5646.3  4427.28
5648.9  4807.651
5651.5  5134.261
5654.1  4975.159
5656.7  4935.14
5659.3  4952.623
5661.9  4974.919
5664.5  4996.21
5667.1  5067.702
5669.7  5045.624
5672.3  5095.354
5674.9  5134.268
5677.5  5276.545
5680.1  5649.072
5682.7  5315.766
5685.3  5293.954
5687.9  5064.538
5690.5  5122.437
5693.1  5283.578
5695.7  5358.102
5698.3  5581.358
5700.9  5325.824
5703.5  4991.389
5706.1  4696.465
5708.7  4859.948
5711.3  4830.779
5713.9  4868.22
5716.5  5173.778
5719.1  5460.619
5721.7  5543.776
5724.3  5647.037
5726.9  5962.572
5729.5  5909.346
5732.1  5683.456
5734.7  5944.401
5737.3  5917.189
5739.9  5868.593
5742.5  6062.962
5745.1  6152.962
5747.7  5968.572
5750.3  5993.378
5752.9  6115.792
5755.5  6189.353
5758.1  6173.407
5760.7  6345.354
5763.3  6346.456
5765.9  6333.679
5768.5  6556.988
5771.1  6858.005
5773.7  6636.722
5776.3  6624.169
5778.9  6268.039
5781.5  6328.852
5784.1  5638.501
5786.7  5600.164
5789.3  6121.428
5791.9  6508.189
5794.5  6590.176
5797.1  6497.36
5799.7  6477.374
5802.3  6613.06
5804.9  6455.598
5807.5  6641.095
5810.1  6758.21
5812.7  6851.105
5815.3  6950.085
5817.9  7095.734
5820.5  7112.441
5823.1  7196.264
5825.7  7292.096
5828.3  7451.762
5830.9  7378.073
5833.5  7484.563
5836.1  7410.95
5838.7  7290.44
5841.3  7498.936
5843.9  7683.375
5846.5  7792.982
5849.1  7699.946
5851.7  7581.269
5854.3  7726.108
5856.9  7643.875
5859.5  7655.672
5862.1  7794.864
5864.7  8344.898
5867.3  8167.031
5869.9  8266.359
5872.5  8073.593
5875.1  8450.986
5877.7  8458.74
5880.3  8440.961
5882.9  8303.356
5885.5  7971.167
5888.1  7949.664
5890.7  7474.889
5893.3  6132.426
5895.9  5986.139
5898.5  6585.396
5901.1  6800.982
5903.7  7695.864
5906.3  8002.815
5908.9  8234.073
5911.5  8417.367
5914.1  8266.656
5916.7  7795.229
5919.3  8282.759
5921.9  8355.598
5924.5  8027.127
5927.1  8179.698
5929.7  8213.4
5932.3  8452.081
5934.9  8440.197
5937.5  8382.159
5940.1  8395.85
5942.7  8807.185
5945.3  8395.608
5947.9  8496.703
5950.5  8528.599
5953.1  8420.053
5955.7  8704.6
5958.3  8674.033
5960.9  8663.161
5963.5  8944.762
5966.1  9368.667
5968.7  9275.602
5971.3  9289.984
5973.9  9620.324
5976.5  9705.14
5979.1  9425.008
5981.7  9749.326
5984.3  9428.653
5986.9  9614.398
5989.5  9689.721
5992.1  10115.24
5994.7  10004.51
5997.3  10172.79
5999.9  10130.14
6002.5  9876.485
6005.1  10318.07
6007.7  10365.78
6010.3  10322.55
6012.9  10229.9
6015.5  9928.111
6018.1  10071.18
6020.7  10320.26
6023.3  10256.49
6025.9  10250.39
6028.5  10290.21
6031.1  10575.71
6033.7  10632.49
6036.3  10692.44
6038.9  11020.54
6041.5  10822.59
6044.1  10663.71
6046.7  10905.29
6049.3  10965.4
6051.9  10832.43
6054.5  10799.5
6057.1  10726.63
6059.7  10527.76
6062.3  10678.73
6064.9  10762.06
6067.5  10730.2
6070.1  10603.28
6072.7  11314.3
6075.3  11425.35
6077.9  11773.58
6080.5  11115.43
6083.1  11259.71
6085.7  11376.12
6088.3  11341.4
6090.9  11288.68
6093.5  11400.78
6096.1  11434.81
6098.7  11454.94
6101.3  12055.76
6103.9  11802.39
6106.5  11667.8
6109.1  11930.43
6111.7  12191.55
6114.3  12261.25
6116.9  12398.75
6119.5  12477.98
6122.1  12157.76
6124.7  11832.97
6127.3  11931.79
6129.9  12228.95
6132.5  12308.89
6135.1  12339.99
6137.7  12218.57
6140.3  11618.24
6142.9  11465.38
6145.5  12444.86
6148.1  12408.86
6150.7  12544.06
6153.3  12147.55
6155.9  12178.
6158.5  12313.74
6161.1  12100.25
6163.7  11679.06
6166.3  11214.88
6168.9  11327.45
6171.5  11655.18
6174.1  11310.06
6176.7  11634.22
6179.3  12244.39
6181.9  12537.06
6184.5  12282.16
6187.1  12570.44
6189.7  12651.64
6192.3  11956.98
6194.9  12083.65
6197.5  12341.47
6200.1  12853.83
6202.7  12659.87
6205.3  12753.2
6207.9  12782.97
6210.5  13105.43
6213.1  13288.76
6215.7  12977.22
6218.3  12873.08
6220.9  13305.13
6223.5  13686.69
6226.1  13565.65
6228.7  14146.86
6231.3  14266.23
6233.9  13751.54
6236.5  14006.05
6239.1  14305.39
6241.7  14438.97
6244.3  14222.6
6246.9  14028.06
6249.5  14221.64
6252.1  14920.06
6254.7  14576.63
6257.3  14015.58
6259.9  14101.5
6262.5  14025.69
6265.1  14595.06
6267.7  15166.26
6270.3  15012.5
6272.9  14941.17
6275.5  15014.66
6278.1  15062.04
6280.7  14279.6
6283.3  13533.87
6285.9  12843.11
6288.5  13168.71
6291.1  13842.44
6293.7  14665.17
6296.3  15838.87
6298.9  15976.51
6301.5  15097.95
6304.1  14865.01
6306.7  15726.02
6309.3  15456.54
6311.9  15558.56
6314.5  15351.07
6317.1  15220.62
6319.7  15064.92
6322.3  15107.49
6324.9  15749.32
6327.5  16039.25
6330.1  16705.83
6332.7  16282.89
6335.3  16316.4
6337.9  16258.07
6340.5  16194.17
6343.1  16019.89
6345.7  16190.61
6348.3  16070.08
6350.9  16835.81
6353.5  16719.07
6356.1  16963.38
6358.7  16633.21
6361.3  16890.72
6363.9  16939.56
6366.5  16412.44
6369.1  16621.58
6371.7  17559.96
6374.3  17979.54
6376.9  18331.3
6379.5  18383.16
6382.1  17932.04
6384.7  17820.29
6387.3  18867.82
6389.9  19157.48
6392.5  19018.34
6395.1  19164.36
6397.7  18276.32
6400.3  18579.39
6402.9  18567.66
6405.5  18206.79
6408.1  18942.58
6410.7  19027.16
6413.3  17932.43
6415.9  18918.92
6418.5  18936.23
6421.1  19579.09
6423.7  19085.71
6426.3  19047.44
6428.9  19455.49
6431.5  19766.29
6434.1  19546.28
6436.7  19221.57
6439.3  19560.95
6441.9  19422.38
6444.5  19343.9
6447.1  19805.85
6449.7  19577.96
6452.3  18666.97
6454.9  18602.8
6457.5  19215.39
6460.1  19374.65
6462.7  19733.37
6465.3  19930.54
6467.9  19872.05
6470.5  20227.9
6473.1  20315.22
6475.7  20444.95
6478.3  20531.31
6480.9  20907.02
6483.5  20548.72
6486.1  20323.86
6488.7  20729.04
6491.3  21236.87
6493.9  20814.38
6496.5  19518.63
6499.1  19101.45
6501.7  19573.7
6504.3  20828.24
6506.9  21689.
6509.5  21929.47
6512.1  22092.17
6514.7  22641.71
6517.3  22276.8
6519.9  22470.78
6522.5  22005.34
6525.1  21936.37
6527.7  22290.59
6530.3  22386.81
6532.9  22202.13
6535.5  21959.5
6538.1  22426.26
6540.7  22268.15
6543.3  23108.1
6545.9  22896.02
6548.5  22744.3
6551.1  22597.58
6553.7  22770.15
6556.3  23066.44
6558.9  22415.34
6561.5  22139.24
6564.1  20789.26
6566.7  19301.4
6569.3  20881.34
6571.9  23325.16
6574.5  23219.01
6577.1  23348.23
6579.7  23639.2
6582.3  23956.96
6584.9  24244.33
6587.5  23926.15
6590.1  23627.27
6592.7  23762.32
6595.3  23285.29
6597.9  22776.93
6600.5  23955.7
6603.1  24251.27
6605.7  24378.96
6608.3  24230.79
6610.9  24001.93
6613.5  23601.37
6616.1  24020.71
6618.7  24834.69
6621.3  25195.
6623.9  26076.5
6626.5  25320.53
6629.1  25436.11
6631.7  25752.32
6634.3  25792.36
6636.9  25622.89
6639.5  25791.58
6642.1  26069.51
6644.7  26477.28
6647.3  26075.15
6649.9  26527.38
6652.5  26720.77
6655.1  26339.35
6657.7  26760.16
6660.3  27109.26
6662.9  27116.29
6665.5  27021.26
6668.1  26819.43
6670.7  26959.28
6673.3  27600.49
6675.9  27659.71
6678.5  28338.54
6681.1  27632.95
6683.7  27272.65
6686.3  28661.14
6688.9  29073.34
6691.5  28829.02
6694.1  29333.79
6696.7  28780.58
6699.3  28255.14
6701.9  27995.88
6704.5  28109.29
6707.1  28601.29
6709.7  29338.
6712.3  29047.69
6714.9  29053.23
6717.5  28966.
6720.1  28253.4
6722.7  28659.69
6725.3  29520.3
6727.9  29378.43
6730.5  29786.51
6733.1  29825.8
6735.7  29426.55
6738.3  29401.6
6740.9  29553.28
6743.5  29377.25
6746.1  29395.56
6748.7  29412.65
6751.3  29245.62
6753.9  29600.08
6756.5  29674.56
6759.1  30415.49
6761.7  30858.76
6764.3  31117.42
6766.9  30975.77
6769.5  30342.9
6772.1  30501.12
6774.7  30533.09
6777.3  30934.83
6779.9  31187.53
6782.5  31539.02
6785.1  31748.31
6787.7  31311.21
6790.3  31400.4
6792.9  32065.04
6795.5  31944.19
6798.1  32003.08
6800.7  32493.86
6803.3  32516.59
6805.9  32443.27
6808.5  32495.83
6811.1  32255.28
6813.7  32766.7
6816.3  33017.12
6818.9  32771.86
6821.5  33382.18
6824.1  33409.89
6826.7  33694.22
6829.3  33522.5
6831.9  33491.69
6834.5  33785.
6837.1  32945.16
6839.7  33700.17
6842.3  32717.33
6844.9  31830.77
6847.5  31802.65
6850.1  33259.3
6852.7  33562.79
6855.3  33424.91
6857.9  33480.09
6860.5  33184.74
6863.1  32631.94
6865.7  32721.74
6868.3  31462.41
6870.9  28104.55
6873.5  25259.08
6876.1  25293.48
6878.7  27734.61
6881.3  29893.38
6883.9  31440.78
6886.5  32020.45
6889.1  31432.83
6891.7  31048.12
6894.3  31229.98
6896.9  31977.84
6899.5  31541.67
6902.1  32275.22
6904.7  32704.08
6907.3  32996.35
6909.9  33704.99
6912.5  34244.43
6915.1  33791.66
6917.7  33889.72
6920.3  34166.47
6922.9  34990.41
6925.5  34987.02
6928.1  34379.29
6930.7  34794.02
6933.3  34981.29
6935.9  35183.46
6938.5  35131.71
6941.1  34696.2
6943.7  35830.48
6946.3  35475.3
6948.9  34745.68
6951.5  35245.99
6954.1  36084.67
6956.7  36039.66
6959.3  36063.79
6961.9  36869.53
6964.5  36924.36
6967.1  37412.81
6969.7  37933.39
6972.3  37859.18
6974.9  37777.75
6977.5  37638.67
6980.1  37238.47
6982.7  36659.27
6985.3  37229.39
6987.9  38581.54
6990.5  38205.84
6993.1  37300.23
6995.7  37704.63
6998.3  37893.22
7000.9  38603.7
7003.5  37786.74
7006.1  37819.76
7008.7  37667.99
7011.3  37974.8
7013.9  38073.39
7016.5  38156.32
7019.1  37420.87
7021.7  37265.66
7024.3  38337.65
7026.9  38314.19
7029.5  38059.05
7032.1  38634.97
7034.7  39212.76
7037.3  39678.31
7039.9  39367.41
7042.5  39199.14
7045.1  40157.05
7047.7  40921.56
7050.3  41006.15
7052.9  40143.05
7055.5  39537.95
7058.1  39999.55
7060.7  40877.7
7063.3  40637.09
7065.9  39618.89
7068.5  40855.52
7071.1  40508.46
7073.7  40024.27
7076.3  41434.92
7078.9  41691.72
7081.5  42142.71
7084.1  42033.73
7086.7  41312.94
7089.3  40386.79
7091.9  40637.84
7094.5  41364.21
7097.1  41186.37
7099.7  42268.77
7102.3  42598.06
7104.9  42478.13
7107.5  42127.02
7110.1  41910.84
7112.7  41692.23
7115.3  42004.61
7117.9  42232.45
7120.5  42354.27
7123.1  42171.26
7125.7  41884.13
7128.3  42865.14
7130.9  43257.67
7133.5  42653.03
7136.1  42649.54
7138.7  42979.23
7141.3  43223.46
7143.9  42712.01
7146.5  43077.4
7149.1  43014.5
7151.7  42751.96
7154.3  42461.02
7156.9  43127.97
7159.5  44076.79
7162.1  43865.97
7164.7  43143.8
7167.3  42586.19
7169.9  41819.64
7172.5  41749.31
7175.1  41303.11
7177.7  40941.33
7180.3  41205.23
7182.9  40727.41
7185.5  40225.74
7188.1  38423.57
7190.7  38297.36
7193.3  38916.54
7195.9  39642.32
7198.5  40401.45
7201.1  40756.93
7203.7  40452.18
7206.3  40484.02
7208.9  41015.49
7211.5  41144.28
7214.1  43094.17
7216.7  44623.05
7219.3  44391.59
7221.9  43892.21
7224.5  43912.71
7227.1  43227.69
7229.7  43478.68
7232.3  44274.8
7234.9  43908.94
7237.5  43104.06
7240.1  42610.2
7242.7  43550.17
7245.3  43108.97
7247.9  43422.99
7250.5  44421.37
7253.1  44570.54
7255.7  43274.79
7258.3  43315.78
7260.9  45109.56
7263.5  44216.13
7266.1  43668.82
7268.7  44561.66
7271.3  45563.51
7273.9  46284.67
7276.5  44922.94
7279.1  43723.84
7281.7  44046.24
7284.3  45300.92
7286.9  45696.14
7289.5  44803.68
7292.1  43444.17
7294.7  42905.13
7297.3  44437.27
7299.9  46800.7
7302.5  46995.41
7305.1  45526.12
7307.7  45078.8
7310.3  45612.56
7312.9  45087.62
7315.5  45650.71
7318.1  46704.29
7320.7  45767.43
7323.3  46092.43
7325.9  47007.34
7328.5  46967.18
7331.1  46822.25
7333.7  47429.32
7336.3  47296.69
7338.9  47642.07
7341.5  49290.21
7344.1  49414.82
7346.7  48051.05
7349.3  47506.91
7351.9  47493.67
7354.5  47044.08
7357.1  47110.83
7359.7  47018.55
7362.3  46741.37
7364.9  47292.34
7367.5  47338.77
7370.1  47899.19
7372.7  48238.86
7375.3  48945.28
7377.9  50078.71
7380.5  50036.73
7383.1  49868.32
7385.7  49135.88
7388.3  48261.07
7390.9  47802.11
7393.5  48068.41
7396.1  49411.33
7398.7  49677.08
7401.3  49197.29
7403.9  49042.78
7406.5  49216.69
7409.1  49708.98
7411.7  49347.81
7414.3  48807.84
7416.9  48125.13
7419.5  47933.33
7422.1  49096.
7424.7  49244.35
7427.3  48811.32
7429.9  49837.91
7432.5  50367.28
7435.1  49701.62
7437.7  50521.62
7440.3  51291.63
7442.9  50774.63
7445.5  50414.3
7448.1  50469.67
7450.7  51242.38
7453.3  52636.78
7455.9  52955.67
7458.5  53181.15
7461.1  52809.69
7463.7  52274.56
7466.3  51729.49
7468.9  52523.34
7471.5  53895.6
7474.1  53508.66
7476.7  53277.94
7479.3  53366.33
7481.9  53485.15
7484.5  53097.62
7487.1  53155.21
7489.7  53175.86
7492.3  53975.41
7494.9  53081.51
7497.5  52417.86
7500.1  53192.99
7502.7  54333.5
7505.3  54763.01
7507.9  54224.21
7510.5  54099.75
7513.1  53863.09
7515.7  54193.7
7518.3  55502.46
7520.9  55419.74
7523.5  54966.8
7526.1  54293.39
7528.7  54569.87
7531.3  55487.14
7533.9  54940.8
7536.5  54249.8
7539.1  55399.62
7541.7  55946.32
7544.3  55272.93
7546.9  55065.85
7549.5  55217.93
7552.1  55245.78
7554.7  55113.58
7557.3  55101.5
7559.9  54508.36
7562.5  54373.18
7565.1  54076.14
7567.7  54875.5
7570.3  54846.96
7572.9  54903.7
7575.5  55577.98
7578.1  55079.94
7580.7  55553.79
7583.3  55633.78
7585.9  54435.54
7588.5  53761.23
7591.1  53494.39
7593.7  51323.47
7596.3  45208.4
7598.9  32832.6
7601.5  23183.03
7604.1  18890.62
7606.7  15955.29
7609.3  16134.13
7611.9  19021.02
7614.5  23764.75
7617.1  29542.91
7619.7  36434.25
7622.3  41125.82
7624.9  39007.23
7627.5  33001.73
7630.1  30715.43
7632.7  30621.09
7635.3  31164.34
7637.9  32034.67
7640.5  34003.7
7643.1  35351.47
7645.7  36936.86
7648.3  38059.67
7650.9  39877.6
7653.5  40967.05
7656.1  42873.86
7658.7  44323.64
7661.3  45025.43
7663.9  45246.11
7666.5  45254.64
7669.1  45515.3
7671.7  48777.23
7674.3  51471.86
7676.9  53102.44
7679.5  53531.62
7682.1  53402.87
7684.7  53773.31
7687.3  54300.99
7689.9  54433.07
7692.5  54225.09
7695.1  52966.64
7697.7  53731.05
7700.3  52871.11
7702.9  51266.52
7705.5  53758.8
7708.1  55730.39
7710.7  55516.58
7713.3  54847.7
7715.9  52889.43
7718.5  53577.24
7721.1  53743.63
7723.7  55133.29
7726.3  54586.45
7728.9  55455.97
7731.5  56229.08
7734.1  56203.41
7736.7  57651.19
7739.3  57580.47
7741.9  58270.38
7744.5  57930.65
7747.1  56493.07
7749.7  55457.21
7752.3  55344.4
7754.9  55986.52
7757.5  57325.36
7760.1  58526.47
7762.7  57823.23
7765.3  57663.73
7767.9  57999.12
7770.5  58463.97
7773.1  58836.33
7775.7  58200.41
7778.3  57735.97
7780.9  57523.7
7783.5  57303.02
7786.1  57373.55
7788.7  58446.96
7791.3  58682.01
7793.9  58543.46
7796.5  59710.79
7799.1  59594.6
7801.7  58569.26
7804.3  59381.98
7806.9  60369.47
7809.5  60695.31
7812.1  59465.14
7814.7  59728.99
7817.3  61118.33
7819.9  62176.52
7822.5  62175.32
7825.1  62735.92
7827.7  62148.01
7830.3  61990.71
7832.9  60828.59
7835.5  60067.42
7838.1  59534.78
7840.7  60451.93
7843.3  62330.09
7845.9  62259.96
7848.5  62436.12
7851.1  62026.57
7853.7  62512.83
7856.3  62131.88
7858.9  61919.06
7861.5  62582.82
7864.1  62227.83
7866.7  62869.27
7869.3  62660.48
7871.9  62594.74
7874.5  62334.76
7877.1  62280.32
7879.7  62075.07
7882.3  61542.66
7884.9  62026.18
7887.5  61931.44
7890.1  62709.27
7892.7  62672.95
7895.3  62395.92
7897.9  61752.61
7900.5  61650.25
7903.1  62506.47
7905.7  61830.38
7908.3  61962.66
7910.9  61980.69
7913.5  62003.82
7916.1  61172.27
7918.7  60608.45
7921.3  60532.45
7923.9  60600.2
7926.5  60534.32
7929.1  61316.84
7931.7  61203.55
7934.3  60359.75
7936.9  60472.87
7939.5  60367.15
7942.1  61255.59
7944.7  61481.98
7947.3  61293.83
7949.9  60804.5
7952.5  61350.1
7955.1  62845.5
7957.7  63534.62
7960.3  63261.8
7962.9  62639.39
7965.5  62666.18
7968.1  63531.99
7970.7  63871.89
7973.3  64222.18
7975.9  64053.16
7978.5  64790.38
7981.1  64219.89
7983.7  63919.68
7986.3  64816.36
7988.9  64895.33
7991.5  63953.58
7994.1  63550.12
7996.7  63583.22
7999.3  62609.24
8001.9  63208.98
8004.5  63848.08
8007.1  64546.48
8009.7  65156.91
8012.3  64593.12
8014.9  64899.45
8017.5  64903.64
8020.1  65018.43
8022.7  65725.45
8025.3  65315.46
8027.9  63836.26
8030.5  62264.13
8033.1  63366.79
8035.7  64982.2
8038.3  64909.22
8040.9  64970.13
8043.5  64786.94
8046.1  63695.47
8048.7  63173.52
8051.3  62808.52
8053.9  63862.96
8056.5  64901.78
8059.1  65452.66
8061.7  65961.32
8064.3  65934.52
8066.9  65888.78
8069.5  64587.41
8072.1  63007.66
8074.7  63429.54
8077.3  64333.07
8079.9  64434.52
8082.5  64887.3
8085.1  64355.89
8087.7  62738.43
8090.3  62925.18
8092.9  63372.02
8095.5  63098.17
8098.1  62508.63
8100.7  62216.65
8103.3  63059.46
8105.9  63405.71
8108.5  62519.75
8111.1  61867.18
8113.7  62743.54
8116.3  62908.87
8118.9  62705.12
8121.5  62881.29
8124.1  63066.35
8126.7  62836.23
8129.3  62691.77
8131.9  62615.94
8134.5  61989.84
8137.1  61108.8
8139.7  61740.15
8142.3  62349.34
8144.9  61735.14
8147.5  61128.88
8150.1  59837.09
8152.7  58980.53
8155.3  59584.6
8157.9  60159.39
8160.5  60596.36
8163.1  59152.79
8165.7  56046.16
8168.3  56749.38
8170.9  59540.59
8173.5  60252.15
8176.1  61083.68
8178.7  61065.57
8181.3  58362.83
8183.9  57931.2
8186.5  58922.36
8189.1  59963.15
8191.7  61019.73
8194.3  61256.41
8196.9  60314.87
8199.5  59607.32
8202.1  60099.39
8204.7  61610.12
8207.3  63852.72
8209.9  65473.07
8212.5  64677.2
8215.1  64705.2
8217.7  63882.66
8220.3  64456.95
8222.9  63240.39
8225.5  62212.01
8228.1  60503.5
8230.7  56941.25
8233.3  54978.89
8235.9  58669.79
8238.5  62539.18
8241.1  64523.18
8243.7  65433.97
8246.3  65909.43
8248.9  67005.27
8251.5  67553.8
8254.1  67333.06
8256.7  65934.32
8259.3  65531.07
8261.9  65694.3
8264.5  67592.48
8267.1  68338.88
8269.7  68157.45
8272.3  66987.15
8274.9  65496.97
8277.5  63095.56
8280.1  63490.8
8282.7  64376.4
8285.3  65455.54
8287.9  65493.11
8290.5  64492.28
8293.1  63307.47
8295.7  64980.55
8298.3  64306.29
8300.9  65857.2
8303.5  66000.91
8306.1  65142.42
8308.7  63771.7
8311.3  64887.87
8313.9  65134.83
8316.5  65145.55
8319.1  65197.36
8321.7  64799.63
8324.3  63603.48
8326.9  64367.98
8329.5  64587.33
8332.1  63464.19
8334.7  63923.21
8337.3  63431.19
8339.9  63955.78
8342.5  65174.89
8345.1  65720.12
8347.7  66403.48
8350.3  65873.26
8352.9  65891.21
8355.5  66404.73
8358.1  67105.16
8360.7  67428.38
8363.3  67425.84
8365.9  66941.62
8368.5  66423.85
8371.1  67208.29
8373.7  67584.68
8376.3  67386.04
8378.9  67736.5
8381.5  67330.28
8384.1  66626.75
8386.7  65187.32
8389.3  64985.69
8391.9  66400.52
8394.5  68066.16
8397.1  68620.28
8399.7  69144.91
8402.3  69279.08
8404.9  69016.41
8407.5  69013.88
8410.1  69070.8
8412.7  69299.55
8415.3  68852.48
8417.9  68951.71
8420.5  70424.62
8423.1  70140.42
8425.7  69410.69
8428.3  68669.33
8430.9  68629.09
8433.5  69509.45
8436.1  68733.95
8438.7  67768.02
8441.3  68672.69
8443.9  69535.38
8446.5  70743.63
8449.1  71223.89
8451.7  70965.5
8454.3  71012.15
8456.9  71607.77
8459.5  71811.85
8462.1  72118.84
8464.7  72485.05
8467.3  72466.06
8469.9  70957.15
8472.5  70050.72
8475.1  71299.21
8477.7  73262.48
8480.3  73637.34
8482.9  73568.43
8485.5  72496.43
8488.1  73115.98
8490.7  72990.41
8493.3  71364.88
8495.9  70469.58
8498.5  65949.77
8501.1  60018.25
8503.7  63000.08
8506.3  69223.6
8508.9  72917.16
8511.5  73083.09
8514.1  72303.42
8516.7  70094.99
8519.3  69907.48
8521.9  71181.34
8524.5  72435.66
8527.1  72715.09
8529.7  71959.7
8532.3  71936.84
8534.9  70814.91
8537.5  68211.16
8540.1  62783.28
8542.7  54583.69
8545.3  47484.64
8547.9  53131.23
8550.5  63193.7
8553.1  67597.77
8555.7  69715.41
8558.3  70155.39
8560.9  70206.47
8563.5  71372.08
8566.1  71889.84
8568.7  71901.3
8571.3  71666.6
8573.9  72375.77
8576.5  71264.63
8579.1  71743.07
8581.7  71506.11
8584.3  71363.42
8586.9  71679.25
8589.5  72419.11
8592.1  73035.71
8594.7  71827.91
8597.3  72151.66
8599.9  71714.
8602.5  72127.98
8605.1  72317.67
8607.7  72880.62
8610.3  72441.49
8612.9  71413.87
8615.5  70341.58
8618.1  70541.58
8620.7  70031.27
8623.3  68649.87
8625.9  69633.34
8628.5  71413.89
8631.1  73290.31
8633.7  73303.91
8636.3  71791.13
8638.9  71911.54
8641.5  71631.56
8644.1  70907.78
8646.7  71868.28
8649.3  71739.69
8651.9  70831.63
8654.5  70167.98
8657.1  70211.27
8659.7  66758.35
8662.3  60634.35
8664.9  53243.43
8667.5  55729.47
8670.1  66502.76
8672.7  70598.75
8675.3  71903.41
8677.9  71227.12
8680.5  71199.37
8683.1  72482.42
8685.7  72802.52
8688.3  72800.44
8690.9  71765.87
8693.5  71449.11
8696.1  75012.71
8698.7  76304.35
8701.3  74640.39
8703.9  74023.4
8706.5  75738.99
8709.1  75676.63
8711.7  75663.3
8714.3  74789.86
8716.9  75602.88
8719.5  75979.24
8722.1  76430.99
8724.7  77229.2
8727.3  76491.56
8729.9  75409.07
8732.5  76524.73
8735.1  76938.86
8737.7  77271.99
8740.3  76419.75
8742.9  77088.02
8745.5  77181.6
8748.1  76799.75
8750.7  76486.5
8753.3  75790.42
8755.9  76171.54
8758.5  76659.61
8761.1  77212.71
8763.7  77711.19
8766.3  76150.48
8768.9  75451.11
8771.5  76228.45
8774.1  76416.64
8776.7  75934.14
8779.3  76535.55
8781.9  77427.47
8784.5  76899.05
8787.1  77855.99
8789.7  78045.05
8792.3  77025.2
8794.9  76342.59
8797.5  76539.24
8800.1  77913.81
8802.7  78604.86
8805.3  76525.69
8807.9  72723.89
8810.5  71036.23
8813.1  74142.8
8815.7  77631.37
8818.3  78027.45
8820.9  78235.67
8823.5  77716.46
8826.1  75522.27
8828.7  75172.87
8831.3  77190.65
8833.9  77182.4
8836.5  76802.2
8839.1  75784.13
8841.7  75314.78
8844.3  75831.94
8846.9  77270.26
8849.5  77201.34
8852.1  77570.96
8854.7  77392.47
8857.3  77204.19
8859.9  76693.4
8862.5  75561.41
8865.1  75395.38
8867.7  74426.66
8870.3  73841.87
8872.9  75555.9
8875.5  76444.95
8878.1  76507.
8880.7  75741.52
8883.3  75536.31
8885.9  75784.23
8888.5  75775.07
8891.1  75873.95
8893.7  75162.81
8896.3  75660.5
8898.9  76583.91
8901.5  75884.8
8904.1  75293.05
8906.7  75592.05
8909.3  75408.41
8911.9  75862.51
8914.5  75690.05
8917.1  75138.66
8919.7  75394.58
8922.3  74306.12
8924.9  73795.77
8927.5  73648.14
8930.1  73047.28
8932.7  72797.96
8935.3  73599.13
8937.9  74239.38
8940.5  74530.36
8943.1  73793.41
8945.7  71802.76
8948.3  70670.96
8950.9  70221.63
8953.5  70510.17
8956.1  70854.6
8958.7  70321.64
8961.3  70672.13
8963.9  69217.89
8966.5  67147.92
8969.1  67340.75
8971.7  68509.65
8974.3  68044.36
8976.9  66279.2
8979.5  66899.74
8982.1  67606.17
8984.7  67451.24
8987.3  66400.87
8989.9  61393.01
8992.5  59282.6
8995.1  62121.45
8997.7  68119.02
9000.3  68886.37
9002.9  64306.57
9005.5  62312.09
9008.1  63920.24
9010.7  64235.44
9013.3  63439.6
9015.9  63337.66
9018.5  62922.16
9021.1  64122.56
9023.7  65695.79
9026.3  64197.41
9028.9  64622.26
9031.5  67488.09
9034.1  69601.84
9036.7  71081.15
9039.3  72695.12
9041.9  72136.84
9044.5  71895.01
9047.1  72456.1
9049.7  72626.88
9052.3  71664.8
9054.9  68843.57
9057.5  69230.52
9060.1  69899.3
9062.7  68365.65
9065.3  66767.89
9067.9  67692.1
9070.5  67386.34
9073.1  64413.91
9075.7  64539.35
9078.3  66246.94
9080.9  64787.47
9083.5  62403.14
9086.1  63375.13
9088.7  62986.72
9091.3  60353.31
9093.9  62430.13
9096.5  64735.34
9099.1  64826.79
9101.7  63443.63
9104.3  62902.17
9106.9  63434.07
9109.5  62725.04
9112.1  64087.71
9114.7  66254.4
9117.3  66007.84
9119.9  62375.
9122.5  61940.17
9125.1  66392.15
9127.7  67484.48
9130.3  64432.42
9132.9  60507.54
9135.5  59596.07
9138.1  58665.4
9140.7  59484.07
9143.3  62891.3
9145.9  63339.19
9148.5  62766.16
9151.1  62304.47
9153.7  59504.47
9156.3  56128.73
9158.9  56437.7
9161.5  59849.
9164.1  62339.37
9166.7  62792.97
9169.3  61878.11
9171.9  59642.6
9174.5  57330.09
9177.1  55573.66
9179.7  56867.16
9182.3  60466.29
9184.9  61164.17
9187.5  60197.09
9190.1  60874.82
9192.7  61320.3
9195.3  61208.44
9197.9  60090.96
9200.5  61396.68
9203.1  63537.93
9205.7  63612.93
9208.3  62271.55
9210.9  60501.98
9213.5  59757.43
9216.1  58832.57
9218.7  58055.71
9221.3  59873.38
9223.9  61934.16
9226.5  62692.66
9229.1  61489.34
9231.7  60845.99
9234.3  60102.36
9236.9  60233.56
9239.5  59832.35
9242.1  59282.35
9244.7  58722.33
9247.3  58763.29
9249.9  58459.2
9252.5  58855.5
9255.1  60104.84
9257.7  59535.78
9260.3  58664.66
9262.9  58009.34
9265.5  58190.91
9268.1  60153.47
9270.7  61084.55
9273.3  60091.68
9275.9  58744.2
9278.5  56942.89
9281.1  54767.65
9283.7  53281.68
9286.3  54654.55
9288.9  54134.02
9291.5  52852.14
9294.1  52745.96
9296.7  50981.96
9299.3  48771.38
9301.9  48051.01
9304.5  49206.73
9307.1  48312.8
9309.7  47220.26
9312.3  43394.86
9314.9  44372.55
9317.5  40844.65
9320.1  35846.95
9322.7  37828.78
9325.3  38287.45
9327.9  35536.82
9330.5  38619.01
9333.1  40449.59
9335.7  37154.8
9338.3  32806.06
9340.9  32343.05
9343.5  30721.75
9346.1  27052.11
9348.7  29225.51
9351.3  38969.3
9353.9  39625.12
9356.5  32335.16
9359.1  28984.24
9361.7  31867.13
9364.3  38549.77
9366.9  39203.09
9369.5  34772.64
9372.1  31115.62
9374.7  30714.99
9377.3  35206.31
9379.9  34739.85
9382.5  31278.96
9385.1  33703.98
9387.7  38476.47
9390.3  41344.32
9392.9  45868.09
9395.5  47956.49
9398.1  47057.34
9400.7  45499.71
9403.3  43032.35
9405.9  42676.51
9408.5  42636.81
9411.1  41428.46
9413.7  38827.51
9416.3  40060.68
9418.9  41172.16
9421.5  41119.87
9424.1  40726.42
9426.7  37970.19
9429.3  33034.49
9431.9  30827.57
9434.5  35176.81
9437.1  40739.39
9439.7  37210.79
9442.3  29667.57
9444.9  28218.94
9447.5  32597.69
9450.1  38606.98
9452.7  39752.96
9455.3  38373.
9457.9  33048.1
9460.5  31677.6
9463.1  31262.13
9465.7  33640.79
9468.3  37275.4
9470.9  37695.53
9473.5  38153.04
9476.1  38343.88
9478.7  36794.7
9481.3  34296.99
9483.9  31444.18
9486.5  33967.32
9489.1  39553.65
9491.7  40858.69
9494.3  38770.84
9496.9  32748.13
9499.5  29685.16
9502.1  29072.4
9504.7  30501.19
9507.3  37167.53
9509.9  42062.34
9512.5  42275.9
9515.1  40087.95
9517.7  35750.06
9520.3  31272.26
9522.9  30093.76
9525.5  30882.02
9528.1  33743.02
9530.7  35027.6
9533.3  36651.48
9535.9  38814.98
9538.5  37208.8
9541.1  36005.57
9543.7  35702.67
9546.3  32593.17
9548.9  31791.65
9551.5  34719.56
9554.1  35549.59
9556.7  33161.77
9559.3  32192.84
9561.9  34505.91
9564.5  35375.27
9567.1  32271.02
9569.7  31316.8
9572.3  33114.46
9574.9  35634.75
9577.5  37303.56
9580.1  36893.96
9582.7  34063.49
9585.3  33482.32
9587.9  35277.79
9590.5  33690.9
9593.1  30497.71
9595.7  30818.25
9598.3  32875.84
9600.9  34164.94
9603.5  34581.55
9606.1  34902.99
9608.7  34201.96
9611.3  34682.4
9613.9  37096.16
9616.5  37924.24
9619.1  36298.62
9621.7  33904.64
9624.3  32584.3
9626.9  32261.72
9629.5  33040.96
9632.1  35389.71
9634.7  36101.14
9637.3  34460.39
9639.9  31717.71
9642.5  32079.02
9645.1  34193.45
9647.7  33811.61
9650.3  33087.7
9652.9  34239.52
9655.5  35608.04
9658.1  35282.03
9660.7  33740.55
9663.3  32095.68
9665.9  31703.66
9668.5  32324.91
9671.1  33901.64
9673.7  34331.51
9676.3  35382.84
9678.9  36427.06
9681.5  35579.78
9684.1  34916.93
9686.7  35260.87
9689.3  35533.13
9691.9  34223.1
9694.5  34242.26
9697.1  34254.6
9699.7  34707.88
9702.3  34448.97
9704.9  34218.22
9707.5  34124.66
9710.1  34588.93
9712.7  34476.09
9715.3  35336.58
9717.9  33033.8
9720.5  32618.5
9723.1  32927.89
9725.7  31719.78
9728.3  31672.21
9730.9  31372.48
9733.5  31663.58
9736.1  30824.66
9738.7  30078.18
9741.3  29351.23
9743.9  30802.74
9746.5  30329.81
9749.1  29969.94
9751.7  29626.24
9754.3  29231.71
9756.9  29080.73
9759.5  28476.19
9762.1  27986.07
9764.7  28416.12
9767.3  28268.91
9769.9  28980.35
9772.5  29403.2
9775.1  29800.37
9777.7  29548.5
9780.3  29617.
9782.9  28509.14
9785.5  27315.45
9788.1  27244.01
9790.7  27473.09
9793.3  27170.71
9795.9  27153.68
9798.5  27326.59
9801.1  27273.
9803.7  26849.58
9806.3  26989.11
9808.9  28415.58
9811.5  29131.65
9814.1  28696.25
9816.7  28267.93
9819.3  27906.22
9821.9  27299.28
9824.5  27165.07
9827.1  26585.51
9829.7  26260.73
9832.3  26181.74
9834.9  26394.9
9837.5  26967.23
9840.1  27228.84
9842.7  27181.44
9845.3  26920.79
9847.9  27180.11
9850.5  26556.73
9853.1  26205.3
9855.7  26094.92
9858.3  26049.55
9860.9  25859.08
9863.5  25783.12
9866.1  24895.88
9868.7  25055.86
9871.3  25105.95
9873.9  25183.04
9876.5  25126.07
9879.1  25200.48
9881.7  25608.37
9884.3  25202.85
9886.9  24824.98
9889.5  24439.26
9892.1  23681.19
9894.7  23310.73
9897.3  23334.94
9899.9  23325.73
9902.5  23031.98
9905.1  22905.62
9907.7  23409.39
9910.3  23602.51
9912.9  23286.9
9915.5  23078.17
9918.1  23144.54
9920.7  23181.38
9923.3  23059.07
9925.9  22301.
9928.5  21560.33
9931.1  21540.07
9933.7  21300.71
9936.3  20966.71
9938.9  20904.24
9941.5  20911.76
9944.1  21213.14
9946.7  21197.83
9949.3  21201.05
9951.9  20671.63
9954.5  20992.63
9957.1  20424.92
9959.7  20093.25
9962.3  19569.91
9964.9  19595.61
9967.5  19651.19
9970.1  19059.59
9972.7  19476.73
9975.3  19194.66
9977.9  18887.49
9980.5  18845.53
9983.1  18793.76
9985.7  18659.98
9988.3  18278.44
9990.9  18066.28
9993.5  17641.12
9996.1  17173.49
9998.7  16980.76
