3501.3  0.
3503.9  0.
3506.5  0.
3509.1  0.
3511.7  0.
3514.3  0.
3516.9  0.
3519.5  2.680336E-4
3522.1  1.762563E-4
3524.7  2.379238E-4
3527.3  2.858464E-4
3529.9  1.588770E-4
3532.5  2.924125E-4
3535.1  1.607314E-4
3537.7  2.178694E-4
3540.3  4.148617E-4
3542.9  4.129166E-4
3545.5  1.663267E-4
3548.1  1.975878E-4
3550.7  6.218053E-4
3553.3  5.675615E-4
3555.9  7.358796E-4
3558.5  8.903954E-4
3561.1  5.941336E-4
3563.7  4.711322E-4
3566.3  6.656285E-4
3568.9  5.490677E-4
3571.5  0.001065753
3574.1  0.001179572
3576.7  6.276892E-4
3579.3  5.665778E-5
3581.9  7.102534E-4
3584.5  -1.221369E-4
3587.1  2.073882E-4
3589.7  4.358327E-4
3592.3  4.331870E-4
3594.9  -5.225107E-5
3597.5  -4.250340E-4
3600.1  -1.817258E-4
3602.7  -6.122216E-5
3605.3  -6.791689E-4
3607.9  -2.663503E-4
3610.5  -4.728436E-4
3613.1  2.512999E-4
3615.7  9.376544E-5
3618.3  4.580207E-4
3620.9  1.131395E-4
3623.5  -3.692308E-5
3626.1  3.021835E-4
3628.7  -7.061969E-4
3631.3  -1.958388E-4
3633.9  1.200281E-4
3636.5  -2.566873E-4
3639.1  -6.303178E-4
3641.7  9.542335E-5
3644.3  4.819753E-5
3646.9  -6.040330E-5
3649.5  -1.228274E-4
3652.1  -1.226811E-4
3654.7  -7.488359E-4
3657.3  2.237745E-4
3659.9  8.794615E-4
3662.5  2.971654E-4
3665.1  3.469852E-4
3667.7  -1.056503E-4
3670.3  -7.449999E-4
3672.9  -9.406289E-5
3675.5  -1.182697E-4
3678.1  -7.256090E-5
3680.7  7.131397E-4
3683.3  -1.139808E-4
3685.9  -1.169685E-4
3688.5  -5.284528E-4
3691.1  -1.970600E-4
3693.7  -2.240771E-4
3696.3  3.542707E-4
3698.9  -5.787883E-4
3701.5  3.495876E-4
3704.1  -1.330659E-4
3706.7  6.460304E-4
3709.3  -1.873992E-4
3711.9  8.655358E-5
3714.5  -3.851238E-4
3717.1  6.623951E-4
3719.7  -5.296543E-4
3722.3  5.652369E-4
3724.9  7.701772E-5
3727.5  9.614434E-4
3730.1  6.621153E-4
3732.7  6.315667E-4
3735.3  6.020698E-4
3737.9  5.338538E-4
3740.5  -1.443534E-4
3743.1  -8.964219E-4
3745.7  5.442597E-4
3748.3  8.920878E-4
3750.9  0.001480484
3753.5  6.910009E-4
3756.1  -2.561482E-4
3758.7  0.001188728
3761.3  2.554811E-4
3763.9  -1.948920E-4
3766.5  -1.619935E-4
3769.1  1.600089E-4
3771.7  2.129383E-4
3774.3  3.671016E-4
3776.9  1.632979E-4
3779.5  4.601225E-4
3782.1  -7.284765E-4
3784.7  6.262467E-4
3787.3  -4.584741E-6
3789.9  2.825838E-4
3792.5  2.781084E-4
3795.1  1.668382E-4
3797.7  -4.678903E-4
3800.3  -1.717191E-4
3802.9  2.050486E-5
3805.5  0.00105409
3808.1  1.715369E-4
3810.7  5.061677E-5
3813.3  -3.742471E-4
3815.9  0.001088347
3818.5  -2.311126E-4
3821.1  8.594414E-4
3823.7  3.120353E-5
3826.3  7.904279E-5
3828.9  1.290065E-4
3831.5  2.776932E-4
3834.1  1.406932E-4
3836.7  -2.298394E-4
3839.3  6.991918E-4
3841.9  -2.440966E-4
3844.5  6.426132E-4
3847.1  6.831441E-4
3849.7  -7.076967E-5
3852.3  3.235633E-4
3854.9  5.057903E-4
3857.5  1.164149E-4
3860.1  -9.959147E-5
3862.7  5.807601E-4
3865.3  0.0012245
3867.9  -5.163181E-5
3870.5  -5.220370E-4
3873.1  4.018929E-4
3875.7  2.689020E-4
3878.3  9.958840E-5
3880.9  4.695200E-4
3883.5  5.121512E-5
3886.1  0.001912644
3888.7  -3.883576E-4
3891.3  4.467859E-4
3893.9  -2.640955E-4
3896.5  -9.292230E-5
3899.1  -2.335114E-4
3901.7  4.927285E-4
3904.3  5.117854E-4
3906.9  1.248512E-5
3909.5  -8.377224E-4
3912.1  2.824233E-4
3914.7  8.400674E-5
3917.3  3.985866E-4
3919.9  8.749512E-4
3922.5  1.875124E-4
3925.1  -5.003149E-4
3927.7  -4.061499E-4
3930.3  -1.651076E-4
3932.9  -3.584742E-4
3935.5  -4.704755E-4
3938.1  -3.621465E-4
3940.7  -4.806217E-4
3943.3  -1.299826E-4
3945.9  -3.154226E-4
3948.5  1.216791E-6
3951.1  3.306216E-4
3953.7  6.223556E-4
3956.3  2.735571E-4
3958.9  7.047656E-4
3961.5  7.969901E-4
3964.1  2.086979E-6
3966.7  4.669548E-4
3969.3  6.720645E-4
3971.9  5.064621E-4
3974.5  -5.960481E-4
3977.1  0.001058277
3979.7  6.340242E-4
3982.3  7.689004E-4
3984.9  -4.741928E-5
3987.5  -2.243839E-5
3990.1  -5.512760E-4
3992.7  4.349414E-4
3995.3  1.960289E-4
3997.9  -2.641403E-4
4000.5  -5.260120E-5
4003.1  -6.920841E-4
4005.7  -6.181711E-5
4008.3  6.688631E-4
4010.9  2.319631E-4
4013.5  8.008276E-4
4016.1  -9.167732E-4
4018.7  1.376706E-4
4021.3  -8.796191E-4
4023.9  -4.836451E-4
4026.5  -1.015320E-4
4029.1  -9.335068E-4
4031.7  -8.210951E-4
4034.3  2.956958E-4
4036.9  5.752759E-4
4039.5  1.051900E-4
4042.1  6.434784E-4
4044.7  1.678454E-4
4047.3  0.00132433
4049.9  7.202545E-4
4052.5  -5.764888E-5
4055.1  1.950920E-4
4057.7  0.001601284
4060.3  0.001245534
4062.9  0.002106234
4065.5  0.001619546
4068.1  -3.129074E-4
4070.7  0.001680727
4073.3  5.430576E-4
4075.9  -3.067675E-4
4078.5  0.001693155
4081.1  6.449162E-4
4083.7  3.979796E-4
4086.3  9.051860E-4
4088.9  -8.273700E-4
4091.5  8.393108E-4
4094.1  4.274899E-4
4096.7  0.001937608
4099.3  0.002232457
4101.9  4.145525E-4
4104.5  0.001272025
4107.1  0.00111941
4109.7  8.364252E-4
4112.3  1.407613E-5
4114.9  -6.855002E-4
4117.5  2.683600E-4
4120.1  -0.001008042
4122.7  5.874895E-4
4125.3  6.971219E-4
4127.9  0.001283149
4130.5  5.340987E-4
4133.1  4.678300E-4
4135.7  6.671783E-4
4138.3  -4.647834E-4
4140.9  0.001544885
4143.5  5.799205E-4
4146.1  -0.001327547
4148.7  -5.649259E-4
4151.3  0.001127999
4153.9  2.902267E-4
4156.5  -1.873971E-4
4159.1  2.370826E-5
4161.7  2.686200E-5
4164.3  -4.756133E-4
4166.9  4.453656E-4
4169.5  7.852376E-5
4172.1  3.896156E-4
4174.7  2.688300E-4
4177.3  -0.001859575
4179.9  3.665227E-4
4182.5  0.001034036
4185.1  -0.001136718
4187.7  -6.525791E-4
4190.3  -8.156879E-4
4192.9  3.045926E-4
4195.5  -1.442355E-4
4198.1  0.001422141
4200.7  -2.483498E-4
4203.3  -3.294982E-4
4205.9  -5.874551E-4
4208.5  0.001622692
4211.1  0.001662171
4213.7  0.001243912
4216.3  3.202256E-4
4218.9  -0.001123114
4221.5  -2.071387E-4
4224.1  -7.042969E-4
4226.7  -3.867210E-4
4229.3  -0.001048239
4231.9  -2.543971E-4
4234.5  7.244715E-4
4237.1  -2.478609E-6
4239.7  -5.715358E-4
4242.3  -8.652970E-4
4244.9  4.746632E-4
4247.5  0.001038373
4250.1  2.613055E-4
4252.7  0.001414578
4255.3  -0.001044998
4257.9  -6.387111E-4
4260.5  3.290285E-4
4263.1  -0.001722867
4265.7  -5.061573E-4
4268.3  -0.001083823
4270.9  -0.001586388
4273.5  -1.705171E-4
4276.1  9.102951E-4
4278.7  5.677865E-4
4281.3  0.001540137
4283.9  9.055737E-4
4286.5  8.076623E-4
4289.1  7.906499E-4
4291.7  8.661144E-7
4294.3  5.292157E-4
4296.9  5.169202E-4
4299.5  -5.047062E-4
4302.1  5.972359E-4
4304.7  -4.878193E-4
4307.3  2.418193E-4
4309.9  -6.194246E-4
4312.5  -9.922467E-4
4315.1  1.476951E-4
4317.7  9.228758E-4
4320.3  -7.056463E-5
4322.9  -9.652330E-5
4325.5  0.002070979
4328.1  0.001528243
4330.7  0.001268922
4333.3  0.001185664
4335.9  -2.796753E-4
4338.5  0.002694004
4341.1  9.546943E-4
4343.7  3.845244E-4
4346.3  0.002030903
4348.9  -0.001006493
4351.5  0.001183568
4354.1  0.001600964
4356.7  0.001669503
4359.3  0.002132848
4361.9  0.001345727
4364.5  2.928379E-4
4367.1  -4.059860E-4
4369.7  -7.992940E-4
4372.3  -0.002168073
4374.9  7.149937E-5
4377.5  0.001364366
4380.1  0.001013075
4382.7  -0.001184875
4385.3  -0.001774269
4387.9  -8.488134E-4
4390.5  8.974739E-5
4393.1  9.396247E-5
4395.7  7.268206E-4
4398.3  -2.148575E-4
4400.9  -0.001926053
4403.5  8.216514E-4
4406.1  -6.414897E-4
4408.7  -9.267410E-4
4411.3  2.113505E-4
4413.9  9.752416E-4
4416.5  -0.001660107
4419.1  -0.001258037
4421.7  4.921198E-4
4424.3  0.001297132
4426.9  -8.008164E-4
4429.5  -4.063745E-4
4432.1  -4.029874E-4
4434.7  0.001117776
4437.3  6.624032E-4
4439.9  -0.002174977
4442.5  -3.012824E-4
4445.1  6.426034E-4
4447.7  -7.180365E-4
4450.3  9.783088E-4
4452.9  -5.980865E-4
4455.5  -5.092311E-4
4458.1  0.001023795
4460.7  0.001922788
4463.3  -6.482341E-5
4465.9  2.986671E-4
4468.5  5.581391E-4
4471.1  -2.706409E-4
4473.7  8.434281E-4
4476.3  -0.002325778
4478.9  0.001551828
4481.5  0.00293253
4484.1  8.172172E-4
4486.7  0.001448658
4489.3  6.691629E-4
4491.9  7.710037E-4
4494.5  -8.577565E-4
4497.1  0.001406595
4499.7  7.486720E-4
4502.3  5.402952E-4
4504.9  -0.001867594
4507.5  -1.766535E-4
4510.1  -9.683370E-4
4512.7  -0.002306152
4515.3  -7.131413E-4
4517.9  5.015081E-4
4520.5  0.001570173
4523.1  0.00157261
4525.7  0.002083399
4528.3  0.001609658
4530.9  2.082833E-4
4533.5  -0.001174023
4536.1  -0.001385846
4538.7  -8.048962E-4
4541.3  4.971944E-4
4543.9  -0.001063857
4546.5  -0.001124962
4549.1  5.258673E-4
4551.7  -6.357323E-4
4554.3  -0.001606835
4556.9  9.058447E-4
4559.5  -0.001644071
4562.1  7.478181E-5
4564.7  -6.367677E-4
4567.3  -0.00365994
4569.9  -1.031497E-5
4572.5  -7.523259E-4
4575.1  0.004135729
4577.7  -0.002425316
4580.3  -6.153485E-4
4582.9  -0.001199404
4585.5  -7.548782E-4
4588.1  -0.004027031
4590.7  -0.001896445
4593.3  -0.002549632
4595.9  -5.846526E-4
4598.5  0.002900888
4601.1  -2.601352E-4
4603.7  2.217628E-4
4606.3  6.383517E-5
4608.9  -0.002208577
4611.5  -0.002940464
4614.1  -0.003067151
4616.7  -0.003951776
4619.3  -0.001555435
4621.9  -3.683741E-4
4624.5  -0.003141894
4627.1  -0.001645099
4629.7  1.696586E-4
4632.3  -0.005190701
4634.9  -0.005095774
4637.5  -0.002139524
4640.1  -0.001250589
4642.7  -4.563906E-4
4645.3  6.352168E-4
4647.9  1.321489E-4
4650.5  -0.004309177
4653.1  -0.002415668
4655.7  -0.003188847
4658.3  -0.003502986
4660.9  -0.001492746
4663.5  -0.00338432
4666.1  -0.003113216
4668.7  -0.001706516
4671.3  -0.004945171
4673.9  -0.005349486
4676.5  -0.00384926
4679.1  -0.003491716
4681.7  -0.001826611
4684.3  -0.001362242
4686.9  -0.002676557
4689.5  -0.001463108
4692.1  -0.003932049
4694.7  -0.001986387
4697.3  -0.004050739
4699.9  -0.003082704
4702.5  -0.002771725
4705.1  -0.002625937
4707.7  -0.00114552
4710.3  0.001156121
4712.9  -0.00201455
4715.5  -0.004634218
4718.1  -0.001383708
4720.7  -0.004843502
4723.3  -0.002601756
4725.9  -0.003192295
4728.5  -0.00132067
4731.1  -0.002950261
4733.7  -0.00151045
4736.3  4.647272E-4
4738.9  -0.00374125
4741.5  0.001604305
4744.1  -0.002866277
4746.7  -0.005630829
4749.3  -0.005071913
4751.9  0.002899073
4754.5  -0.003227462
4757.1  4.694836E-4
4759.7  0.003482063
4762.3  -0.003039021
4764.9  9.610155E-4
4767.5  -0.005508379
4770.1  0.003338656
4772.7  0.002712147
4775.3  -7.519119E-4
4777.9  0.004166083
4780.5  0.009546078
4783.1  -0.001593957
4785.7  4.927029E-4
4788.3  0.0034066
4790.9  8.114891E-4
4793.5  0.007021902
4796.1  0.005993866
4798.7  0.001982273
4801.3  3.865853E-4
4803.9  -4.378631E-4
4806.5  0.012554
4809.1  0.004797808
4811.7  0.007607631
4814.3  0.007233021
4816.9  0.00761337
4819.5  0.007103061
4822.1  0.01111638
4824.7  0.008372852
4827.3  0.009908391
4829.9  0.006616856
4832.5  0.0123627
4835.1  0.01750731
4837.7  0.0234885
4840.3  0.01869498
4842.9  0.01384114
4845.5  0.0180072
4848.1  0.01779727
4850.7  0.02400756
4853.3  0.03386478
4855.9  0.01612329
4858.5  0.0215742
4861.1  0.01650693
4863.7  0.01291854
4866.3  0.03360742
4868.9  0.04524871
4871.5  0.02536643
4874.1  0.03017955
4876.7  0.04958794
4879.3  0.05656488
4881.9  0.04991518
4884.5  0.0510513
4887.1  0.0259863
4889.7  0.05405242
4892.3  0.03441115
4894.9  0.04014095
4897.5  0.07783092
4900.1  0.06192793
4902.7  0.06222026
4905.3  0.0666071
4907.9  0.04850369
4910.5  0.07036339
4913.1  0.0727336
4915.7  0.08983518
4918.3  0.08582031
4920.9  0.0754666
4923.5  0.0672036
4926.1  0.1136032
4928.7  0.1112596
4931.3  0.1014129
4933.9  0.08244593
4936.5  0.07112627
4939.1  0.06720863
4941.7  0.06632397
4944.3  0.09450493
4946.9  0.1010338
4949.5  0.1153424
4952.1  0.1447351
4954.7  0.1251965
4957.3  0.1465679
4959.9  0.1279233
4962.5  0.1182302
4965.1  0.1564211
4967.7  0.1473145
4970.3  0.1664504
4972.9  0.1384873
4975.5  0.1598872
4978.1  0.1491687
4980.7  0.1535304
4983.3  0.1556212
4985.9  0.1242612
4988.5  0.161551
4991.1  0.1392261
4993.7  0.1680679
4996.3  0.2166957
4998.9  0.2213488
5001.5  0.2419757
5004.1  0.2225581
5006.7  0.1876425
5009.3  0.2431207
5011.9  0.2208984
5014.5  0.2435541
5017.1  0.2474486
5019.7  0.2518715
5022.3  0.2321941
5024.9  0.2264952
5027.5  0.254142
5030.1  0.339882
5032.7  0.2890995
5035.3  0.3522831
5037.9  0.3088664
5040.5  0.3425516
5043.1  0.2495373
5045.7  0.3548105
5048.3  0.4229546
5050.9  0.3862081
5053.5  0.3591435
5056.1  0.3142661
5058.7  0.3885593
5061.3  0.4346051
5063.9  0.4095887
5066.5  0.4319851
5069.1  0.3729455
5071.7  0.4298843
5074.3  0.5167571
5076.9  0.3932489
5079.5  0.4321702
5082.1  0.4953455
5084.7  0.4770809
5087.3  0.4653628
5089.9  0.5032521
5092.5  0.536478
5095.1  0.5367727
5097.7  0.5418105
5100.3  0.5190006
5102.9  0.4685567
5105.5  0.5619106
5108.1  0.5593633
5110.7  0.5059344
5113.3  0.5406903
5115.9  0.6049377
5118.5  0.5538369
5121.1  0.6806306
5123.7  0.5335727
5126.3  0.5777165
5128.9  0.5573199
5131.5  0.6268774
5134.1  0.6932335
5136.7  0.6615664
5139.3  0.5874611
5141.9  0.6207385
5144.5  0.6185433
5147.1  0.7057018
5149.7  0.7360442
5152.3  0.6679422
5154.9  0.7009556
5157.5  0.7499202
5160.1  0.7837778
5162.7  0.8019888
5165.3  0.7939012
5167.9  0.6731768
5170.5  0.6224339
5173.1  0.7785417
5175.7  0.7834682
5178.3  0.8265272
5180.9  0.8595116
5183.5  0.8411061
5186.1  0.7290741
5188.7  0.8205118
5191.3  0.9128029
5193.9  0.9041805
5196.5  0.9724316
5199.1  0.9239643
5201.7  1.014947
5204.3  1.006224
5206.9  0.963264
5209.5  0.980545
5212.1  1.002864
5214.7  0.9822248
5217.3  1.09707
5219.9  1.052812
5222.5  1.176193
5225.1  1.083495
5227.7  1.071308
5230.3  0.9462367
5232.9  1.185615
5235.5  1.219938
5238.1  1.149314
5240.7  1.348377
5243.3  1.2903
5245.9  1.299304
5248.5  1.266174
5251.1  1.311924
5253.7  1.237783
5256.3  1.198484
5258.9  1.332009
5261.5  1.385674
5264.1  1.185456
5266.7  1.184736
5269.3  1.056118
5271.9  1.013967
5274.5  1.156913
5277.1  1.274699
5279.7  1.306142
5282.3  1.509633
5284.9  1.510483
5287.5  1.385834
5290.1  1.356526
5292.7  1.420132
5295.3  1.402174
5297.9  1.359267
5300.5  1.371352
5303.1  1.269536
5305.7  1.421125
5308.3  1.362144
5310.9  1.423405
5313.5  1.529778
5316.1  1.407252
5318.7  1.397255
5321.3  1.39288
5323.9  1.480868
5326.5  1.357284
5329.1  1.385501
5331.7  1.277252
5334.3  1.306701
5336.9  1.454968
5339.5  1.483403
5342.1  1.527443
5344.7  1.412776
5347.3  1.458574
5349.9  1.535172
5352.5  1.458944
5355.1  1.4677
5357.7  1.606755
5360.3  1.752219
5362.9  1.645404
5365.5  1.391733
5368.1  1.299744
5370.7  1.493277
5373.3  1.392174
5375.9  1.40895
5378.5  1.548422
5381.1  1.534065
5383.7  1.4792
5386.3  1.538447
5388.9  1.382776
5391.5  1.359346
5394.1  1.355114
5396.7  1.421045
5399.3  1.380697
5401.9  1.439199
5404.5  1.375355
5407.1  1.444495
5409.7  1.410286
5412.3  1.378902
5414.9  1.45284
5417.5  1.489635
5420.1  1.513913
5422.7  1.589893
5425.3  1.442149
5427.9  1.3653
5430.5  1.419858
5433.1  1.506256
5435.7  1.45529
5438.3  1.346691
5440.9  1.393288
5443.5  1.447087
5446.1  1.498676
5448.7  1.25917
5451.3  1.326751
5453.9  1.610413
5456.5  1.631568
5459.1  1.303404
5461.7  1.472563
5464.3  1.463777
5466.9  1.257212
5469.5  1.409198
5472.1  1.276153
5474.7  1.381614
5477.3  1.251487
5479.9  1.23524
5482.5  1.216318
5485.1  1.24754
5487.7  1.18083
5490.3  1.351394
5492.9  1.353418
5495.5  1.303098
5498.1  1.316683
5500.7  1.296265
5503.3  1.385942
5505.9  1.370253
5508.5  1.300939
5511.1  1.33975
5513.7  1.277624
5516.3  1.279098
5518.9  1.259833
5521.5  1.330918
5524.1  1.468092
5526.7  1.405974
5529.3  1.306487
5531.9  1.307427
5534.5  1.32969
5537.1  1.474862
5539.7  1.336265
5542.3  1.384253
5544.9  1.379684
5547.5  1.36468
5550.1  1.378978
5552.7  1.377019
5555.3  1.376342
5557.9  1.333739
5560.5  1.263236
5563.1  1.304717
5565.7  1.307431
5568.3  1.328899
5570.9  1.581562
5573.5  1.598174
5576.1  1.230474
5578.7  1.086087
5581.3  0.8110682
5583.9  0.6815593
5586.5  1.099058
5589.1  1.067818
5591.7  1.00058
5594.3  1.051856
5596.9  1.099678
5599.5  1.091554
5602.1  1.081346
5604.7  1.096164
5607.3  1.086397
5609.9  1.113461
5612.5  1.122965
5615.1  1.123762
5617.7  1.076809
5620.3  1.052003
5622.9  1.123697
5625.5  1.140932
5628.1  1.119461
5630.7  1.130014
5633.3  1.211785
5635.9  1.22675
5638.5  1.20597
5641.1  1.230336
5643.7  1.206068
5646.3  1.118218
5648.9  1.204327
5651.5  1.275599
5654.1  1.225975
5656.7  1.206212
5659.3  1.200661
5661.9  1.196307
5664.5  1.191727
5667.1  1.199053
5669.7  1.184253
5672.3  1.186363
5674.9  1.185893
5677.5  1.209071
5680.1  1.284166
5682.7  1.198849
5685.3  1.184534
5687.9  1.124301
5690.5  1.128257
5693.1  1.154665
5695.7  1.161841
5698.3  1.200864
5700.9  1.137026
5703.5  1.057416
5706.1  0.9872928
5708.7  1.013836
5711.3  1.000055
5713.9  1.000138
5716.5  1.054841
5719.1  1.104906
5721.7  1.113274
5724.3  1.125485
5726.9  1.179472
5729.5  1.160213
5732.1  1.107556
5734.7  1.149808
5737.3  1.136078
5739.9  1.118437
5742.5  1.146985
5745.1  1.155484
5747.7  1.112669
5750.3  1.109157
5752.9  1.123602
5755.5  1.128883
5758.1  1.117857
5760.7  1.140731
5763.3  1.132758
5765.9  1.122401
5768.5  1.153699
5771.1  1.1981
5773.7  1.151237
5776.3  1.140959
5778.9  1.072026
5781.5  1.074841
5784.1  0.9509082
5786.7  0.937868
5789.3  1.018049
5791.9  1.074883
5794.5  1.08092
5797.1  1.058372
5799.7  1.047885
5802.3  1.062529
5804.9  1.030161
5807.5  1.052573
5810.1  1.063888
5812.7  1.071238
5815.3  1.079411
5817.9  1.094646
5820.5  1.08989
5823.1  1.095395
5825.7  1.102613
5828.3  1.1193
5830.9  1.100927
5833.5  1.109472
5836.1  1.091359
5838.7  1.066601
5841.3  1.089958
5843.9  1.109516
5846.5  1.118063
5849.1  1.09759
5851.7  1.073725
5854.3  1.08722
5856.9  1.068774
5859.5  1.063608
5862.1  1.076069
5864.7  1.144708
5867.3  1.113244
5869.9  1.119694
5872.5  1.086723
5875.1  1.130411
5877.7  1.124396
5880.3  1.115065
5882.9  1.090093
5885.5  1.04002
5888.1  1.030835
5890.7  0.9633209
5893.3  0.78548
5895.9  0.7620699
5898.5  0.8332623
5901.1  0.8553276
5903.7  0.9620237
5906.3  0.9943727
5908.9  1.016967
5911.5  1.03338
5914.1  1.008823
5916.7  0.9456347
5919.3  0.9988195
5921.9  1.001648
5924.5  0.9565999
5927.1  0.969054
5929.7  0.967346
5932.3  0.9896476
5934.9  0.9825032
5937.5  0.9700824
5940.1  0.9660459
5942.7  1.007529
5945.3  0.9549232
5947.9  0.9608794
5950.5  0.9589732
5953.1  0.9413736
5955.7  0.9676562
5958.3  0.9587992
5960.9  0.9521891
5963.5  0.9776027
5966.1  1.018185
5968.7  1.002429
5971.3  0.9983845
5973.9  1.028133
5976.5  1.031444
5979.1  0.9961348
5981.7  1.024729
5984.3  0.9855796
5986.9  0.9994875
5989.5  1.001814
5992.1  1.040109
5994.7  1.023136
5997.3  1.03471
5999.9  1.024809
6002.5  0.99377
6005.1  1.03263
6007.7  1.031852
6010.3  1.022064
6012.9  1.007503
6015.5  0.9725934
6018.1  0.9813902
6020.7  1.000357
6023.3  0.9889489
6025.9  0.9831786
6028.5  0.9818351
6031.1  1.003818
6033.7  1.003962
6036.3  1.00439
6038.9  1.029859
6041.5  1.006152
6044.1  0.9862881
6046.7  1.003466
6049.3  1.003843
6051.9  0.9866177
6054.5  0.9786229
6057.1  0.9670956
6059.7  0.9443737
6062.3  0.9530931
6064.9  0.9557073
6067.5  0.9481088
6070.1  0.932215
6072.7  0.989776
6075.3  0.9945305
6077.9  1.019765
6080.5  0.9580095
6083.1  0.9656676
6085.7  0.9708647
6088.3  0.9631636
6090.9  0.9540088
6093.5  0.9587927
6096.1  0.9569883
6098.7  0.9540336
6101.3  0.9992262
6103.9  0.9735219
6106.5  0.9578006
6109.1  0.9746729
6111.7  0.9912512
6114.3  0.9921747
6116.9  0.998541
6119.5  1.000165
6122.1  0.9698987
6124.7  0.9395438
6127.3  0.9429476
6129.9  0.9619071
6132.5  0.9636765
6135.1  0.9616123
6137.7  0.9477316
6140.3  0.8969976
6142.9  0.8811099
6145.5  0.951979
6148.1  0.9448665
6150.7  0.9507886
6153.3  0.9165303
6155.9  0.9146444
6158.5  0.9206394
6161.1  0.900579
6163.7  0.8653069
6166.3  0.8271737
6168.9  0.8317215
6171.5  0.851952
6174.1  0.8230303
6176.7  0.8428473
6179.3  0.8831096
6181.9  0.9002113
6184.5  0.8780097
6187.1  0.8946558
6189.7  0.8964756
6192.3  0.843538
6194.9  0.848747
6197.5  0.8630747
6200.1  0.8949961
6202.7  0.8776661
6205.3  0.8803111
6207.9  0.8785579
6210.5  0.8968441
6213.1  0.9054856
6215.7  0.8804701
6218.3  0.8696766
6220.9  0.8950375
6223.5  0.9167939
6226.1  0.9048363
6228.7  0.9396167
6231.3  0.9435539
6233.9  0.9056885
6236.5  0.9185841
6239.1  0.9342927
6241.7  0.9390849
6244.3  0.9211648
6246.9  0.9047946
6249.5  0.9134855
6252.1  0.9543908
6254.7  0.9285837
6257.3  0.8891768
6259.9  0.890965
6262.5  0.8825548
6265.1  0.91464
6267.7  0.9465733
6270.3  0.9331793
6272.9  0.9249912
6275.5  0.9257915
6278.1  0.9249786
6280.7  0.873409
6283.3  0.824483
6285.9  0.7792799
6288.5  0.7958544
6291.1  0.8332494
6293.7  0.8792762
6296.3  0.9458966
6298.9  0.9503558
6301.5  0.8945643
6304.1  0.877309
6306.7  0.9244949
6309.3  0.9051077
6311.9  0.9075354
6314.5  0.8919563
6317.1  0.8809512
6319.7  0.8685719
6322.3  0.8676713
6324.9  0.9010583
6327.5  0.9141278
6330.1  0.9484761
6332.7  0.9209372
6335.3  0.9193224
6337.9  0.9125596
6340.5  0.9055305
6343.1  0.8924016
6345.7  0.8985154
6348.3  0.8884748
6350.9  0.9273213
6353.5  0.9174459
6356.1  0.9273807
6358.7  0.9059466
6361.3  0.9165571
6363.9  0.9158047
6366.5  0.8840293
6369.1  0.891996
6371.7  0.9388896
6374.3  0.9577995
6376.9  0.9729671
6379.5  0.9721582
6382.1  0.9448515
6384.7  0.9355533
6387.3  0.9869601
6389.9  0.9984926
6392.5  0.9876654
6395.1  0.99167
6397.7  0.9423267
6400.3  0.9545251
6402.9  0.9505163
6405.5  0.9287243
6408.1  0.9628242
6410.7  0.9636962
6413.3  0.9050384
6415.9  0.9514585
6418.5  0.9489781
6421.1  0.9777495
6423.7  0.9497733
6426.3  0.9445598
6428.9  0.961432
6431.5  0.973394
6434.1  0.959222
6436.7  0.9400223
6439.3  0.9533193
6441.9  0.9433056
6444.5  0.9362659
6447.1  0.9553399
6449.7  0.9411187
6452.3  0.8942667
6454.9  0.8881597
6457.5  0.9142923
6460.1  0.9187468
6462.7  0.9325972
6465.3  0.9387392
6467.9  0.9328374
6470.5  0.9463555
6473.1  0.9472584
6475.7  0.9501249
6478.3  0.9509593
6480.9  0.9651434
6483.5  0.9454567
6486.1  0.9320183
6488.7  0.9474613
6491.3  0.9674768
6493.9  0.945114
6496.5  0.8833728
6499.1  0.861666
6501.7  0.880089
6504.3  0.9334476
6506.9  0.9688682
6509.5  0.9764364
6512.1  0.980502
6514.7  1.001651
6517.3  0.9823384
6519.9  0.9877111
6522.5  0.9641542
6525.1  0.9580607
6527.7  0.9704292
6530.3  0.9715188
6532.9  0.9604472
6535.5  0.9469435
6538.1  0.9640171
6540.7  0.9542034
6543.3  0.9870834
6545.9  0.9749554
6548.5  0.9654644
6551.1  0.9562412
6553.7  0.9605414
6556.3  0.9700162
6558.9  0.9397115
6561.5  0.9252646
6564.1  0.8661626
6566.7  0.8016967
6569.3  0.8646542
6571.9  0.962887
6574.5  0.955573
6577.1  0.9579579
6579.7  0.9669406
6582.3  0.9769621
6584.9  0.9856837
6587.5  0.9698052
6590.1  0.9547998
6592.7  0.9573659
6595.3  0.9353285
6597.9  0.9121658
6600.5  0.9565033
6603.1  0.9654151
6605.7  0.9676078
6608.3  0.9588709
6610.9  0.9469984
6613.5  0.9284405
6616.1  0.9421476
6618.7  0.9712056
6621.3  0.9824018
6623.9  1.013793
6626.5  0.9815232
6629.1  0.9831254
6631.7  0.9924492
6634.3  0.9911044
6636.9  0.9817387
6639.5  0.985343
6642.1  0.9930867
6644.7  1.005715
6647.3  0.9875958
6649.9  1.001843
6652.5  1.00626
6655.1  0.9890649
6657.7  1.002005
6660.3  1.012192
6662.9  1.009584
6665.5  1.0032
6668.1  0.9928951
6670.7  0.9952615
6673.3  1.01607
6675.9  1.015394
6678.5  1.037403
6681.1  1.008749
6683.7  0.9928211
6686.3  1.040468
6688.9  1.052504
6691.5  1.04077
6694.1  1.056069
6696.7  1.033297
6699.3  1.011643
6701.9  0.999611
6704.5  1.000912
6707.1  1.015649
6709.7  1.03897
6712.3  1.025892
6714.9  1.023304
6717.5  1.017468
6720.1  0.9897543
6722.7  1.00128
6725.3  1.028574
6727.9  1.020882
6730.5  1.032289
6733.1  1.030888
6735.7  1.014376
6738.3  1.010818
6740.9  1.013334
6743.5  1.004629
6746.1  1.002597
6748.7  1.000533
6751.3  0.9922317
6753.9  1.00162
6756.5  1.001507
6759.1  1.023828
6761.7  1.036038
6764.3  1.042001
6766.9  1.034561
6769.5  1.010796
6772.1  1.013436
6774.7  1.01188
6777.3  1.022552
6779.9  1.028253
6782.5  1.037174
6785.1  1.041383
6787.7  1.024422
6790.3  1.024721
6792.9  1.043749
6795.5  1.037175
6798.1  1.036455
6800.7  1.049689
6803.3  1.047774
6805.9  1.04278
6808.5  1.041847
6811.1  1.031542
6813.7  1.045276
6816.3  1.050636
6818.9  1.040236
6821.5  1.056975
6824.1  1.055229
6826.7  1.061576
6829.3  1.053558
6831.9  1.049995
6834.5  1.056587
6837.1  1.027793
6839.7  1.048773
6842.3  1.015699
6844.9  0.9857673
6847.5  0.9824999
6850.1  1.025006
6852.7  1.031854
6855.3  1.025131
6857.9  1.024345
6860.5  1.012865
6863.1  0.9935989
6865.7  0.9939448
6868.3  0.9534058
6870.9  0.8496197
6873.5  0.7617796
6876.1  0.7610041
6878.7  0.8324704
6881.3  0.8951439
6883.9  0.9392555
6886.5  0.9543174
6889.1  0.9346015
6891.7  0.920995
6894.3  0.9242205
6896.9  0.9441407
6899.5  0.9290903
6902.1  0.9484847
6904.7  0.9588551
6907.3  0.9651818
6909.9  0.98363
6912.5  0.9970652
6915.1  0.981617
6917.7  0.9822016
6920.3  0.9879515
6922.9  1.00946
6925.5  1.007057
6928.1  0.987308
6930.7  0.9969458
6933.3  1.000036
6935.9  1.003538
6938.5  0.9997962
6941.1  0.9851747
6943.7  1.015092
6946.3  1.002771
6948.9  0.979946
6951.5  0.9918323
6954.1  1.013166
6956.7  1.009648
6959.3  1.008079
6961.9  1.028314
6964.5  1.027564
6967.1  1.038856
6969.7  1.05099
6972.3  1.046625
6974.9  1.042081
6977.5  1.03597
6980.1  1.022715
6982.7  1.00461
6985.3  1.018012
6987.9  1.052693
6990.5  1.040183
6993.1  1.013329
6995.7  1.022103
6998.3  1.025002
7000.9  1.041975
7003.5  1.017736
7006.1  1.016444
7008.7  1.010201
7011.3  1.016257
7013.9  1.016727
7016.5  1.016778
7019.1  0.995066
7021.7  0.9888431
7024.3  1.015142
7026.9  1.012383
7029.5  1.003528
7032.1  1.016576
7034.7  1.029619
7037.3  1.039667
7039.9  1.029371
7042.5  1.022838
7045.1  1.045658
7047.7  1.063358
7050.3  1.063354
7052.9  1.038825
7055.5  1.021059
7058.1  1.030857
7060.7  1.051328
7063.3  1.043003
7065.9  1.014792
7068.5  1.044335
7071.1  1.033358
7073.7  1.018934
7076.3  1.052711
7078.9  1.057095
7081.5  1.066375
7084.1  1.061476
7086.7  1.041179
7089.3  1.015798
7091.9  1.020068
7094.5  1.036228
7097.1  1.029719
7099.7  1.054679
7102.3  1.060787
7104.9  1.055707
7107.5  1.044913
7110.1  1.037501
7112.7  1.030058
7115.3  1.03574
7117.9  1.039317
7120.5  1.040277
7123.1  1.033761
7125.7  1.024723
7128.3  1.046687
7130.9  1.054223
7133.5  1.037477
7136.1  1.035388
7138.7  1.041382
7141.3  1.045286
7143.9  1.030935
7146.5  1.037763
7149.1  1.034267
7151.7  1.025994
7154.3  1.017072
7156.9  1.031085
7159.5  1.051772
7162.1  1.044762
7164.7  1.025621
7167.3  1.010459
7169.9  0.990406
7172.5  0.9868857
7175.1  0.9745101
7177.7  0.9641696
7180.3  0.968575
7182.9  0.9555624
7185.5  0.9420404
7188.1  0.8981682
7190.7  0.8935627
7193.3  0.906334
7195.9  0.9215372
7198.5  0.9374587
7201.1  0.9439726
7203.7  0.9351997
7206.3  0.9342271
7208.9  0.9447668
7211.5  0.9460098
7214.1  0.9890447
7216.7  1.022278
7219.3  1.015138
7221.9  1.001908
7224.5  1.000573
7227.1  0.9831949
7229.7  0.9871306
7232.3  1.003408
7234.9  0.99334
7237.5  0.9733948
7240.1  0.9605316
7242.7  0.9799795
7245.3  0.9683351
7247.9  0.9736652
7250.5  0.994296
7253.1  0.9958807
7255.7  0.9652306
7258.3  0.9644529
7260.9  1.002636
7263.5  0.9810639
7266.1  0.9672342
7268.7  0.9852945
7271.3  1.0057
7273.9  1.019851
7276.5  0.9881366
7279.1  0.9601046
7281.7  0.9655207
7284.3  0.9913207
7286.9  0.9982572
7289.5  0.9770889
7292.1  0.9458255
7294.7  0.9324999
7297.3  0.9641606
7299.9  1.01372
7302.5  1.016216
7305.1  0.9827835
7307.7  0.9714888
7310.3  0.9813409
7312.9  0.9684204
7315.5  0.9788741
7318.1  0.9997938
7320.7  0.978106
7323.3  0.9834144
7325.9  1.001271
7328.5  0.9987587
7331.1  0.9940318
7333.7  1.005261
7336.3  1.0008
7338.9  1.006453
7341.5  1.039564
7344.1  1.040489
7346.7  1.010123
7349.3  0.9970581
7351.9  0.9951609
7354.5  0.9841428
7357.1  0.9839449
7359.7  0.9804323
7362.3  0.9730823
7364.9  0.9829703
7367.5  0.9823576
7370.1  0.9923959
7372.7  0.9978368
7375.3  1.010836
7377.9  1.032599
7380.5  1.030096
7383.1  1.025003
7385.7  1.008353
7388.3  0.9888384
7390.9  0.9778926
7393.5  0.9817961
7396.1  1.007644
7398.7  1.011479
7401.3  1.000148
7403.9  0.9954543
7406.5  0.9974321
7409.1  1.005847
7411.7  0.9969938
7414.3  0.9845625
7416.9  0.9692954
7419.5  0.9639482
7422.1  0.9858153
7424.7  0.9872807
7427.3  0.9771042
7429.9  0.9961343
7432.5  1.005184
7435.1  0.9903938
7437.7  1.005209
7440.3  1.018989
7442.9  1.007196
7445.5  0.9985438
7448.1  0.9981399
7450.7  1.011904
7453.3  1.037886
7455.9  1.042616
7458.5  1.045498
7461.1  1.036653
7463.7  1.024628
7466.3  1.012444
7468.9  1.026465
7471.5  1.051732
7474.1  1.042647
7476.7  1.03663
7479.3  1.036831
7481.9  1.037622
7484.5  1.028604
7487.1  1.028223
7489.7  1.027131
7492.3  1.041067
7494.9  1.022347
7497.5  1.008111
7500.1  1.021547
7502.7  1.041954
7505.3  1.048687
7507.9  1.036887
7510.5  1.033032
7513.1  1.027051
7515.7  1.031889
7518.3  1.055313
7520.9  1.052252
7523.5  1.042182
7526.1  1.027966
7528.7  1.031751
7531.3  1.047625
7533.9  1.03586
7536.5  1.021407
7539.1  1.041605
7541.7  1.050423
7544.3  1.036344
7546.9  1.031034
7549.5  1.032457
7552.1  1.031557
7554.7  1.027676
7557.3  1.026044
7559.9  1.013613
7562.5  1.009721
7565.1  1.002838
7567.7  1.016281
7570.3  1.014377
7572.9  1.014055
7575.5  1.025125
7578.1  1.014572
7580.7  1.021927
7583.3  1.022028
7585.9  0.9986799
7588.5  0.9849942
7591.1  0.9788016
7593.7  0.9378336
7596.3  0.8249993
7598.9  0.5983642
7601.5  0.421947
7604.1  0.34337
7606.7  0.2896347
7609.3  0.2924978
7611.9  0.3443843
7614.5  0.429711
7617.1  0.5334964
7619.7  0.6570894
7622.3  0.7407417
7624.9  0.7016752
7627.5  0.5928814
7630.1  0.5510985
7632.7  0.5487012
7635.3  0.5577215
7637.9  0.5725651
7640.5  0.6069843
7643.1  0.630241
7645.7  0.6576699
7648.3  0.676805
7650.9  0.7082381
7653.5  0.7266709
7656.1  0.7595387
7658.7  0.7842385
7661.3  0.7956595
7663.9  0.7985621
7666.5  0.7977187
7669.1  0.8013173
7671.7  0.8576813
7674.3  0.9039447
7676.9  0.9314311
7679.5  0.9378045
7682.1  0.934401
7684.7  0.9397306
7687.3  0.9477935
7689.9  0.9489415
7692.5  0.9441667
7695.1  0.9211361
7697.7  0.9332995
7700.3  0.9172541
7702.9  0.8883452
7705.5  0.9304125
7708.1  0.9633794
7710.7  0.9585363
7713.3  0.9458582
7715.9  0.9110026
7718.5  0.9217541
7721.1  0.9235221
7723.7  0.9462827
7726.3  0.9357932
7728.9  0.9495819
7731.5  0.9616911
7734.1  0.9601274
7736.7  0.9837101
7739.3  0.9813598
7741.9  0.991965
7744.5  0.9850389
7747.1  0.9594842
7749.7  0.9408051
7752.3  0.9378111
7754.9  0.9476035
7757.5  0.9691538
7760.1  0.9883302
7762.7  0.9753422
7765.3  0.9715471
7767.9  0.97609
7770.5  0.9828007
7773.1  0.9879448
7775.7  0.9761676
7778.3  0.9672908
7780.9  0.9626558
7783.5  0.957892
7786.1  0.9580024
7788.7  0.9748409
7791.3  0.9776771
7793.9  0.9742901
7796.5  0.9926212
7799.1  0.9895995
7801.7  0.9715061
7804.3  0.983909
7806.9  0.9991786
7809.5  1.003477
7812.1  0.9820711
7814.7  0.9853597
7817.3  1.007191
7819.9  1.023524
7822.5  1.022403
7825.1  1.030516
7827.7  1.019766
7830.3  1.016099
7832.9  0.9959897
7835.5  0.9824822
7838.1  0.9727388
7840.7  0.9866808
7843.3  1.016264
7845.9  1.014054
7848.5  1.015858
7851.1  1.008139
7853.7  1.014983
7856.3  1.007749
7858.9  1.003255
7861.5  1.012961
7864.1  1.006176
7866.7  1.015501
7869.3  1.01109
7871.9  1.008995
7874.5  1.003779
7877.1  1.001881
7879.7  0.9975643
7882.3  0.9880072
7884.9  0.9947634
7887.5  0.9922433
7890.1  1.003696
7892.7  1.002109
7895.3  0.9966826
7897.9  0.9854232
7900.5  0.9828117
7903.1  0.9954736
7905.7  0.9837328
7908.3  0.9848652
7910.9  0.984183
7913.5  0.9835842
7916.1  0.9694445
7918.7  0.9595717
7921.3  0.9574367
7923.9  0.957578
7926.5  0.9556122
7929.1  0.9670308
7931.7  0.9643154
7934.3  0.9501081
7936.9  0.9509785
7939.5  0.9484098
7942.1  0.9614525
7944.7  0.9640896
7947.3  0.9602305
7949.9  0.9516659
7952.5  0.9593014
7955.1  0.9817623
7957.7  0.9915985
7960.3  0.9864196
7962.9  0.9758058
7965.5  0.9753174
7968.1  0.987878
7970.7  0.9922468
7973.3  0.9967713
7975.9  0.9932358
7978.5  1.003749
7981.1  0.9940035
7983.7  0.9884571
7986.3  1.001415
7988.9  1.001728
7991.5  0.9863015
7994.1  0.9791982
7996.7  0.9788305
7999.3  0.9629755
8001.9  0.9713337
8004.5  0.980283
8007.1  0.9901281
8009.7  0.9986092
8012.3  0.9890966
8014.9  0.9929153
8017.5  0.99211
8020.1  0.9929973
8022.7  1.002922
8025.3  0.9958014
8027.9  0.9724078
8030.5  0.947642
8033.1  0.9635947
8035.7  0.9873131
8038.3  0.9853619
8040.9  0.985446
8043.5  0.981833
8046.1  0.9644748
8048.7  0.9557635
8051.3  0.9494421
8053.9  0.9645715
8056.5  0.9794418
8059.1  0.9869317
8061.7  0.9937752
8064.3  0.9925486
8066.9  0.9910406
8069.5  0.9706668
8072.1  0.9461479
8074.7  0.9517037
8077.3  0.9644732
8079.9  0.9652091
8082.5  0.9712037
8085.1  0.9624715
8087.7  0.9375262
8090.3  0.9395623
8092.9  0.9454771
8095.5  0.9406406
8098.1  0.931111
8100.7  0.9260277
8103.3  0.9378304
8105.9  0.9422379
8108.5  0.9283434
8111.1  0.9179349
8113.7  0.9302117
8116.3  0.9319384
8118.9  0.9282007
8121.5  0.93009
8124.1  0.9321098
8126.7  0.9279969
8129.3  0.9251561
8131.9  0.9233331
8134.5  0.9134071
8137.1  0.8997441
8139.7  0.9083546
8142.3  0.9166283
8144.9  0.9069191
8147.5  0.8973427
8150.1  0.8777269
8152.7  0.8645211
8155.3  0.8727306
8157.9  0.8805013
8160.5  0.8862461
8163.1  0.8645014
8165.7  0.8185024
8168.3  0.8281707
8170.9  0.8682762
8173.5  0.8780201
8176.1  0.8894978
8178.7  0.8885985
8181.3  0.8486637
8183.9  0.841789
8186.5  0.8555856
8189.1  0.870084
8191.7  0.8847937
8194.3  0.8876041
8196.9  0.8733512
8199.5  0.8625066
8202.1  0.8690246
8204.7  0.8902549
8207.3  0.9220254
8209.9  0.9447759
8212.5  0.932655
8215.1  0.9324247
8217.7  0.9199483
8220.3  0.9275925
8222.9  0.9094732
8225.5  0.8940852
8228.1  0.8689513
8230.7  0.8172472
8233.3  0.7885603
8235.9  0.8409442
8238.5  0.8958177
8241.1  0.9236318
8243.7  0.9360594
8246.3  0.9422491
8248.9  0.9572961
8251.5  0.9645113
8254.1  0.9607436
8256.7  0.9401845
8259.3  0.93384
8261.9  0.9355727
8264.5  0.9619979
8267.1  0.9720098
8269.7  0.9688224
8272.3  0.9515933
8274.9  0.9298468
8277.5  0.8952007
8280.1  0.9002537
8282.7  0.9122515
8285.3  0.9269767
8287.9  0.9269447
8290.5  0.9122265
8293.1  0.8949279
8295.7  0.918027
8298.3  0.9079586
8300.9  0.9293022
8303.5  0.9307785
8306.1  0.9181291
8308.7  0.8982816
8311.3  0.9134688
8313.9  0.9164115
8316.5  0.9160308
8319.1  0.9162297
8321.7  0.9101169
8324.3  0.8928055
8326.9  0.9030223
8329.5  0.9055855
8332.1  0.8893355
8334.7  0.8952641
8337.3  0.8878761
8339.9  0.8947204
8342.5  0.9112698
8345.1  0.9183862
8347.7  0.9274253
8350.3  0.9195172
8352.9  0.9192671
8355.5  0.9259296
8358.1  0.9351921
8360.7  0.9391919
8363.3  0.9386553
8365.9  0.9314193
8368.5  0.9237261
8371.1  0.9341433
8373.7  0.9388824
8376.3  0.9356351
8378.9  0.9400134
8381.5  0.9338943
8384.1  0.9236614
8386.7  0.9032443
8389.3  0.8999931
8391.9  0.9191217
8394.5  0.9417037
8397.1  0.9488947
8399.7  0.9556735
8402.3  0.9570532
8404.9  0.9529546
8407.5  0.9524527
8410.1  0.9527732
8412.7  0.9554649
8415.3  0.9488428
8417.9  0.9497541
8420.5  0.969579
8423.1  0.9652077
8425.7  0.9547149
8428.3  0.944074
8430.9  0.9430803
8433.5  0.954734
8436.1  0.9436463
8438.7  0.9299575
8441.3  0.9419416
8443.9  0.9533414
8446.5  0.9694687
8449.1  0.9756122
8451.7  0.9716386
8454.3  0.9718456
8456.9  0.9795648
8459.5  0.9819257
8462.1  0.9856932
8464.7  0.990269
8467.3  0.9895831
8469.9  0.9685625
8472.5  0.9557827
8475.1  0.9724063
8477.7  0.9987617
8480.3  1.003452
8482.9  1.002097
8485.5  0.9870874
8488.1  0.995115
8490.7  0.9930013
8493.3  0.9704935
8495.9  0.9579326
8498.5  0.8961344
8501.1  0.8152124
8503.7  0.8553763
8506.3  0.9395071
8508.9  0.9892509
8511.5  0.9911189
8514.1  0.9801695
8516.7  0.9498689
8519.3  0.9469689
8521.9  0.9638618
8524.5  0.9804805
8527.1  0.9838976
8529.7  0.9733181
8532.3  0.9726533
8534.9  0.9571366
8537.5  0.9216117
8540.1  0.8479714
8542.7  0.7369634
8545.3  0.6408896
8547.9  0.716849
8550.5  0.8523167
8553.1  0.911402
8555.7  0.9396325
8558.3  0.9452418
8560.9  0.9456118
8563.5  0.9609905
8566.1  0.9676411
8568.7  0.9674774
8571.3  0.9640052
8573.9  0.9732294
8576.5  0.9579812
8579.1  0.964106
8581.7  0.9606186
8584.3  0.958402
8586.9  0.9623452
8589.5  0.9719797
8592.1  0.9799569
8594.7  0.9634599
8597.3  0.9675133
8599.9  0.9613593
8602.5  0.9666244
8605.1  0.9688846
8607.7  0.9761446
8610.3  0.9699858
8612.9  0.9559554
8615.5  0.9413376
8618.1  0.9437516
8620.7  0.936667
8623.3  0.9179406
8625.9  0.9308397
8628.5  0.9543867
8631.1  0.9792046
8633.7  0.9791302
8636.3  0.9586752
8638.9  0.9600369
8641.5  0.956057
8644.1  0.9461592
8646.7  0.958738
8649.3  0.9567878
8651.9  0.9444479
8654.5  0.9353747
8657.1  0.9357296
8659.7  0.8895027
8662.3  0.8077182
8664.9  0.7091001
8667.5  0.7420415
8670.1  0.8852907
8672.7  0.9396095
8675.3  0.9567648
8677.9  0.9475615
8680.5  0.9469913
8683.1  0.9638541
8685.7  0.9679102
8688.3  0.9676849
8690.9  0.9537407
8693.5  0.9493424
8696.1  0.9964966
8698.7  1.013459
8701.3  0.9911702
8703.9  0.9827921
8706.5  1.005384
8709.1  1.004373
8711.7  1.004016
8714.3  0.9922503
8716.9  1.002862
8719.5  1.007683
8722.1  1.013504
8724.7  1.023919
8727.3  1.013974
8729.9  0.9994646
8732.5  1.014092
8735.1  1.019423
8737.7  1.023682
8740.3  1.012241
8742.9  1.020943
8745.5  1.022037
8748.1  1.016838
8750.7  1.012551
8753.3  1.003201
8755.9  1.008113
8758.5  1.014442
8761.1  1.021632
8763.7  1.028101
8766.3  1.007331
8768.9  0.9979632
8771.5  1.008129
8774.1  1.010505
8776.7  1.004015
8779.3  1.011859
8781.9  1.023546
8784.5  1.016458
8787.1  1.029007
8789.7  1.031408
8792.3  1.017837
8794.9  1.008727
8797.5  1.011238
8800.1  1.029313
8802.7  1.038359
8805.3  1.010816
8807.9  0.9605266
8810.5  0.9381692
8813.1  0.9791303
8815.7  1.025133
8818.3  1.030298
8820.9  1.032986
8823.5  1.026072
8826.1  0.9970482
8828.7  0.9923849
8831.3  1.018973
8833.9  1.018818
8836.5  1.013757
8839.1  1.000279
8841.7  0.9940478
8844.3  1.00084
8846.9  1.019792
8849.5  1.018854
8852.1  1.023707
8854.7  1.02133
8857.3  1.018826
8859.9  1.012069
8862.5  0.9971182
8865.1  0.9949179
8867.7  0.9821276
8870.3  0.9744071
8872.9  0.9970245
8875.5  1.008758
8878.1  1.009582
8880.7  0.9994895
8883.3  0.9967927
8885.9  1.000078
8888.5  0.999975
8891.1  1.0013
8893.7  0.9919384
8896.3  0.9985326
8898.9  1.010749
8901.5  1.001554
8904.1  0.9937795
8906.7  0.9977648
8909.3  0.9953822
8911.9  1.001421
8914.5  0.9991921
8917.1  0.9919633
8919.7  0.9953953
8922.3  0.9810811
8924.9  0.9744011
8927.5  0.9725131
8930.1  0.9646431
8932.7  0.9614171
8935.3  0.9720682
8937.9  0.9805986
8940.5  0.9845191
8943.1  0.9748639
8945.7  0.9486467
8948.3  0.9337758
8950.9  0.9279234
8953.5  0.9318238
8956.1  0.9364671
8958.7  0.9295166
8961.3  0.9342462
8963.9  0.9151196
8966.5  0.8878508
8969.1  0.8905011
8971.7  0.9060638
8974.3  0.900018
8976.9  0.8767779
8979.5  0.8850982
8982.1  0.89456
8984.7  0.8926283
8987.3  0.878847
8989.9  0.8126785
8992.5  0.7848537
8995.1  0.8225573
8997.7  0.9021059
9000.3  0.9124062
9002.9  0.8518783
9005.5  0.825588
9008.1  0.8470314
9010.7  0.8513488
9013.3  0.8409422
9015.9  0.8397343
9018.5  0.8343717
9021.1  0.8504404
9023.7  0.8714637
9026.3  0.8517442
9028.9  0.8575422
9031.5  0.895743
9034.1  0.9239776
9036.7  0.9438023
9039.3  0.9654266
9041.9  0.958208
9044.5  0.9551939
9047.1  0.9628518
9049.7  0.9653281
9052.3  0.9527478
9054.9  0.9154431
9057.5  0.9207956
9060.1  0.9299021
9062.7  0.9097099
9065.3  0.8886576
9067.9  0.901173
9070.5  0.8973194
9073.1  0.8579482
9075.7  0.8598324
9078.3  0.8828043
9080.9  0.8635756
9083.5  0.8320091
9086.1  0.8451898
9088.7  0.8402331
9091.3  0.8053204
9093.9  0.8332592
9096.5  0.8642653
9099.1  0.8657279
9101.7  0.8474964
9104.3  0.8405042
9106.9  0.8478572
9109.5  0.8386264
9112.1  0.8570994
9114.7  0.8863426
9117.3  0.8833128
9119.9  0.8349549
9122.5  0.829392
9125.1  0.8892847
9127.7  0.9042038
9130.3  0.8635879
9132.9  0.8112465
9135.5  0.7992892
9138.1  0.7870689
9140.7  0.7983207
9143.3  0.8443348
9145.9  0.8506399
9148.5  0.8432367
9151.1  0.8373276
9153.7  0.7999809
9156.3  0.7548674
9158.9  0.7592974
9161.5  0.8054863
9164.1  0.8393125
9166.7  0.8457347
9169.3  0.8337267
9171.9  0.8039114
9174.5  0.7730378
9177.1  0.7496446
9179.7  0.7673928
9182.3  0.8162837
9184.9  0.8260342
9187.5  0.8133008
9190.1  0.8227912
9192.7  0.8291523
9195.3  0.8279823
9197.9  0.8132055
9200.5  0.8312258
9203.1  0.8605812
9205.7  0.8619664
9208.3  0.8441556
9210.9  0.8205257
9213.5  0.8107849
9216.1  0.798591
9218.7  0.7883995
9221.3  0.8134509
9223.9  0.8418328
9226.5  0.8525347
9229.1  0.8365586
9231.7  0.8281933
9234.3  0.8184575
9236.9  0.8206344
9239.5  0.8155587
9242.1  0.8084528
9244.7  0.8012059
9247.3  0.8021585
9249.9  0.7984032
9252.5  0.8042169
9255.1  0.8217015
9257.7  0.814335
9260.3  0.8028297
9262.9  0.7942709
9265.5  0.797171
9268.1  0.8244878
9270.7  0.8376917
9273.3  0.8245139
9275.9  0.8064572
9278.5  0.7821501
9281.1  0.752681
9283.7  0.7326606
9286.3  0.7519536
9288.9  0.7452064
9291.5  0.727968
9294.1  0.7269157
9296.7  0.7030048
9299.3  0.672908
9301.9  0.6633519
9304.5  0.6797016
9307.1  0.6677446
9309.7  0.6530291
9312.3  0.6004828
9314.9  0.6143792
9317.5  0.5658731
9320.1  0.496935
9322.7  0.5247291
9325.3  0.5314183
9327.9  0.4935462
9330.5  0.5366875
9333.1  0.5624806
9335.7  0.516991
9338.3  0.4567713
9340.9  0.4506139
9343.5  0.428302
9346.1  0.3773876
9348.7  0.4079744
9351.3  0.5443518
9353.9  0.5538803
9356.5  0.4522833
9359.1  0.4056854
9361.7  0.4463387
9364.3  0.5403055
9366.9  0.5498394
9369.5  0.4880376
9372.1  0.4370144
9374.7  0.4316896
9377.3  0.4951624
9379.9  0.4889483
9382.5  0.4405519
9385.1  0.4750484
9387.7  0.5427072
9390.3  0.5835824
9392.9  0.6479102
9395.5  0.677909
9398.1  0.665692
9400.7  0.6441378
9403.3  0.6096647
9405.9  0.6050802
9408.5  0.6049767
9411.1  0.5882815
9413.7  0.5517726
9416.3  0.5697381
9418.9  0.5860019
9421.5  0.5857167
9424.1  0.5805702
9426.7  0.5417089
9429.3  0.4716693
9431.9  0.4405127
9434.5  0.5030677
9437.1  0.583093
9439.7  0.5330248
9442.3  0.4253221
9444.9  0.4048895
9447.5  0.4681059
9450.1  0.5548648
9452.7  0.5718172
9455.3  0.5524356
9457.9  0.4761819
9460.5  0.4568264
9463.1  0.4512241
9465.7  0.4859785
9468.3  0.538955
9470.9  0.5455087
9473.5  0.5526175
9476.1  0.5558758
9478.7  0.5338942
9481.3  0.4980998
9483.9  0.4570816
9486.5  0.4942077
9489.1  0.576013
9491.7  0.5955659
9494.3  0.5656565
9496.9  0.4782317
9499.5  0.433908
9502.1  0.4253515
9504.7  0.4466785
9507.3  0.5448231
9509.9  0.617165
9512.5  0.620896
9515.1  0.5893321
9517.7  0.526073
9520.3  0.4606318
9522.9  0.4437097
9525.5  0.4557833
9528.1  0.4985045
9530.7  0.5180011
9533.3  0.5425615
9535.9  0.5751709
9538.5  0.5519317
9541.1  0.5346308
9543.7  0.5306795
9546.3  0.4849619
9548.9  0.4735287
9551.5  0.517681
9554.1  0.530615
9556.7  0.4954983
9559.3  0.481533
9561.9  0.5166842
9564.5  0.5302719
9567.1  0.4842625
9569.7  0.470455
9572.3  0.4980043
9574.9  0.5364963
9577.5  0.5622422
9580.1  0.5566867
9582.7  0.5145527
9585.3  0.506342
9587.9  0.5340975
9590.5  0.5106516
9593.1  0.4627805
9595.7  0.4681814
9598.3  0.5000165
9600.9  0.5202259
9603.5  0.5271837
9606.1  0.5327082
9608.7  0.5226242
9611.3  0.5305936
9613.9  0.5681976
9616.5  0.5815772
9619.1  0.5573183
9621.7  0.5211923
9624.3  0.5015055
9626.9  0.4971483
9629.5  0.5097827
9632.1  0.5466959
9634.7  0.5583798
9637.3  0.533668
9639.9  0.4918109
9642.5  0.4980415
9645.1  0.5315425
9647.7  0.526278
9650.3  0.5156708
9652.9  0.5343102
9655.5  0.5563863
9658.1  0.5520107
9660.7  0.5285848
9663.3  0.5034782
9665.9  0.4979869
9668.5  0.5084206
9671.1  0.5339332
9673.7  0.5414306
9676.3  0.5587645
9678.9  0.5760367
9681.5  0.5634065
9684.1  0.5536687
9686.7  0.559894
9689.3  0.5649995
9691.9  0.5449278
9694.5  0.5459967
9697.1  0.5469626
9699.7  0.5549848
9702.3  0.5516287
9704.9  0.5487177
9707.5  0.5480036
9710.1  0.5562621
9712.7  0.5552527
9715.3  0.5699419
9717.9  0.5335824
9720.5  0.5276513
9723.1  0.5334457
9725.7  0.5146398
9728.3  0.5146375
9730.9  0.5105349
9733.5  0.5160516
9736.1  0.5031431
9738.7  0.4917094
9741.3  0.4805625
9743.9  0.5051067
9746.5  0.4981238
9749.1  0.4929811
9751.7  0.4880919
9754.3  0.4823511
9756.9  0.4806203
9759.5  0.4713787
9762.1  0.4640064
9764.7  0.471895
9767.3  0.4702094
9769.9  0.4828268
9772.5  0.4906718
9775.1  0.4981162
9777.7  0.4947215
9780.3  0.4966907
9782.9  0.4789089
9785.5  0.4596254
9788.1  0.4591957
9790.7  0.463841
9793.3  0.4595161
9795.9  0.4600136
9798.5  0.4637388
9801.1  0.463629
9803.7  0.4572241
9806.3  0.4604021
9808.9  0.4855867
9811.5  0.4987016
9814.1  0.4921185
9816.7  0.4856372
9819.3  0.4802811
9821.9  0.4706815
9824.5  0.4692148
9827.1  0.460039
9829.7  0.4552498
9832.3  0.4547142
9834.9  0.4592627
9837.5  0.4700924
9840.1  0.4755377
9842.7  0.4756004
9845.3  0.4719275
9847.9  0.4773762
9850.5  0.4673156
9853.1  0.4620145
9855.7  0.4609536
9858.3  0.4610417
9860.9  0.4585605
9863.5  0.4581067
9866.1  0.4432112
9868.7  0.44694
9871.3  0.4487216
9873.9  0.4509975
9876.5  0.4508792
9879.1  0.4531257
9881.7  0.4613928
9884.3  0.455011
9886.9  0.4491064
9889.5  0.4430376
9892.1  0.430183
9894.7  0.4243339
9897.3  0.4256617
9899.9  0.4263878
9902.5  0.421907
9905.1  0.4204827
9907.7  0.4306476
9910.3  0.435131
9912.9  0.4302381
9915.5  0.427306
9918.1  0.429468
9920.7  0.4310939
9923.3  0.429763
9925.9  0.4165544
9928.5  0.4036155
9931.1  0.4041375
9933.7  0.4005453
9936.3  0.3951554
9938.9  0.3948734
9941.5  0.3959174
9944.1  0.4025453
9946.7  0.4031833
9949.3  0.4041804
9951.9  0.3950068
9954.5  0.4020813
9957.1  0.3921294
9959.7  0.3866763
9962.3  0.3775024
9964.9  0.3789036
9967.5  0.3808932
9970.1  0.3703208
9972.7  0.3793469
9975.3  0.3747678
9977.9  0.3696778
9980.5  0.3697687
9983.1  0.3696701
9985.7  0.3679566
9988.3  0.3613386
9990.9  0.3580474
9993.5  0.3505096
9996.1  0.3420901
9998.7  0.3391198
