3501.3  0.
3503.9  0.
3506.5  0.
3509.1  0.
3511.7  0.
3514.3  0.
3516.9  0.
3519.5  0.
3522.1  0.
3524.7  0.
3527.3  0.
3529.9  0.
3532.5  0.
3535.1  0.
3537.7  -12.74084
3540.3  -3.222976
3542.9  -29.34689
3545.5  -24.89341
3548.1  -17.57379
3550.7  -23.7356
3553.3  -4.44398
3555.9  -5.650047
3558.5  -16.93028
3561.1  14.79683
3563.7  18.51149
3566.3  8.794786
3568.9  4.711357
3571.5  42.24042
3574.1  -9.944618
3576.7  3.203072
3579.3  108.7142
3581.9  10.96581
3584.5  -25.82011
3587.1  4.890318
3589.7  -14.64659
3592.3  18.49006
3594.9  21.63217
3597.5  35.89823
3600.1  21.09021
3602.7  -17.07474
3605.3  -38.11537
3607.9  -25.79991
3610.5  64.39125
3613.1  2.840726
3615.7  -24.35555
3618.3  5.165835
3620.9  -10.72657
3623.5  28.03977
3626.1  7.200357
3628.7  -9.481119
3631.3  -10.16706
3633.9  -19.20761
3636.5  -8.892165
3639.1  -24.63682
3641.7  -10.22724
3644.3  -0.4755766
3646.9  21.8334
3649.5  9.443952
3652.1  -15.3159
3654.7  9.321419
3657.3  -35.75139
3659.9  -38.27803
3662.5  -44.09642
3665.1  -9.187387
3667.7  15.11703
3670.3  36.14288
3672.9  5.368166
3675.5  -14.99397
3678.1  -30.34077
3680.7  -13.89184
3683.3  31.6258
3685.9  -14.35188
3688.5  88.59901
3691.1  -34.87009
3693.7  -32.21696
3696.3  -38.47741
3698.9  48.36657
3701.5  27.39795
3704.1  -38.51135
3706.7  16.48751
3709.3  54.85202
3711.9  36.57372
3714.5  31.40597
3717.1  30.6358
3719.7  5.124215
3722.3  -21.23855
3724.9  -6.001784
3727.5  -4.557761
3730.1  -1.319139
3732.7  78.15378
3735.3  8.275629
3737.9  -33.81709
3740.5  7.981882
3743.1  31.86654
3745.7  7.398353
3748.3  -25.15587
3750.9  13.09759
3753.5  -45.37355
3756.1  18.57833
3758.7  36.30901
3761.3  9.51331
3763.9  37.3199
3766.5  51.24713
3769.1  -41.29878
3771.7  -21.06004
3774.3  14.18399
3776.9  -2.458001
3779.5  48.28115
3782.1  14.73762
3784.7  -8.022931
3787.3  30.80074
3789.9  47.06052
3792.5  -38.99051
3795.1  -5.078882
3797.7  10.08442
3800.3  -16.51684
3802.9  -55.71784
3805.5  -31.49855
3808.1  -13.0919
3810.7  -9.796096
3813.3  -3.032287
3815.9  23.41294
3818.5  -22.08824
3821.1  -4.246597
3823.7  11.15339
3826.3  -49.73355
3828.9  -57.37367
3831.5  6.585568
3834.1  22.67539
3836.7  -11.93768
3839.3  22.60927
3841.9  -5.726847
3844.5  -14.64782
3847.1  -10.83183
3849.7  12.26111
3852.3  -58.52224
3854.9  8.180773
3857.5  -17.04933
3860.1  -0.2949811
3862.7  2.13664
3865.3  2.617512
3867.9  25.71673
3870.5  36.55087
3873.1  -12.01408
3875.7  38.14961
3878.3  28.672
3880.9  7.856169
3883.5  20.59677
3886.1  11.75509
3888.7  17.55896
3891.3  25.92539
3893.9  3.806769
3896.5  -37.85426
3899.1  1.478065
3901.7  32.13348
3904.3  -17.11084
3906.9  38.55064
3909.5  31.66925
3912.1  8.930408
3914.7  -14.36475
3917.3  26.11399
3919.9  16.62216
3922.5  -5.565233
3925.1  16.77124
3927.7  4.36815
3930.3  17.72449
3932.9  50.73651
3935.5  58.28276
3938.1  6.578182
3940.7  23.57569
3943.3  7.545182
3945.9  0.2839944
3948.5  -8.331802
3951.1  -1.462786
3953.7  -0.08289734
3956.3  -12.04977
3958.9  -17.91605
3961.5  7.478526
3964.1  -2.27977
3966.7  -9.122195
3969.3  -18.55178
3971.9  6.561498
3974.5  -5.419109
3977.1  28.34418
3979.7  17.96776
3982.3  20.14686
3984.9  -6.349977
3987.5  -20.58679
3990.1  -8.531072
3992.7  14.45523
3995.3  21.4557
3997.9  -10.31665
4000.5  -8.408301
4003.1  20.88803
4005.7  26.77915
4008.3  -1.342932
4010.9  -21.87753
4013.5  12.89581
4016.1  7.941808
4018.7  -24.00066
4021.3  57.57031
4023.9  -26.14002
4026.5  20.58925
4029.1  13.55171
4031.7  32.63428
4034.3  2.251042
4036.9  -1.661983
4039.5  22.69599
4042.1  10.34848
4044.7  12.31419
4047.3  43.88056
4049.9  7.066156
4052.5  3.4997
4055.1  16.39056
4057.7  -8.826671
4060.3  9.135319
4062.9  1.773185
4065.5  -14.41984
4068.1  33.15974
4070.7  11.45829
4073.3  11.64711
4075.9  -9.551313
4078.5  -11.13732
4081.1  -2.251406
4083.7  5.105577
4086.3  21.33874
4088.9  -4.006928
4091.5  7.635982
4094.1  -0.8567733
4096.7  -84.34193
4099.3  9.298417
4101.9  -21.76103
4104.5  -7.207325
4107.1  -19.50253
4109.7  -119.0435
4112.3  -6.008088
4114.9  21.03146
4117.5  26.45199
4120.1  23.79535
4122.7  8.781804
4125.3  -26.71057
4127.9  8.973817
4130.5  -14.8544
4133.1  14.75361
4135.7  -7.144584
4138.3  -14.48068
4140.9  4.203932
4143.5  -16.23429
4146.1  -53.9926
4148.7  3.45552
4151.3  66.52243
4153.9  5.417592
4156.5  -19.59936
4159.1  12.14137
4161.7  23.21683
4164.3  3.517399
4166.9  -19.79671
4169.5  4.278519
4172.1  -14.38989
4174.7  31.45557
4177.3  25.46207
4179.9  12.65946
4182.5  -13.60591
4185.1  -44.74581
4187.7  -72.43768
4190.3  -6.588133
4192.9  10.91666
4195.5  -21.43031
4198.1  -25.12236
4200.7  15.21291
4203.3  35.9388
4205.9  -10.36084
4208.5  -14.58092
4211.1  3.372366
4213.7  66.46091
4216.3  25.70976
4218.9  17.31355
4221.5  -39.65564
4224.1  30.05872
4226.7  44.99931
4229.3  49.11232
4231.9  -6.45207
4234.5  -11.75609
4237.1  -16.95498
4239.7  -50.20793
4242.3  24.1589
4244.9  -41.92406
4247.5  28.04272
4250.1  38.34285
4252.7  118.9269
4255.3  27.68739
4257.9  24.96588
4260.5  38.78077
4263.1  13.10809
4265.7  132.5808
4268.3  33.28214
4270.9  6.292337
4273.5  -11.66447
4276.1  -21.55145
4278.7  9.346209
4281.3  26.78809
4283.9  39.44669
4286.5  63.97522
4289.1  -51.25027
4291.7  17.41477
4294.3  -18.43314
4296.9  7.274488
4299.5  11.45178
4302.1  -26.46756
4304.7  50.74401
4307.3  20.69421
4309.9  -13.94849
4312.5  5.919463
4315.1  -10.7099
4317.7  22.8453
4320.3  41.96601
4322.9  -26.72124
4325.5  -26.36167
4328.1  10.00096
4330.7  77.08395
4333.3  28.38101
4335.9  -13.87983
4338.5  -10.84611
4341.1  -8.869497
4343.7  12.34777
4346.3  0.3486671
4348.9  29.50533
4351.5  12.0883
4354.1  14.84496
4356.7  35.8862
4359.3  54.09182
4361.9  -5.555038
4364.5  18.79315
4367.1  40.61575
4369.7  -3.932419
4372.3  22.48507
4374.9  17.47903
4377.5  10.83654
4380.1  -3.322216
4382.7  -13.79283
4385.3  -30.977
4387.9  -0.5504842
4390.5  12.5001
4393.1  6.361076
4395.7  23.18137
4398.3  49.00603
4400.9  53.13541
4403.5  -33.65456
4406.1  -55.09411
4408.7  -7.674652
4411.3  -10.90533
4413.9  -9.543146
4416.5  32.00034
4419.1  -4.560202
4421.7  -19.45487
4424.3  25.38012
4426.9  33.04881
4429.5  -21.89612
4432.1  25.83251
4434.7  11.03321
4437.3  -17.72774
4439.9  -29.92664
4442.5  -11.82592
4445.1  25.48351
4447.7  34.8614
4450.3  49.54559
4452.9  72.74485
4455.5  -8.026091
4458.1  3.395848
4460.7  10.89781
4463.3  -12.07194
4465.9  32.01635
4468.5  -17.61248
4471.1  5.522491
4473.7  5.094834
4476.3  18.36527
4478.9  4.643636
4481.5  -15.5028
4484.1  118.1149
4486.7  18.62066
4489.3  16.81118
4491.9  48.66064
4494.5  -43.84368
4497.1  3.446433
4499.7  14.19087
4502.3  -25.12412
4504.9  -18.42062
4507.5  -22.78926
4510.1  2.63597
4512.7  24.47
4515.3  -12.79059
4517.9  21.33351
4520.5  -16.03245
4523.1  18.20001
4525.7  -25.64862
4528.3  17.12551
4530.9  -43.30895
4533.5  16.1739
4536.1  19.73208
4538.7  34.17998
4541.3  15.41551
4543.9  12.54015
4546.5  -18.16903
4549.1  22.78693
4551.7  12.76433
4554.3  36.80919
4556.9  3.790347
4559.5  3.361103
4562.1  -15.97664
4564.7  50.73423
4567.3  20.15053
4569.9  35.93205
4572.5  34.21485
4575.1  20.32835
4577.7  -10.63136
4580.3  4.400499
4582.9  41.90335
4585.5  45.75326
4588.1  43.60815
4590.7  -14.1154
4593.3  9.360036
4595.9  -26.60489
4598.5  3.181238
4601.1  13.64734
4603.7  -29.83344
4606.3  10.2297
4608.9  19.93698
4611.5  8.278357
4614.1  10.44116
4616.7  -5.593726
4619.3  -10.86411
4621.9  8.086297
4624.5  23.83513
4627.1  2.821614
4629.7  10.19047
4632.3  20.12659
4634.9  -6.063643
4637.5  -8.376487
4640.1  26.52663
4642.7  13.89523
4645.3  1.536782
4647.9  -7.000332
4650.5  50.87263
4653.1  27.83225
4655.7  17.03515
4658.3  23.32211
4660.9  26.74809
4663.5  21.54701
4666.1  9.182564
4668.7  6.571691
4671.3  27.4519
4673.9  1.548419
4676.5  11.5749
4679.1  -7.116657
4681.7  -14.36442
4684.3  53.63059
4686.9  39.33413
4689.5  49.9837
4692.1  -15.49827
4694.7  -11.15536
4697.3  -15.60184
4699.9  5.415963
4702.5  -26.24303
4705.1  -5.809123
4707.7  19.16436
4710.3  0.5966786
4712.9  34.26321
4715.5  -6.738261
4718.1  23.60634
4720.7  23.38455
4723.3  -1.450249
4725.9  9.040148
4728.5  1.735167
4731.1  -29.94964
4733.7  36.01962
4736.3  33.5186
4738.9  61.65885
4741.5  30.82085
4744.1  1.647764
4746.7  20.19113
4749.3  -5.278615
4751.9  20.01584
4754.5  24.24028
4757.1  -10.53867
4759.7  18.65018
4762.3  24.18513
4764.9  23.77377
4767.5  69.66033
4770.1  69.51609
4772.7  45.29271
4775.3  1.989845
4777.9  42.82462
4780.5  26.1621
4783.1  8.988301
4785.7  15.25113
4788.3  51.18687
4790.9  33.67355
4793.5  47.8433
4796.1  41.3014
4798.7  86.84802
4801.3  25.51833
4803.9  52.34706
4806.5  41.78386
4809.1  48.22256
4811.7  44.94522
4814.3  115.3825
4816.9  83.34772
4819.5  1.604373
4822.1  60.30914
4824.7  88.97837
4827.3  82.28326
4829.9  97.22496
4832.5  108.0287
4835.1  115.1371
4837.7  143.9996
4840.3  82.37584
4842.9  90.44388
4845.5  150.8674
4848.1  122.2525
4850.7  51.92283
4853.3  102.9791
4855.9  77.83147
4858.5  113.2218
4861.1  107.7429
4863.7  102.3961
4866.3  132.6111
4868.9  39.48812
4871.5  111.3914
4874.1  158.1261
4876.7  98.39493
4879.3  139.3081
4881.9  158.6275
4884.5  115.1236
4887.1  142.8983
4889.7  176.2848
4892.3  218.6278
4894.9  204.3123
4897.5  246.0408
4900.1  194.8399
4902.7  147.2085
4905.3  162.7941
4907.9  238.9434
4910.5  184.6107
4913.1  263.4702
4915.7  335.8142
4918.3  175.0896
4920.9  229.8768
4923.5  234.7005
4926.1  195.8663
4928.7  230.1482
4931.3  239.2639
4933.9  246.8922
4936.5  329.7959
4939.1  348.0835
4941.7  315.6391
4944.3  266.2521
4946.9  238.1921
4949.5  261.2369
4952.1  325.1723
4954.7  307.2892
4957.3  302.6807
4959.9  315.9682
4962.5  282.5656
4965.1  320.6334
4967.7  233.0752
4970.3  329.3419
4972.9  258.3144
4975.5  306.7456
4978.1  313.5757
4980.7  330.2204
4983.3  375.375
4985.9  334.2061
4988.5  446.8711
4991.1  381.2119
4993.7  453.1106
4996.3  336.2537
4998.9  366.8419
5001.5  461.4465
5004.1  408.8908
5006.7  426.3744
5009.3  404.1939
5011.9  409.107
5014.5  358.3833
5017.1  418.1687
5019.7  456.9277
5022.3  457.3764
5024.9  429.862
5027.5  510.3569
5030.1  594.9312
5032.7  456.9127
5035.3  464.8592
5037.9  462.1313
5040.5  477.0446
5043.1  480.1221
5045.7  454.788
5048.3  590.5539
5050.9  473.0092
5053.5  464.4797
5056.1  582.3922
5058.7  490.2509
5061.3  576.8996
5063.9  517.0516
5066.5  678.6778
5069.1  569.3234
5071.7  569.5184
5074.3  578.6759
5076.9  606.8358
5079.5  465.831
5082.1  511.4987
5084.7  637.3321
5087.3  674.0482
5089.9  695.2106
5092.5  754.753
5095.1  569.1653
5097.7  636.3497
5100.3  588.8421
5102.9  653.8362
5105.5  657.3903
5108.1  645.8818
5110.7  556.0458
5113.3  649.672
5115.9  622.8912
5118.5  669.766
5121.1  620.1531
5123.7  622.2319
5126.3  612.9163
5128.9  615.5085
5131.5  702.3878
5134.1  673.2944
5136.7  679.5358
5139.3  643.0469
5141.9  700.5862
5144.5  659.4036
5147.1  636.4187
5149.7  620.0646
5152.3  642.604
5154.9  697.0758
5157.5  754.0692
5160.1  676.0716
5162.7  626.7567
5165.3  546.7819
5167.9  583.7344
5170.5  574.7282
5173.1  653.0297
5175.7  647.5844
5178.3  729.1317
5180.9  644.0978
5183.5  730.4922
5186.1  683.157
5188.7  744.692
5191.3  769.7012
5193.9  763.0232
5196.5  726.1896
5199.1  744.2211
5201.7  704.6523
5204.3  796.2555
5206.9  775.2489
5209.5  735.9177
5212.1  719.7558
5214.7  805.0309
5217.3  809.2695
5219.9  847.7333
5222.5  832.6743
5225.1  777.8694
5227.7  842.6129
5230.3  826.7456
5232.9  896.4596
5235.5  974.1904
5238.1  981.8438
5240.7  846.0795
5243.3  920.8871
5245.9  881.7094
5248.5  849.8159
5251.1  940.1487
5253.7  921.5212
5256.3  997.9469
5258.9  1084.129
5261.5  939.0659
5264.1  866.6363
5266.7  885.9982
5269.3  838.2862
5271.9  861.515
5274.5  933.228
5277.1  982.1111
5279.7  991.2169
5282.3  940.0427
5284.9  1004.26
5287.5  989.0107
5290.1  1072.681
5292.7  950.5856
5295.3  1078.705
5297.9  1015.627
5300.5  970.7731
5303.1  978.8846
5305.7  1001.312
5308.3  1133.521
5310.9  1035.696
5313.5  1067.27
5316.1  1125.887
5318.7  1129.675
5321.3  984.0117
5323.9  1044.892
5326.5  1071.714
5329.1  957.7419
5331.7  1091.547
5334.3  1137.215
5336.9  1194.517
5339.5  1144.595
5342.1  1129.365
5344.7  1214.359
5347.3  1103.846
5349.9  1174.544
5352.5  1380.455
5355.1  1320.438
5357.7  1283.198
5360.3  1329.396
5362.9  1223.759
5365.5  1218.334
5368.1  1220.547
5370.7  1218.743
5373.3  1237.616
5375.9  1159.753
5378.5  1317.986
5381.1  1219.546
5383.7  1193.57
5386.3  1266.657
5388.9  1208.313
5391.5  1321.369
5394.1  1333.593
5396.7  1343.57
5399.3  1336.74
5401.9  1140.89
5404.5  1157.849
5407.1  1198.858
5409.7  1213.291
5412.3  1241.934
5414.9  1304.904
5417.5  1321.059
5420.1  1418.351
5422.7  1270.718
5425.3  1196.996
5427.9  1320.872
5430.5  1395.444
5433.1  1393.796
5435.7  1335.117
5438.3  1401.288
5440.9  1447.912
5443.5  1384.319
5446.1  1317.128
5448.7  1447.935
5451.3  1360.209
5453.9  1392.457
5456.5  1338.525
5459.1  1399.41
5461.7  1464.853
5464.3  1345.9
5466.9  1486.087
5469.5  1505.362
5472.1  1388.9
5474.7  1323.597
5477.3  1257.182
5479.9  1331.168
5482.5  1370.35
5485.1  1415.349
5487.7  1416.616
5490.3  1364.044
5492.9  1313.424
5495.5  1429.727
5498.1  1530.325
5500.7  1551.209
5503.3  1494.81
5505.9  1369.139
5508.5  1570.41
5511.1  1549.77
5513.7  1540.349
5516.3  1634.182
5518.9  1694.954
5521.5  1612.706
5524.1  1800.403
5526.7  1715.197
5529.3  1788.364
5531.9  1747.559
5534.5  1705.432
5537.1  1651.863
5539.7  1603.409
5542.3  1551.227
5544.9  1689.39
5547.5  1772.707
5550.1  1629.825
5552.7  1638.122
5555.3  1718.034
5557.9  1732.988
5560.5  1752.521
5563.1  1729.167
5565.7  1665.809
5568.3  1473.946
5570.9  1676.914
5573.5  2763.387
5576.1  1930.244
5578.7  2252.596
5581.3  2630.151
5583.9  516.7665
5586.5  1165.805
5589.1  1577.186
5591.7  1508.834
5594.3  1475.713
5596.9  1552.269
5599.5  1661.899
5602.1  1703.995
5604.7  1689.393
5607.3  1716.842
5609.9  1704.403
5612.5  1677.551
5615.1  1765.404
5617.7  1787.444
5620.3  1713.879
5622.9  1719.779
5625.5  1830.518
5628.1  2002.854
5630.7  2055.35
5633.3  1991.712
5635.9  1903.217
5638.5  1843.559
5641.1  2010.405
5643.7  2073.452
5646.3  2125.924
5648.9  2130.599
5651.5  1999.302
5654.1  2053.101
5656.7  2168.243
5659.3  2104.442
5661.9  1947.805
5664.5  2041.565
5667.1  2111.414
5669.7  2120.892
5672.3  2218.446
5674.9  2167.758
5677.5  2216.967
5680.1  2155.589
5682.7  2113.095
5685.3  2162.414
5687.9  2164.876
5690.5  2081.041
5693.1  2284.292
5695.7  2094.985
5698.3  2088.279
5700.9  2150.568
5703.5  2048.615
5706.1  2051.155
5708.7  2077.841
5711.3  2062.564
5713.9  2082.202
5716.5  2129.007
5719.1  2264.823
5721.7  2183.376
5724.3  2303.588
5726.9  2270.44
5729.5  2343.457
5732.1  2380.27
5734.7  2503.66
5737.3  2472.717
5739.9  2272.459
5742.5  2366.654
5745.1  2363.079
5747.7  2373.895
5750.3  2400.717
5752.9  2337.363
5755.5  2393.907
5758.1  2435.655
5760.7  2598.12
5763.3  2428.377
5765.9  2513.63
5768.5  2584.689
5771.1  2547.865
5773.7  2635.238
5776.3  2368.736
5778.9  2285.482
5781.5  2250.098
5784.1  2251.294
5786.7  2438.048
5789.3  2528.427
5791.9  2435.925
5794.5  2464.56
5797.1  2462.046
5799.7  2612.509
5802.3  2609.664
5804.9  2625.368
5807.5  2741.548
5810.1  2554.476
5812.7  2621.083
5815.3  2590.105
5817.9  2631.069
5820.5  2652.961
5823.1  2775.367
5825.7  2759.897
5828.3  2587.452
5830.9  2759.983
5833.5  2835.782
5836.1  2795.183
5838.7  2838.355
5841.3  2764.51
5843.9  2762.965
5846.5  2818.114
5849.1  2830.67
5851.7  2832.43
5854.3  2739.427
5856.9  2810.448
5859.5  2811.616
5862.1  2891.137
5864.7  3001.974
5867.3  3035.777
5869.9  3005.634
5872.5  3041.075
5875.1  3043.102
5877.7  2922.586
5880.3  2947.543
5882.9  2700.387
5885.5  2993.714
5888.1  2685.052
5890.7  2462.078
5893.3  2098.527
5895.9  2153.176
5898.5  2368.005
5901.1  2657.933
5903.7  2870.462
5906.3  2938.892
5908.9  2999.281
5911.5  3040.601
5914.1  2962.487
5916.7  2748.987
5919.3  2846.48
5921.9  2886.394
5924.5  2900.791
5927.1  2961.928
5929.7  2867.709
5932.3  3024.394
5934.9  3055.136
5937.5  3050.55
5940.1  3010.512
5942.7  3010.816
5945.3  3089.155
5947.9  3050.35
5950.5  3253.34
5953.1  2944.311
5955.7  2939.482
5958.3  3092.053
5960.9  3266.804
5963.5  3205.319
5966.1  3254.859
5968.7  3476.963
5971.3  3491.795
5973.9  3305.248
5976.5  3446.758
5979.1  3608.465
5981.7  3480.171
5984.3  3250.03
5986.9  3470.607
5989.5  3582.204
5992.1  3543.503
5994.7  3590.465
5997.3  3535.338
5999.9  3533.529
6002.5  3560.143
6005.1  3461.584
6007.7  3498.263
6010.3  3486.344
6012.9  3559.503
6015.5  3533.022
6018.1  3518.978
6020.7  3374.206
6023.3  3599.306
6025.9  3639.321
6028.5  3699.289
6031.1  3753.553
6033.7  3774.022
6036.3  3832.551
6038.9  3614.969
6041.5  3612.697
6044.1  3689.068
6046.7  3645.103
6049.3  3673.381
6051.9  3581.695
6054.5  3701.24
6057.1  3822.22
6059.7  3718.35
6062.3  3815.771
6064.9  3740.064
6067.5  3683.16
6070.1  3803.347
6072.7  3933.113
6075.3  3990.547
6077.9  3742.493
6080.5  3905.059
6083.1  3753.344
6085.7  3758.5
6088.3  3916.762
6090.9  4148.233
6093.5  4102.596
6096.1  4031.53
6098.7  3973.649
6101.3  3930.551
6103.9  4019.029
6106.5  4143.714
6109.1  4292.956
6111.7  4132.543
6114.3  4103.626
6116.9  4068.539
6119.5  3977.583
6122.1  4093.215
6124.7  4099.274
6127.3  4243.577
6129.9  4115.273
6132.5  3996.061
6135.1  3861.429
6137.7  3980.916
6140.3  4159.617
6142.9  4192.543
6145.5  4202.22
6148.1  4198.495
6150.7  4083.499
6153.3  4009.454
6155.9  3931.948
6158.5  3978.208
6161.1  3813.087
6163.7  3635.466
6166.3  4014.243
6168.9  4066.531
6171.5  3878.378
6174.1  3919.087
6176.7  3978.151
6179.3  4163.125
6181.9  4040.591
6184.5  3986.637
6187.1  3913.371
6189.7  4209.364
6192.3  4190.312
6194.9  4210.473
6197.5  4067.937
6200.1  4064.866
6202.7  4336.334
6205.3  4314.879
6207.9  4350.237
6210.5  4373.572
6213.1  4401.136
6215.7  4343.345
6218.3  4336.025
6220.9  4399.702
6223.5  4481.643
6226.1  4575.346
6228.7  4732.223
6231.3  4381.052
6233.9  4701.534
6236.5  4767.881
6239.1  4587.317
6241.7  4606.939
6244.3  4662.51
6246.9  4635.376
6249.5  4750.5
6252.1  4697.056
6254.7  4632.603
6257.3  4774.988
6259.9  5023.759
6262.5  5178.255
6265.1  4907.04
6267.7  4988.344
6270.3  4942.422
6272.9  4728.404
6275.5  4879.778
6278.1  4687.643
6280.7  4495.15
6283.3  4283.713
6285.9  4566.914
6288.5  5012.603
6291.1  4559.528
6293.7  4750.923
6296.3  5446.305
6298.9  5356.695
6301.5  5130.496
6304.1  5544.325
6306.7  5311.036
6309.3  4725.618
6311.9  5024.238
6314.5  4777.491
6317.1  4768.99
6319.7  4852.046
6322.3  5020.887
6324.9  5196.534
6327.5  5259.855
6330.1  5361.465
6332.7  5171.951
6335.3  4909.682
6337.9  5121.434
6340.5  5215.94
6343.1  5259.998
6345.7  5367.227
6348.3  5265.911
6350.9  5287.778
6353.5  5506.951
6356.1  5265.461
6358.7  5631.458
6361.3  5229.678
6363.9  5248.56
6366.5  5475.712
6369.1  6075.208
6371.7  5300.937
6374.3  5647.458
6376.9  5695.126
6379.5  5680.797
6382.1  5821.897
6384.7  5830.458
6387.3  5954.564
6389.9  5769.891
6392.5  5727.02
6395.1  5682.963
6397.7  5645.355
6400.3  5689.946
6402.9  6023.813
6405.5  5908.217
6408.1  5919.676
6410.7  6052.612
6413.3  5758.694
6415.9  5801.714
6418.5  5921.753
6421.1  5990.974
6423.7  5900.408
6426.3  6070.851
6428.9  5929.498
6431.5  5979.953
6434.1  6037.136
6436.7  5947.329
6439.3  5997.456
6441.9  6024.927
6444.5  5902.763
6447.1  5835.076
6449.7  5786.967
6452.3  6019.129
6454.9  6180.142
6457.5  6015.314
6460.1  5915.497
6462.7  6051.837
6465.3  6082.674
6467.9  6112.764
6470.5  6142.08
6473.1  6147.837
6475.7  6194.228
6478.3  6348.255
6480.9  6422.451
6483.5  6397.94
6486.1  6511.611
6488.7  6325.13
6491.3  6041.667
6493.9  5935.143
6496.5  5999.514
6499.1  6530.611
6501.7  6704.201
6504.3  6768.071
6506.9  6765.099
6509.5  6927.627
6512.1  6953.792
6514.7  6770.579
6517.3  6562.497
6519.9  6650.99
6522.5  6634.87
6525.1  6897.38
6527.7  6777.047
6530.3  6793.572
6532.9  6783.053
6535.5  6646.545
6538.1  6852.772
6540.7  7025.528
6543.3  6803.205
6545.9  6737.326
6548.5  6683.444
6551.1  6788.472
6553.7  6487.009
6556.3  6227.204
6558.9  5927.528
6561.5  5838.413
6564.1  5916.425
6566.7  6154.756
6569.3  6430.298
6571.9  6870.167
6574.5  6854.68
6577.1  7100.397
6579.7  7244.557
6582.3  7002.318
6584.9  7273.037
6587.5  7024.572
6590.1  7003.023
6592.7  6889.939
6595.3  7067.555
6597.9  7520.758
6600.5  7384.081
6603.1  7021.963
6605.7  7499.262
6608.3  7318.334
6610.9  7392.965
6613.5  7358.199
6616.1  7314.764
6618.7  7575.002
6621.3  7492.402
6623.9  7600.935
6626.5  7560.938
6629.1  7619.503
6631.7  7541.813
6634.3  7613.246
6636.9  7704.313
6639.5  7760.684
6642.1  8000.457
6644.7  7852.248
6647.3  8147.408
6649.9  8153.042
6652.5  7803.77
6655.1  8091.437
6657.7  7968.204
6660.3  7858.626
6662.9  7955.495
6665.5  7961.229
6668.1  8113.07
6670.7  8364.588
6673.3  8204.742
6675.9  8085.804
6678.5  8273.586
6681.1  8361.584
6683.7  8283.383
6686.3  8353.616
6688.9  8639.073
6691.5  8629.868
6694.1  8251.305
6696.7  8171.171
6699.3  8216.686
6701.9  8490.36
6704.5  8524.196
6707.1  8591.858
6709.7  8331.547
6712.3  8249.973
6714.9  8115.314
6717.5  8496.439
6720.1  8406.823
6722.7  8455.482
6725.3  8805.239
6727.9  8709.923
6730.5  8624.59
6733.1  8804.805
6735.7  8684.2
6738.3  8653.033
6740.9  8454.174
6743.5  8814.126
6746.1  8689.715
6748.7  8387.7
6751.3  8694.488
6753.9  8550.272
6756.5  8796.421
6759.1  8935.723
6761.7  8869.567
6764.3  8833.53
6766.9  8921.566
6769.5  8824.847
6772.1  8690.309
6774.7  9035.706
6777.3  9234.687
6779.9  9301.528
6782.5  9092.866
6785.1  9020.433
6787.7  9164.203
6790.3  9410.781
6792.9  9144.901
6795.5  9033.929
6798.1  9386.2
6800.7  9313.39
6803.3  9373.756
6805.9  9488.54
6808.5  9308.303
6811.1  9175.727
6813.7  9578.044
6816.3  9720.615
6818.9  9496.805
6821.5  9555.316
6824.1  9628.262
6826.7  9679.643
6829.3  9568.759
6831.9  9897.712
6834.5  9620.636
6837.1  9352.532
6839.7  9233.101
6842.3  9385.813
6844.9  9371.157
6847.5  9626.249
6850.1  9388.646
6852.7  9668.316
6855.3  9452.477
6857.9  9365.946
6860.5  9548.745
6863.1  9597.911
6865.7  8999.227
6868.3  7882.646
6870.9  7544.5
6873.5  7567.921
6876.1  8191.682
6878.7  8681.977
6881.3  9175.008
6883.9  9107.229
6886.5  9062.212
6889.1  9222.368
6891.7  9305.153
6894.3  9235.045
6896.9  9134.749
6899.5  9405.863
6902.1  9212.622
6904.7  9454.047
6907.3  9650.899
6909.9  9766.096
6912.5  9556.756
6915.1  9755.088
6917.7  10045.49
6920.3  9984.601
6922.9  10012.11
6925.5  10215.82
6928.1  9979.06
6930.7  9991.36
6933.3  10075.51
6935.9  10180.03
6938.5  10196.06
6941.1  10072.35
6943.7  9865.093
6946.3  10131.58
6948.9  10035.83
6951.5  10236.31
6954.1  10386.34
6956.7  10330.71
6959.3  10392.3
6961.9  10423.16
6964.5  10549.28
6967.1  10827.36
6969.7  10717.4
6972.3  10480.26
6974.9  10333.8
6977.5  10376.8
6980.1  10403.91
6982.7  10820.12
6985.3  10757.32
6987.9  10755.51
6990.5  10587.65
6993.1  10927.79
6995.7  10759.54
6998.3  10785.83
7000.9  10738.27
7003.5  10514.
7006.1  10677.29
7008.7  10615.66
7011.3  10843.04
7013.9  10584.14
7016.5  10425.78
7019.1  10811.69
7021.7  10634.33
7024.3  10691.17
7026.9  10800.75
7029.5  10895.43
7032.1  11024.51
7034.7  11068.53
7037.3  11182.35
7039.9  11348.26
7042.5  11641.75
7045.1  11587.09
7047.7  11422.75
7050.3  11400.56
7052.9  11589.76
7055.5  11448.66
7058.1  11289.13
7060.7  11402.74
7063.3  11250.61
7065.9  11162.42
7068.5  11569.01
7071.1  11340.08
7073.7  11894.58
7076.3  11820.69
7078.9  11485.83
7081.5  11375.57
7084.1  11429.75
7086.7  11434.27
7089.3  11409.15
7091.9  11660.88
7094.5  11721.59
7097.1  11729.25
7099.7  11947.98
7102.3  12080.87
7104.9  11780.96
7107.5  11662.41
7110.1  11677.61
7112.7  11670.25
7115.3  11775.65
7117.9  11681.16
7120.5  11684.89
7123.1  11725.8
7125.7  11981.95
7128.3  11914.73
7130.9  11795.52
7133.5  11887.37
7136.1  11944.71
7138.7  11994.72
7141.3  12044.22
7143.9  11673.79
7146.5  11759.3
7149.1  11906.6
7151.7  12072.37
7154.3  12192.73
7156.9  11944.11
7159.5  11926.83
7162.1  11844.74
7164.7  11754.49
7167.3  11692.4
7169.9  11840.49
7172.5  11775.4
7175.1  11250.39
7177.7  11349.36
7180.3  10988.3
7182.9  10973.8
7185.5  10723.69
7188.1  10811.71
7190.7  10711.83
7193.3  11108.45
7195.9  11260.54
7198.5  11273.67
7201.1  11253.75
7203.7  11122.52
7206.3  11150.57
7208.9  11755.87
7211.5  12309.96
7214.1  12440.43
7216.7  12401.1
7219.3  12201.51
7221.9  11945.97
7224.5  11934.56
7227.1  12139.42
7229.7  12240.33
7232.3  12088.78
7234.9  12082.35
7237.5  12396.27
7240.1  12517.67
7242.7  12275.21
7245.3  12321.52
7247.9  12527.43
7250.5  12636.35
7253.1  12264.33
7255.7  12694.25
7258.3  12233.83
7260.9  12375.89
7263.5  12313.32
7266.1  12587.11
7268.7  12643.87
7271.3  12762.82
7273.9  12461.7
7276.5  12101.23
7279.1  12018.76
7281.7  12507.25
7284.3  12659.25
7286.9  12190.7
7289.5  12020.2
7292.1  12570.58
7294.7  12973.94
7297.3  12939.95
7299.9  12921.2
7302.5  12793.69
7305.1  12457.75
7307.7  12619.13
7310.3  12649.64
7312.9  12597.21
7315.5  13143.87
7318.1  13423.56
7320.7  13157.28
7323.3  13005.07
7325.9  13074.68
7328.5  13544.89
7331.1  12970.74
7333.7  13239.65
7336.3  13561.12
7338.9  13802.34
7341.5  13894.61
7344.1  13516.03
7346.7  13214.48
7349.3  13088.99
7351.9  13011.48
7354.5  13255.95
7357.1  12912.91
7359.7  13069.3
7362.3  13387.86
7364.9  13395.37
7367.5  13605.28
7370.1  13664.5
7372.7  13818.38
7375.3  13934.76
7377.9  13776.37
7380.5  13357.69
7383.1  13038.91
7385.7  13275.27
7388.3  13492.58
7390.9  13906.28
7393.5  13977.28
7396.1  13946.17
7398.7  13599.86
7401.3  13691.86
7403.9  14120.89
7406.5  13840.04
7409.1  13344.18
7411.7  13366.97
7414.3  13220.17
7416.9  13323.77
7419.5  13220.79
7422.1  13467.21
7424.7  13939.99
7427.3  14049.08
7429.9  14069.46
7432.5  13934.68
7435.1  13945.67
7437.7  14036.71
7440.3  14174.95
7442.9  13957.37
7445.5  14002.32
7448.1  14249.77
7450.7  14165.97
7453.3  14416.82
7455.9  14644.65
7458.5  14230.63
7461.1  14577.14
7463.7  14422.33
7466.3  14668.58
7468.9  15090.04
7471.5  14613.22
7474.1  14757.68
7476.7  14852.48
7479.3  15042.58
7481.9  14748.55
7484.5  14890.71
7487.1  14836.02
7489.7  14554.7
7492.3  14684.6
7494.9  14465.78
7497.5  14886.25
7500.1  15069.58
7502.7  15068.38
7505.3  14840.82
7507.9  14741.53
7510.5  15106.63
7513.1  15171.81
7515.7  15136.21
7518.3  15092.33
7520.9  15149.95
7523.5  15171.85
7526.1  15280.81
7528.7  14890.67
7531.3  15186.77
7533.9  15753.35
7536.5  15354.29
7539.1  15119.25
7541.7  15290.04
7544.3  15296.69
7546.9  15324.06
7549.5  15209.04
7552.1  15259.16
7554.7  15089.03
7557.3  15006.99
7559.9  15134.22
7562.5  15001.87
7565.1  15096.67
7567.7  15326.59
7570.3  15292.51
7572.9  15593.5
7575.5  15273.16
7578.1  15173.43
7580.7  15087.47
7583.3  14877.55
7585.9  15047.2
7588.5  15064.75
7591.1  13682.36
7593.7  11216.44
7596.3  8326.01
7598.9  6101.083
7601.5  5063.76
7604.1  4557.
7606.7  4580.369
7609.3  5447.402
7611.9  6806.367
7614.5  8817.354
7617.1  10688.41
7619.7  11182.8
7622.3  10447.37
7624.9  9270.382
7627.5  8659.782
7630.1  8648.499
7632.7  8791.445
7635.3  8851.539
7637.9  9254.209
7640.5  9839.557
7643.1  10351.87
7645.7  10773.29
7648.3  11044.11
7650.9  11157.37
7653.5  11386.32
7656.1  11707.69
7658.7  11947.99
7661.3  11753.85
7663.9  11794.51
7666.5  12803.78
7669.1  13660.2
7671.7  14146.75
7674.3  14540.34
7676.9  14554.41
7679.5  14863.6
7682.1  14889.85
7684.7  14933.76
7687.3  14818.61
7689.9  14794.11
7692.5  14584.91
7695.1  14538.11
7697.7  14075.49
7700.3  14320.85
7702.9  14785.72
7705.5  15300.25
7708.1  15303.4
7710.7  15199.83
7713.3  15277.4
7715.9  15331.42
7718.5  15868.04
7721.1  15462.8
7723.7  15408.54
7726.3  15670.61
7728.9  15513.5
7731.5  15880.14
7734.1  16048.79
7736.7  15694.03
7739.3  15680.54
7741.9  15697.6
7744.5  15589.28
7747.1  15534.97
7749.7  15821.38
7752.3  16836.1
7754.9  16566.31
7757.5  16286.61
7760.1  16286.51
7762.7  16253.83
7765.3  16295.87
7767.9  16045.66
7770.5  16353.97
7773.1  16412.99
7775.7  16010.62
7778.3  15798.
7780.9  16384.06
7783.5  16497.32
7786.1  16538.61
7788.7  16655.25
7791.3  16982.99
7793.9  17174.19
7796.5  16817.15
7799.1  17010.6
7801.7  17153.36
7804.3  16950.98
7806.9  16869.85
7809.5  17072.23
7812.1  17199.41
7814.7  17341.82
7817.3  18019.5
7819.9  18299.08
7822.5  18135.14
7825.1  17657.21
7827.7  17132.18
7830.3  16742.69
7832.9  16590.65
7835.5  16841.63
7838.1  17457.59
7840.7  17631.06
7843.3  17323.04
7845.9  17153.78
7848.5  17477.95
7851.1  17723.66
7853.7  18113.33
7856.3  17872.09
7858.9  18363.64
7861.5  18211.93
7864.1  17810.83
7866.7  17962.17
7869.3  17472.06
7871.9  17586.06
7874.5  17288.24
7877.1  17343.31
7879.7  17754.01
7882.3  17465.75
7884.9  17837.43
7887.5  17648.04
7890.1  17530.23
7892.7  17131.82
7895.3  17161.55
7897.9  17482.16
7900.5  17518.37
7903.1  17157.23
7905.7  17082.17
7908.3  17115.81
7910.9  16882.81
7913.5  17405.04
7916.1  17249.27
7918.7  17305.78
7921.3  17328.51
7923.9  16796.2
7926.5  16949.89
7929.1  16857.99
7931.7  16700.5
7934.3  17157.95
7936.9  16681.59
7939.5  16732.75
7942.1  16518.06
7944.7  16765.69
7947.3  17431.
7949.9  17577.85
7952.5  17488.84
7955.1  17772.76
7957.7  17647.95
7960.3  17869.77
7962.9  18319.26
7965.5  17854.31
7968.1  17882.96
7970.7  18022.62
7973.3  17983.17
7975.9  17946.45
7978.5  18403.6
7981.1  18658.27
7983.7  18178.62
7986.3  18128.73
7988.9  18424.46
7991.5  18149.29
7994.1  18021.87
7996.7  17801.37
7999.3  17951.62
8001.9  18156.94
8004.5  18179.9
8007.1  18409.
8009.7  18335.01
8012.3  18501.15
8014.9  18805.19
8017.5  18608.51
8020.1  18190.48
8022.7  17859.87
8025.3  17805.18
8027.9  17927.47
8030.5  18572.57
8033.1  18456.17
8035.7  18560.88
8038.3  17997.57
8040.9  17831.65
8043.5  17413.
8046.1  18309.89
8048.7  17973.59
8051.3  18416.16
8053.9  18651.52
8056.5  18433.87
8059.1  18719.68
8061.7  18657.16
8064.3  18317.67
8066.9  17821.42
8069.5  17575.95
8072.1  17725.31
8074.7  17942.34
8077.3  18053.71
8079.9  17649.91
8082.5  17754.94
8085.1  17505.27
8087.7  17392.41
8090.3  17525.32
8092.9  17218.64
8095.5  17307.32
8098.1  17641.74
8100.7  17469.4
8103.3  17652.71
8105.9  17749.55
8108.5  17607.54
8111.1  17452.5
8113.7  17516.85
8116.3  17568.03
8118.9  17561.13
8121.5  17484.62
8124.1  17382.38
8126.7  17425.54
8129.3  17301.13
8131.9  17152.63
8134.5  17290.61
8137.1  17559.51
8139.7  17500.32
8142.3  17131.54
8144.9  16927.66
8147.5  17007.34
8150.1  16855.83
8152.7  16563.76
8155.3  16776.47
8157.9  16740.05
8160.5  15949.08
8163.1  15754.39
8165.7  16231.59
8168.3  16586.1
8170.9  16935.84
8173.5  17100.15
8176.1  16442.47
8178.7  15942.6
8181.3  16301.62
8183.9  16784.59
8186.5  16903.64
8189.1  16775.92
8191.7  16517.55
8194.3  16518.14
8196.9  16621.63
8199.5  17126.39
8202.1  17802.41
8204.7  18134.03
8207.3  18069.99
8209.9  17786.45
8212.5  17859.86
8215.1  17895.26
8217.7  17764.47
8220.3  17961.99
8222.9  17802.2
8225.5  16635.15
8228.1  15827.94
8230.7  16215.86
8233.3  17108.36
8235.9  18017.6
8238.5  18654.29
8241.1  18900.11
8243.7  18704.44
8246.3  18723.8
8248.9  18894.36
8251.5  18836.64
8254.1  18551.76
8256.7  18641.
8259.3  18928.42
8261.9  18978.83
8264.5  19294.57
8267.1  19234.21
8269.7  18526.56
8272.3  18262.14
8274.9  18589.73
8277.5  18190.72
8280.1  18572.2
8282.7  19182.14
8285.3  18515.21
8287.9  18598.07
8290.5  18573.39
8293.1  18331.32
8295.7  18544.01
8298.3  18505.58
8300.9  18244.46
8303.5  17833.13
8306.1  17858.85
8308.7  18089.19
8311.3  18475.59
8313.9  18094.3
8316.5  17914.07
8319.1  17567.25
8321.7  17660.43
8324.3  17988.74
8326.9  17659.68
8329.5  17508.9
8332.1  18018.17
8334.7  18056.72
8337.3  18745.13
8339.9  19006.71
8342.5  19300.23
8345.1  19314.98
8347.7  19326.15
8350.3  18982.95
8352.9  19354.8
8355.5  18831.9
8358.1  18525.75
8360.7  18630.18
8363.3  18958.31
8365.9  19007.98
8368.5  19001.38
8371.1  18804.96
8373.7  19131.03
8376.3  19229.03
8378.9  18837.95
8381.5  18395.27
8384.1  18509.66
8386.7  19025.41
8389.3  19223.58
8391.9  19435.9
8394.5  19759.26
8397.1  19960.15
8399.7  20114.01
8402.3  19756.76
8404.9  19679.06
8407.5  19654.77
8410.1  19329.4
8412.7  19810.66
8415.3  20089.47
8417.9  19722.2
8420.5  19193.
8423.1  19955.11
8425.7  20452.44
8428.3  20041.33
8430.9  19575.54
8433.5  19492.28
8436.1  19294.66
8438.7  19433.11
8441.3  20002.42
8443.9  20381.85
8446.5  20537.84
8449.1  20608.15
8451.7  20543.66
8454.3  20338.97
8456.9  20708.49
8459.5  20753.13
8462.1  20612.81
8464.7  20582.38
8467.3  20155.35
8469.9  20554.31
8472.5  20799.14
8475.1  21038.59
8477.7  20726.11
8480.3  20672.38
8482.9  20745.16
8485.5  20663.75
8488.1  20363.21
8490.7  19051.96
8493.3  17727.4
8495.9  17603.36
8498.5  18426.51
8501.1  20051.3
8503.7  20929.37
8506.3  20822.62
8508.9  20318.86
8511.5  19546.9
8514.1  19643.15
8516.7  20122.11
8519.3  20334.5
8521.9  20276.14
8524.5  20253.11
8527.1  20329.31
8529.7  20057.5
8532.3  18497.96
8534.9  16027.33
8537.5  14207.14
8540.1  14401.15
8542.7  15981.56
8545.3  18214.73
8547.9  19905.16
8550.5  19954.1
8553.1  19657.67
8555.7  19768.13
8558.3  20036.27
8560.9  20006.35
8563.5  20342.74
8566.1  20004.57
8568.7  20257.51
8571.3  20167.24
8573.9  20313.05
8576.5  20274.19
8579.1  20196.27
8581.7  20255.12
8584.3  20347.01
8586.9  20314.93
8589.5  20823.34
8592.1  20263.1
8594.7  20208.72
8597.3  20419.13
8599.9  20354.76
8602.5  20231.77
8605.1  20381.1
8607.7  20263.03
8610.3  20703.65
8612.9  20652.84
8615.5  20207.2
8618.1  19723.76
8620.7  19853.89
8623.3  20363.66
8625.9  20462.77
8628.5  20944.4
8631.1  21107.31
8633.7  20839.92
8636.3  20375.51
8638.9  20446.27
8641.5  20335.
8644.1  20128.56
8646.7  19853.58
8649.3  20073.47
8651.9  19648.21
8654.5  18073.49
8657.1  15966.31
8659.7  15945.21
8662.3  17282.42
8664.9  19588.72
8667.5  19875.82
8670.1  20528.01
8672.7  20659.66
8675.3  20661.97
8677.9  20722.72
8680.5  20490.36
8683.1  20333.06
8685.7  20690.49
8688.3  21171.43
8690.9  21571.44
8693.5  21534.72
8696.1  21463.75
8698.7  21018.73
8701.3  21563.38
8703.9  21521.2
8706.5  21527.42
8709.1  21705.37
8711.7  21825.93
8714.3  21910.42
8716.9  21587.09
8719.5  21712.12
8722.1  21393.29
8724.7  21079.52
8727.3  21917.3
8729.9  21666.59
8732.5  21923.49
8735.1  21766.16
8737.7  22239.5
8740.3  22199.98
8742.9  22171.53
8745.5  21908.88
8748.1  21960.87
8750.7  21948.57
8753.3  22704.31
8755.9  23057.05
8758.5  22627.53
8761.1  22851.1
8763.7  22566.88
8766.3  22506.72
8768.9  22421.92
8771.5  22388.71
8774.1  22278.97
8776.7  22353.38
8779.3  22908.98
8781.9  22687.04
8784.5  22011.91
8787.1  22239.58
8789.7  22147.85
8792.3  22445.95
8794.9  22430.15
8797.5  22046.92
8800.1  21134.28
8802.7  20403.73
8805.3  21028.54
8807.9  21680.94
8810.5  22396.36
8813.1  22580.54
8815.7  22053.57
8818.3  22702.71
8820.9  22929.88
8823.5  23830.05
8826.1  24180.91
8828.7  23285.3
8831.3  21591.39
8833.9  21349.78
8836.5  21884.94
8839.1  22153.99
8841.7  22527.2
8844.3  22879.24
8846.9  23028.7
8849.5  23017.38
8852.1  22676.17
8854.7  22251.08
8857.3  21681.32
8859.9  21656.32
8862.5  21778.8
8865.1  22152.35
8867.7  22566.47
8870.3  22543.46
8872.9  21881.38
8875.5  22173.87
8878.1  22405.
8880.7  22807.85
8883.3  22919.71
8885.9  22164.89
8888.5  22641.77
8891.1  22141.33
8893.7  21816.24
8896.3  22676.44
8898.9  22939.7
8901.5  22491.1
8904.1  22069.79
8906.7  22109.55
8909.3  22009.19
8911.9  22507.12
8914.5  22261.35
8917.1  22029.36
8919.7  22595.83
8922.3  22409.89
8924.9  20517.78
8927.5  21169.47
8930.1  21503.11
8932.7  22071.21
8935.3  21979.84
8937.9  21790.63
8940.5  21433.98
8943.1  21015.
8945.7  21014.97
8948.3  20862.19
8950.9  20964.32
8953.5  20992.89
8956.1  20903.98
8958.7  20381.11
8961.3  19997.62
8963.9  19507.95
8966.5  19793.01
8969.1  20041.99
8971.7  19913.14
8974.3  20005.41
8976.9  20012.39
8979.5  20284.3
8982.1  20252.89
8984.7  19039.24
8987.3  17540.76
8989.9  17822.
8992.5  18802.37
8995.1  19916.79
8997.7  20057.06
9000.3  19480.28
9002.9  18816.92
9005.5  18108.77
9008.1  18156.27
9010.7  18285.37
9013.3  18493.79
9015.9  18595.65
9018.5  18832.73
9021.1  19176.19
9023.7  19323.32
9026.3  19725.78
9028.9  20337.67
9031.5  20806.43
9034.1  21347.18
9036.7  21649.92
9039.3  21607.88
9041.9  21578.04
9044.5  21451.42
9047.1  21332.85
9049.7  21226.79
9052.3  20738.62
9054.9  20386.82
9057.5  20067.67
9060.1  19727.4
9062.7  19447.48
9065.3  20191.43
9067.9  19893.06
9070.5  19160.53
9073.1  19014.47
9075.7  18788.57
9078.3  18453.99
9080.9  18182.58
9083.5  17924.59
9086.1  17888.88
9088.7  18241.09
9091.3  18909.28
9093.9  18927.52
9096.5  19142.23
9099.1  18563.64
9101.7  18364.13
9104.3  18301.03
9106.9  18224.31
9109.5  18486.89
9112.1  18764.71
9114.7  18815.3
9117.3  18740.97
9119.9  19312.91
9122.5  19748.01
9125.1  19339.23
9127.7  18398.26
9130.3  17629.16
9132.9  16966.43
9135.5  16686.46
9138.1  16979.71
9140.7  17958.19
9143.3  18888.56
9145.9  18732.58
9148.5  18125.2
9151.1  16998.44
9153.7  16533.34
9156.3  16712.83
9158.9  17093.06
9161.5  17547.36
9164.1  17498.33
9166.7  17148.62
9169.3  16613.81
9171.9  16398.14
9174.5  16483.96
9177.1  17060.54
9179.7  17343.29
9182.3  17268.01
9184.9  16959.92
9187.5  17287.21
9190.1  17505.7
9192.7  17513.73
9195.3  17481.52
9197.9  17833.29
9200.5  17816.66
9203.1  17912.58
9205.7  17550.35
9208.3  16837.83
9210.9  16879.9
9213.5  16662.67
9216.1  17336.37
9218.7  17445.72
9221.3  17436.07
9223.9  18153.82
9226.5  17511.01
9229.1  17576.64
9231.7  17298.28
9234.3  16828.12
9236.9  16450.43
9239.5  16758.19
9242.1  16572.62
9244.7  16932.29
9247.3  16902.97
9249.9  16920.81
9252.5  17113.64
9255.1  16740.88
9257.7  16815.64
9260.3  17049.61
9262.9  17213.84
9265.5  17390.1
9268.1  17755.22
9270.7  17533.87
9273.3  16951.05
9275.9  16367.61
9278.5  15979.87
9281.1  15553.75
9283.7  15380.58
9286.3  15439.9
9288.9  15369.51
9291.5  15019.34
9294.1  14695.55
9296.7  14865.4
9299.3  14724.98
9301.9  14490.98
9304.5  14009.5
9307.1  13927.12
9309.7  13416.51
9312.3  12060.85
9314.9  11400.86
9317.5  10827.55
9320.1  10777.65
9322.7  10816.55
9325.3  10977.21
9327.9  11663.34
9330.5  11341.89
9333.1  10703.18
9335.7  9931.457
9338.3  9311.591
9340.9  8167.758
9343.5  8080.534
9346.1  9759.52
9348.7  11254.73
9351.3  10475.63
9353.9  9327.977
9356.5  9246.218
9359.1  10656.06
9361.7  11123.59
9364.3  10837.33
9366.9  9407.524
9369.5  9709.931
9372.1  10278.67
9374.7  10413.82
9377.3  9679.207
9379.9  9596.705
9382.5  10407.48
9385.1  11653.55
9387.7  12489.16
9390.3  13498.67
9392.9  14049.92
9395.5  13523.7
9398.1  12729.19
9400.7  12246.94
9403.3  11979.58
9405.9  11872.9
9408.5  11345.04
9411.1  11099.62
9413.7  11577.1
9416.3  12100.03
9418.9  12058.6
9421.5  11504.43
9424.1  10247.98
9426.7  9363.509
9429.3  9704.444
9431.9  10947.3
9434.5  10979.57
9437.1  9795.72
9439.7  8685.114
9442.3  8944.075
9444.9  10143.12
9447.5  11348.5
9450.1  11107.94
9452.7  10198.59
9455.3  9229.841
9457.9  9297.232
9460.5  9745.381
9463.1  10476.49
9465.7  11130.34
9468.3  11077.59
9470.9  11151.57
9473.5  11393.08
9476.1  10580.85
9478.7  9769.596
9481.3  9709.399
9483.9  10547.28
9486.5  11864.63
9489.1  11767.23
9491.7  10544.34
9494.3  9299.489
9496.9  8428.922
9499.5  8480.788
9502.1  9784.353
9504.7  11103.25
9507.3  11903.61
9509.9  11993.14
9512.5  11388.23
9515.1  10217.25
9517.7  9440.441
9520.3  9517.928
9522.9  9668.893
9525.5  10024.49
9528.1  10524.08
9530.7  10730.35
9533.3  11000.82
9535.9  10917.74
9538.5  10294.18
9541.1  9562.591
9543.7  9484.051
9546.3  9776.771
9548.9  10131.96
9551.5  10167.21
9554.1  9865.92
9556.7  9926.546
9559.3  9961.896
9561.9  9387.408
9564.5  9044.438
9567.1  9333.687
9569.7  10303.61
9572.3  11173.98
9574.9  11082.61
9577.5  10614.36
9580.1  10357.97
9582.7  10519.87
9585.3  10442.54
9587.9  9760.026
9590.5  9262.881
9593.1  9225.292
9595.7  9774.993
9598.3  10218.44
9600.9  10166.83
9603.5  10305.02
9606.1  10596.73
9608.7  10754.73
9611.3  10967.55
9613.9  10871.83
9616.5  10343.28
9619.1  9905.539
9621.7  9712.277
9624.3  9765.973
9626.9  10209.08
9629.5  10371.66
9632.1  10112.61
9634.7  9882.993
9637.3  9823.591
9639.9  9832.623
9642.5  9892.202
9645.1  10193.33
9647.7  10424.58
9650.3  10510.48
9652.9  10426.39
9655.5  10389.07
9658.1  9863.065
9660.7  9388.944
9663.3  9569.409
9665.9  9603.086
9668.5  10099.04
9671.1  10402.13
9673.7  10850.75
9676.3  10823.5
9678.9  10857.28
9681.5  10288.04
9684.1  10617.47
9686.7  10395.54
9689.3  10374.97
9691.9  10391.07
9694.5  10107.67
9697.1  10208.29
9699.7  9886.579
9702.3  10242.06
9704.9  10726.7
9707.5  10755.44
9710.1  10582.37
9712.7  10262.03
9715.3  10061.7
9717.9  10018.11
9720.5  9762.564
9723.1  9570.053
9725.7  9108.06
9728.3  9194.702
9730.9  9185.005
9733.5  9171.335
9736.1  8876.793
9738.7  9123.576
9741.3  9197.656
9743.9  9340.431
9746.5  9262.226
9749.1  9217.962
9751.7  9104.57
9754.3  8709.36
9756.9  8683.661
9759.5  8605.414
9762.1  8427.621
9764.7  8629.502
9767.3  8956.472
9769.9  9186.544
9772.5  9139.
9775.1  9030.641
9777.7  8703.854
9780.3  8514.218
9782.9  8217.957
9785.5  8512.202
9788.1  8481.756
9790.7  7828.976
9793.3  7852.029
9795.9  8321.86
9798.5  8505.984
9801.1  8384.027
9803.7  8510.275
9806.3  8780.928
9808.9  8998.248
9811.5  9064.094
9814.1  8852.539
9816.7  8643.131
9819.3  8397.076
9821.9  8125.015
9824.5  8148.891
9827.1  8013.091
9829.7  8006.287
9832.3  8329.154
9834.9  8316.949
9837.5  8305.097
9840.1  8221.462
9842.7  8155.535
9845.3  8227.056
9847.9  8302.521
9850.5  8216.771
9853.1  8157.817
9855.7  8186.313
9858.3  7966.465
9860.9  7819.91
9863.5  7674.607
9866.1  7705.107
9868.7  7764.523
9871.3  8073.582
9873.9  8039.561
9876.5  8090.86
9879.1  7949.416
9881.7  7767.319
9884.3  7748.234
9886.9  7585.043
9889.5  7332.435
9892.1  7262.186
9894.7  7274.733
9897.3  7333.956
9899.9  7409.866
9902.5  7442.713
9905.1  7133.874
9907.7  6835.028
9910.3  7230.305
9912.9  7459.124
9915.5  7246.783
9918.1  7436.181
9920.7  7085.501
9923.3  6927.674
9925.9  6678.27
9928.5  6716.288
9931.1  6630.366
9933.7  6611.855
9936.3  6090.397
9938.9  6043.163
9941.5  6293.336
9944.1  6234.646
9946.7  6626.345
9949.3  7016.232
9951.9  6688.426
9954.5  6469.244
9957.1  6362.619
9959.7  6523.887
9962.3  6390.689
9964.9  6048.335
9967.5  5884.224
9970.1  5964.291
9972.7  5905.849
9975.3  5942.649
9977.9  6109.867
9980.5  6101.223
9983.1  5877.546
9985.7  5824.784
9988.3  5415.747
9990.9  5446.275
9993.5  5400.721
9996.1  5264.458
9998.7  5229.896
