3501.3  0.
3503.9  0.
3506.5  0.
3509.1  0.
3511.7  0.
3514.3  0.
3516.9  0.
3519.5  0.
3522.1  0.
3524.7  0.
3527.3  0.
3529.9  0.
3532.5  0.
3535.1  0.
3537.7  0.001492439
3540.3  3.789440E-4
3542.9  0.003459342
3545.5  0.003028153
3548.1  0.002015769
3550.7  0.002335451
3553.3  0.001122191
3555.9  0.003229144
3558.5  0.003449685
3561.1  0.004875169
3563.7  0.002984905
3566.3  0.005436403
3568.9  0.003503822
3571.5  0.003032381
3574.1  0.003957618
3576.7  -6.021354E-5
3579.3  -0.004153221
3581.9  -8.218504E-4
3584.5  6.861549E-4
3587.1  9.308645E-4
3589.7  8.244666E-4
3592.3  -0.002953458
3594.9  -7.533839E-4
3597.5  6.935162E-4
3600.1  -0.004047459
3602.7  0.001100328
3605.3  -5.102429E-4
3607.9  0.004048146
3610.5  -0.005271763
3613.1  -0.00262079
3615.7  0.002163239
3618.3  3.107596E-4
3620.9  -0.00584752
3623.5  0.002163735
3626.1  0.002533199
3628.7  -9.276292E-4
3631.3  1.625571E-4
3633.9  -0.005852495
3636.5  5.500851E-4
3639.1  0.004737527
3641.7  -0.00380709
3644.3  0.002131413
3646.9  -0.003874848
3649.5  -0.003308524
3652.1  -0.008640839
3654.7  -0.004391841
3657.3  0.001673487
3659.9  0.01025
3662.5  -0.003544434
3665.1  -0.001265178
3667.7  -0.003497626
3670.3  -0.001383019
3672.9  -5.089420E-4
3675.5  0.003090167
3678.1  0.002126248
3680.7  0.003060406
3683.3  -0.001914859
3685.9  0.002012351
3688.5  -0.005616199
3691.1  -0.001057321
3693.7  0.001009541
3696.3  0.0028096
3698.9  -0.0154421
3701.5  6.746833E-4
3704.1  0.001940852
3706.7  -0.002766184
3709.3  0.001306036
3711.9  -0.002290525
3714.5  -0.001231088
3717.1  -2.587051E-4
3719.7  0.002556676
3722.3  0.002532434
3724.9  -0.004489935
3727.5  -5.176101E-4
3730.1  -6.173491E-5
3732.7  -0.009332662
3735.3  -0.002519927
3737.9  0.005391514
3740.5  -0.001602742
3743.1  0.001739689
3745.7  -0.005825933
3748.3  0.003026738
3750.9  -0.007130179
3753.5  0.009770695
3756.1  -0.004748528
3758.7  -0.005894354
3761.3  4.709345E-4
3763.9  -0.004398701
3766.5  -0.006312816
3769.1  0.006789195
3771.7  0.002730435
3774.3  -0.003780632
3776.9  -0.006951194
3779.5  -0.003608605
3782.1  -0.003787823
3784.7  0.00417925
3787.3  -0.003269542
3789.9  -0.00235221
3792.5  0.004777104
3795.1  -0.001044273
3797.7  -0.002020392
3800.3  -0.001361657
3802.9  0.006491744
3805.5  0.002482853
3808.1  -0.002952909
3810.7  0.005761862
3813.3  0.004475356
3815.9  -3.067320E-4
3818.5  0.001120626
3821.1  -4.595737E-5
3823.7  3.225907E-5
3826.3  0.00880049
3828.9  0.006009402
3831.5  -0.005454078
3834.1  -0.003093461
3836.7  0.003192083
3839.3  0.001504069
3841.9  0.007181641
3844.5  -8.996704E-5
3847.1  -0.001087925
3849.7  -0.002078578
3852.3  0.003044238
3854.9  -7.022015E-4
3857.5  -0.003727896
3860.1  0.001407743
3862.7  7.871949E-4
3865.3  0.00297893
3867.9  -0.003436715
3870.5  -0.003801691
3873.1  0.00482737
3875.7  -0.00409243
3878.3  -0.001541947
3880.9  -0.001680015
3883.5  -0.00660266
3886.1  -0.006338336
3888.7  -0.006883327
3891.3  -0.001867505
3893.9  -0.003378797
3896.5  0.006031433
3899.1  -0.006511705
3901.7  -0.0030147
3904.3  0.005664565
3906.9  -5.568491E-4
3909.5  -0.007328666
3912.1  2.186042E-4
3914.7  0.001188015
3917.3  -0.008651532
3919.9  -0.005257715
3922.5  0.002438108
3925.1  -0.006784194
3927.7  0.002251787
3930.3  -0.004326614
3932.9  -0.007667657
3935.5  -0.004076858
3938.1  -0.007197126
3940.7  0.001225216
3943.3  -0.001827692
3945.9  -0.00425195
3948.5  -0.01092401
3951.1  0.001598237
3953.7  0.001717471
3956.3  7.119160E-4
3958.9  0.004546578
3961.5  -0.001251481
3964.1  -0.004303255
3966.7  0.002145107
3969.3  0.007905286
3971.9  8.585879E-4
3974.5  -2.073469E-4
3977.1  -0.005407311
3979.7  -0.00488184
3982.3  -0.002180512
3984.9  -0.005880834
3987.5  0.003954612
3990.1  -0.002562447
3992.7  -0.004996151
3995.3  -0.001065697
3997.9  0.001055423
4000.5  -0.003244024
4003.1  -8.212765E-4
4005.7  -0.0099154
4008.3  0.004934695
4010.9  -0.0048039
4013.5  -0.003391409
4016.1  0.003723559
4018.7  0.005630048
4021.3  -0.005136976
4023.9  0.01197507
4026.5  4.909434E-4
4029.1  0.004978739
4031.7  -0.00466209
4034.3  -0.004616655
4036.9  -0.006896288
4039.5  3.135427E-4
4042.1  0.001147612
4044.7  -0.002757751
4047.3  -0.002392251
4049.9  0.008732866
4052.5  0.003552085
4055.1  -0.001530505
4057.7  -0.003076709
4060.3  -4.000186E-4
4062.9  2.318464E-4
4065.5  -0.005298834
4068.1  -0.00937766
4070.7  -0.004475455
4073.3  0.004218993
4075.9  0.00282304
4078.5  -0.003077787
4081.1  -0.004419209
4083.7  1.970775E-4
4086.3  -0.007375908
4088.9  0.002826603
4091.5  0.002282783
4094.1  -4.828890E-5
4096.7  0.02230836
4099.3  -0.004668516
4101.9  0.003560861
4104.5  0.004019318
4107.1  -2.713684E-4
4109.7  0.02117259
4112.3  0.002058765
4114.9  0.001206372
4117.5  0.003626439
4120.1  0.00642214
4122.7  8.063586E-4
4125.3  0.006242576
4127.9  6.267273E-4
4130.5  1.222538E-4
4133.1  -0.006605368
4135.7  0.001045249
4138.3  -8.608041E-4
4140.9  -0.005238486
4143.5  -0.00238116
4146.1  7.106049E-4
4148.7  -0.002695087
4151.3  -0.008657807
4153.9  0.001562487
4156.5  0.0027208
4159.1  -0.01052612
4161.7  -0.004544807
4164.3  -0.005183783
4166.9  -0.004185508
4169.5  2.112813E-4
4172.1  0.003051849
4174.7  -0.007651509
4177.3  0.001307998
4179.9  -0.01372094
4182.5  2.172137E-4
4185.1  0.01368618
4187.7  0.01814894
4190.3  0.005740473
4192.9  0.006787638
4195.5  0.0105744
4198.1  -0.01145801
4200.7  9.485898E-4
4203.3  -0.005389246
4205.9  0.001175988
4208.5  0.00819859
4211.1  0.003440254
4213.7  -0.009345233
4216.3  -0.002202534
4218.9  -6.794747E-4
4221.5  0.001179757
4224.1  -0.0151645
4226.7  -0.0112193
4229.3  -0.02205281
4231.9  -0.002415679
4234.5  -0.004546751
4237.1  -0.001967968
4239.7  0.006295466
4242.3  -0.01460633
4244.9  0.00975485
4247.5  0.01696153
4250.1  8.466008E-4
4252.7  -0.002836538
4255.3  0.005124584
4257.9  -0.002421898
4260.5  -0.003962411
4263.1  0.009586673
4265.7  0.009046868
4268.3  -0.009910077
4270.9  -0.005010132
4273.5  -0.002705959
4276.1  0.00344978
4278.7  -0.01271786
4281.3  0.001829979
4283.9  -0.01768976
4286.5  -0.02623541
4289.1  0.009025344
4291.7  -0.005431086
4294.3  0.007541826
4296.9  -5.682935E-4
4299.5  -8.148828E-4
4302.1  0.02194204
4304.7  -0.006459964
4307.3  -0.008803076
4309.9  0.005647582
4312.5  -3.709496E-4
4315.1  -0.002765192
4317.7  -0.0132162
4320.3  -0.01551002
4322.9  9.664948E-4
4325.5  0.003922248
4328.1  -0.008124463
4330.7  -0.02344383
4333.3  -0.01438402
4335.9  -0.007445405
4338.5  -0.005902892
4341.1  -0.003945253
4343.7  0.001661609
4346.3  -0.009506282
4348.9  -0.01529876
4351.5  -0.01481417
4354.1  0.006035925
4356.7  -0.01202305
4359.3  -0.01720171
4361.9  -0.003433852
4364.5  -0.0152395
4367.1  -0.01893679
4369.7  -0.002759192
4372.3  -0.0205565
4374.9  -0.009713704
4377.5  -0.002400844
4380.1  -0.007174128
4382.7  0.006019869
4385.3  0.002001624
4387.9  -0.02201833
4390.5  0.005551449
4393.1  0.009267973
4395.7  -0.01124596
4398.3  -0.03363689
4400.9  -0.001792302
4403.5  0.01432651
4406.1  0.01646136
4408.7  0.005367282
4411.3  0.01015896
4413.9  -0.006919188
4416.5  -0.03037101
4419.1  -0.01611425
4421.7  -0.003461683
4424.3  -0.009687352
4426.9  -4.235586E-4
4429.5  -0.004163072
4432.1  -0.007883515
4434.7  1.015562E-4
4437.3  0.001538682
4439.9  0.003458933
4442.5  -0.009279001
4445.1  -0.03356154
4447.7  -0.01683142
4450.3  -0.01340341
4452.9  -0.03298716
4455.5  0.002362698
4458.1  -0.01073806
4460.7  -0.006712855
4463.3  -0.01122398
4465.9  -0.01951208
4468.5  0.002047558
4471.1  -0.007703485
4473.7  0.00366993
4476.3  -0.002204268
4478.9  0.007599019
4481.5  -0.001793273
4484.1  -0.07156958
4486.7  -0.01474743
4489.3  -0.00219059
4491.9  -0.04068472
4494.5  -0.004072857
4497.1  -0.01421278
4499.7  -0.01784741
4502.3  9.602032E-4
4504.9  -0.02346162
4507.5  -0.01534289
4510.1  0.003513027
4512.7  -5.572728E-4
4515.3  0.01433217
4517.9  -0.01597183
4520.5  0.007347043
4523.1  -0.01190744
4525.7  -0.002805223
4528.3  -0.03615965
4530.9  0.01980673
4533.5  -0.00536823
4536.1  -0.02156849
4538.7  -0.04343868
4541.3  -0.009404521
4543.9  -0.007784677
4546.5  0.01951313
4549.1  -0.029679
4551.7  0.003262332
4554.3  -0.02341624
4556.9  -0.03190095
4559.5  0.0120546
4562.1  0.01842061
4564.7  -0.06703191
4567.3  -0.05245268
4569.9  -0.01763071
4572.5  -0.01947148
4575.1  -0.06267928
4577.7  -0.02569012
4580.3  -0.007381598
4582.9  -0.03595991
4585.5  -0.03276806
4588.1  -0.04247015
4590.7  -0.006413613
4593.3  -0.008284436
4595.9  -0.002942623
4598.5  -0.04104294
4601.1  -0.05318533
4603.7  0.009608937
4606.3  -0.06365091
4608.9  -0.04656575
4611.5  -0.01067512
4614.1  -0.02784615
4616.7  -0.01877607
4619.3  0.001833375
4621.9  -0.0655028
4624.5  -0.05155881
4627.1  -0.02004512
4629.7  -0.03219771
4632.3  -0.06014174
4634.9  -0.02080468
4637.5  -0.01232861
4640.1  -0.07386272
4642.7  -0.03390032
4645.3  -0.02859439
4647.9  -0.03995137
4650.5  -0.05223467
4653.1  -0.02603656
4655.7  -0.06608569
4658.3  -0.07408922
4660.9  -0.05756684
4663.5  -0.05886268
4666.1  -0.06035502
4668.7  -0.06084827
4671.3  -0.06496769
4673.9  -0.01930981
4676.5  -0.06118163
4679.1  -0.03647932
4681.7  -0.02035388
4684.3  -0.1221714
4686.9  -0.1410655
4689.5  -0.06496203
4692.1  -0.1071028
4694.7  -0.07216024
4697.3  0.01021132
4699.9  -0.040539
4702.5  -0.02222547
4705.1  -0.02489338
4707.7  -0.07837854
4710.3  -0.05275752
4712.9  -0.1148526
4715.5  -0.1024748
4718.1  -0.1849275
4720.7  -0.1568996
4723.3  -0.08069406
4725.9  -0.0329158
4728.5  -0.1262876
4731.1  0.03509451
4733.7  -0.1938535
4736.3  -0.2795408
4738.9  -0.3411815
4741.5  -0.4400722
4744.1  -0.2758265
4746.7  -0.1298177
4749.3  -0.1261718
4751.9  -0.3148682
4754.5  -0.3813459
4757.1  -0.1930995
4759.7  -0.3896732
4762.3  -0.5235171
4764.9  -0.6779646
4767.5  -1.104528
4770.1  -1.332246
4772.7  -0.7683228
4775.3  -0.908607
4777.9  -1.733549
4780.5  -1.534623
4783.1  -1.812133
4785.7  -2.135986
4788.3  -8.728168
4790.9  -21.24784
4793.5  17.32331
4796.1  6.515958
4798.7  4.710295
4801.3  3.37115
4803.9  2.472453
4806.5  1.611848
4809.1  2.021911
4811.7  2.101682
4814.3  1.669501
4816.9  2.135906
4819.5  1.600477
4822.1  1.482002
4824.7  1.661072
4827.3  1.73544
4829.9  1.568496
4832.5  1.28672
4835.1  1.525824
4837.7  1.381796
4840.3  1.568525
4842.9  1.385926
4845.5  1.352711
4848.1  1.268187
4850.7  1.162584
4853.3  1.33267
4855.9  1.103875
4858.5  0.8846558
4861.1  1.097944
4863.7  1.02217
4866.3  1.01468
4868.9  1.031999
4871.5  0.9715175
4874.1  1.023136
4876.7  1.06156
4879.3  1.260962
4881.9  1.142482
4884.5  1.037161
4887.1  1.122403
4889.7  1.03509
4892.3  1.232907
4894.9  1.077611
4897.5  1.248763
4900.1  1.263705
4902.7  1.170379
4905.3  1.097325
4907.9  1.157902
4910.5  1.234435
4913.1  1.202909
4915.7  1.305539
4918.3  1.135292
4920.9  1.106021
4923.5  1.140086
4926.1  1.194111
4928.7  1.300875
4931.3  1.31445
4933.9  1.148686
4936.5  1.21786
4939.1  1.280097
4941.7  1.2955
4944.3  1.079365
4946.9  1.112186
4949.5  1.207585
4952.1  1.305468
4954.7  1.154875
4957.3  1.18771
4959.9  1.192055
4962.5  1.135391
4965.1  1.068837
4967.7  1.105874
4970.3  1.19282
4972.9  1.049057
4975.5  1.143654
4978.1  1.133431
4980.7  1.051732
4983.3  1.086566
4985.9  1.064601
4988.5  1.125459
4991.1  1.10432
4993.7  1.266021
4996.3  1.228809
4998.9  1.088136
5001.5  1.337034
5004.1  1.15036
5006.7  1.024239
5009.3  1.189517
5011.9  1.117247
5014.5  1.02379
5017.1  1.101403
5019.7  1.156102
5022.3  1.10544
5024.9  1.085329
5027.5  1.257574
5030.1  1.366027
5032.7  1.188685
5035.3  1.195539
5037.9  1.20635
5040.5  1.089374
5043.1  1.14754
5045.7  1.000142
5048.3  1.127226
5050.9  1.122523
5053.5  1.225371
5056.1  1.280246
5058.7  1.169128
5061.3  1.175154
5063.9  1.180969
5066.5  1.202195
5069.1  1.278891
5071.7  1.138747
5074.3  1.164902
5076.9  1.159852
5079.5  1.060033
5082.1  1.128522
5084.7  1.209134
5087.3  1.144126
5089.9  1.217455
5092.5  1.253112
5095.1  1.15573
5097.7  1.17195
5100.3  1.13254
5102.9  1.056234
5105.5  1.030186
5108.1  1.188206
5110.7  1.063445
5113.3  1.063006
5115.9  1.175124
5118.5  1.103792
5121.1  1.114228
5123.7  1.100712
5126.3  1.053232
5128.9  1.094984
5131.5  1.087674
5134.1  1.065712
5136.7  1.059278
5139.3  1.043892
5141.9  1.015494
5144.5  1.036273
5147.1  1.066491
5149.7  1.028417
5152.3  1.008731
5154.9  1.088668
5157.5  1.080509
5160.1  1.082271
5162.7  0.9845511
5165.3  0.9813498
5167.9  0.9524968
5170.5  0.8478679
5173.1  0.9437951
5175.7  1.000457
5178.3  1.007697
5180.9  0.9207721
5183.5  0.9656034
5186.1  0.908736
5188.7  0.9627852
5191.3  1.023188
5193.9  0.9657699
5196.5  1.022248
5199.1  1.016349
5201.7  1.080099
5204.3  1.022276
5206.9  1.027032
5209.5  0.9566323
5212.1  1.033437
5214.7  0.9961714
5217.3  1.137801
5219.9  1.031601
5222.5  1.010409
5225.1  1.046218
5227.7  1.033831
5230.3  1.002958
5232.9  1.063925
5235.5  1.044279
5238.1  1.134518
5240.7  1.132684
5243.3  1.113091
5245.9  1.156229
5248.5  1.026847
5251.1  1.066365
5253.7  1.068492
5256.3  1.146509
5258.9  1.170727
5261.5  1.068731
5264.1  0.945434
5266.7  0.9376785
5269.3  0.8526101
5271.9  0.8607579
5274.5  0.9232057
5277.1  0.9694678
5279.7  1.006387
5282.3  1.02372
5284.9  1.041837
5287.5  0.9871244
5290.1  1.00782
5292.7  1.034494
5295.3  1.056837
5297.9  0.9654193
5300.5  0.974522
5303.1  0.983344
5305.7  1.013465
5308.3  1.061915
5310.9  1.026302
5313.5  1.045123
5316.1  1.023905
5318.7  1.076097
5321.3  1.03119
5323.9  0.9750491
5326.5  0.9433703
5329.1  0.9757472
5331.7  1.010944
5334.3  1.041966
5336.9  1.039733
5339.5  1.004091
5342.1  1.036125
5344.7  1.075321
5347.3  1.055377
5349.9  1.084267
5352.5  1.090524
5355.1  1.066276
5357.7  1.100249
5360.3  1.141031
5362.9  1.148811
5365.5  1.019773
5368.1  0.9266768
5370.7  1.009015
5373.3  0.968611
5375.9  0.9821051
5378.5  1.051146
5381.1  1.078856
5383.7  1.005276
5386.3  1.061693
5388.9  0.9433531
5391.5  1.012598
5394.1  0.9871849
5396.7  1.023116
5399.3  0.9837462
5401.9  0.9293604
5404.5  0.9724282
5407.1  0.966055
5409.7  0.9337961
5412.3  0.9655625
5414.9  0.9917539
5417.5  1.034701
5420.1  1.046254
5422.7  1.05143
5425.3  0.9730234
5427.9  0.9138219
5430.5  1.026795
5433.1  1.002994
5435.7  1.038491
5438.3  1.006045
5440.9  0.9792791
5443.5  1.041942
5446.1  1.062658
5448.7  1.00943
5451.3  0.9461407
5453.9  0.9888521
5456.5  0.9285897
5459.1  0.9171634
5461.7  0.9743102
5464.3  0.9568962
5466.9  0.9491276
5469.5  0.9937267
5472.1  0.9532709
5474.7  0.9274802
5477.3  0.8760577
5479.9  0.8764563
5482.5  0.8697602
5485.1  0.932128
5487.7  0.9476976
5490.3  0.9489295
5492.9  0.9663211
5495.5  0.9545658
5498.1  0.9299989
5500.7  0.943336
5503.3  0.9802098
5505.9  0.9529706
5508.5  0.9564584
5511.1  0.9672722
5513.7  0.943173
5516.3  0.9800287
5518.9  1.014161
5521.5  0.9962834
5524.1  1.050662
5526.7  0.992361
5529.3  0.9530181
5531.9  1.005099
5534.5  1.031603
5537.1  1.028775
5539.7  1.01735
5542.3  0.9545783
5544.9  0.9825128
5547.5  0.9992517
5550.1  0.9872445
5552.7  1.018077
5555.3  1.025959
5557.9  0.9977254
5560.5  0.999137
5563.1  0.9190919
5565.7  0.9343504
5568.3  1.009711
5570.9  1.278107
5573.5  1.525692
5576.1  1.120723
5578.7  1.022148
5581.3  0.7438279
5583.9  0.4238934
5586.5  0.4592671
5589.1  0.8414198
5591.7  0.7977234
5594.3  0.8540069
5596.9  0.8425942
5599.5  0.8312486
5602.1  0.8192679
5604.7  0.8548253
5607.3  0.9065142
5609.9  0.9115925
5612.5  0.9289775
5615.1  0.898336
5617.7  0.8752795
5620.3  0.8405613
5622.9  0.8795735
5625.5  0.9202591
5628.1  0.946688
5630.7  0.9206899
5633.3  0.9613625
5635.9  0.9986153
5638.5  0.9485678
5641.1  0.9808245
5643.7  0.9353627
5646.3  0.9556956
5648.9  0.9760414
5651.5  0.9857333
5654.1  0.9685971
5656.7  0.982547
5659.3  0.9792844
5661.9  0.9492793
5664.5  0.9385439
5667.1  0.9607179
5669.7  0.9495756
5672.3  0.9895818
5674.9  1.00307
5677.5  1.026681
5680.1  1.009955
5682.7  0.9751223
5685.3  0.9468463
5687.9  0.9161391
5690.5  0.9094335
5693.1  0.954874
5695.7  0.9601101
5698.3  0.9209244
5700.9  0.904665
5703.5  0.8901963
5706.1  0.860337
5708.7  0.8882577
5711.3  0.8585857
5713.9  0.9135053
5716.5  0.9025047
5719.1  0.9580892
5721.7  0.9375632
5724.3  0.9924276
5726.9  1.023264
5729.5  0.995161
5732.1  0.9753087
5734.7  1.011107
5737.3  1.010542
5739.9  0.9508278
5742.5  0.9811488
5745.1  0.9588752
5747.7  0.9880828
5750.3  0.9667202
5752.9  0.9607908
5755.5  0.9307758
5758.1  0.9521085
5760.7  0.9925796
5763.3  0.9645364
5765.9  0.9689063
5768.5  0.9925096
5771.1  0.9807458
5773.7  0.9758282
5776.3  0.9799769
5778.9  0.928942
5781.5  0.9108395
5784.1  0.8243983
5786.7  0.8335226
5789.3  0.9349197
5791.9  0.9403966
5794.5  0.9339364
5797.1  0.9075463
5799.7  0.9335048
5802.3  0.9713043
5804.9  0.9251831
5807.5  0.9240507
5810.1  0.9247226
5812.7  0.9318975
5815.3  0.9827678
5817.9  0.9659426
5820.5  0.9260829
5823.1  0.989885
5825.7  0.9574458
5828.3  0.9928948
5830.9  0.9730558
5833.5  0.9380048
5836.1  1.001181
5838.7  0.9507609
5841.3  0.9526201
5843.9  0.9857897
5846.5  0.9870712
5849.1  0.9721082
5851.7  1.028814
5854.3  0.9849034
5856.9  0.9667337
5859.5  0.98042
5862.1  0.994742
5864.7  0.997735
5867.3  1.031016
5869.9  1.022734
5872.5  0.9913284
5875.1  1.009668
5877.7  0.9711617
5880.3  1.00952
5882.9  1.061852
5885.5  1.008478
5888.1  0.9448236
5890.7  0.9333588
5893.3  0.7634866
5895.9  0.7152246
5898.5  0.771314
5901.1  0.7747242
5903.7  0.8653615
5906.3  0.9510044
5908.9  0.9837691
5911.5  0.9475341
5914.1  0.8747809
5916.7  0.8812743
5919.3  0.9033073
5921.9  0.9065732
5924.5  0.9261553
5927.1  0.9142532
5929.7  0.9077318
5932.3  0.9114558
5934.9  0.9498251
5937.5  0.9254332
5940.1  0.8932897
5942.7  0.9513903
5945.3  0.9422851
5947.9  0.9538534
5950.5  0.9571518
5953.1  0.8780394
5955.7  0.9427081
5958.3  0.9605287
5960.9  0.9430752
5963.5  0.927736
5966.1  0.9614828
5968.7  0.9722358
5971.3  0.9996436
5973.9  1.003289
5976.5  0.9938979
5979.1  0.9768286
5981.7  0.9633409
5984.3  0.963956
5986.9  0.9536172
5989.5  0.9967825
5992.1  1.026631
5994.7  1.00851
5997.3  1.011087
5999.9  0.9995043
6002.5  0.9770408
6005.1  0.9844354
6007.7  0.9684803
6010.3  0.9941881
6012.9  0.9826664
6015.5  0.9444359
6018.1  0.9543321
6020.7  0.9581248
6023.3  0.9954756
6025.9  0.9886593
6028.5  0.9803881
6031.1  0.9641813
6033.7  0.9696526
6036.3  0.9836303
6038.9  0.9766212
6041.5  0.9638129
6044.1  0.9774404
6046.7  0.9565473
6049.3  0.978704
6051.9  0.958899
6054.5  0.9396853
6057.1  0.9724079
6059.7  0.9316112
6062.3  0.9369181
6064.9  0.9646182
6067.5  0.9395661
6070.1  0.9450865
6072.7  1.007645
6075.3  0.9834067
6077.9  0.9751297
6080.5  0.9538057
6083.1  0.9270285
6085.7  0.9651293
6088.3  0.9752341
6090.9  0.953945
6093.5  0.9620485
6096.1  0.9557839
6098.7  0.974717
6101.3  1.004907
6103.9  0.9855198
6106.5  0.9566388
6109.1  0.970109
6111.7  0.9825668
6114.3  1.002131
6116.9  0.988652
6119.5  0.9862866
6122.1  0.952441
6124.7  0.9414105
6127.3  0.9466067
6129.9  0.973262
6132.5  0.9852522
6135.1  0.9607526
6137.7  0.9504109
6140.3  0.9340034
6142.9  0.9410126
6145.5  0.9731828
6148.1  0.9463456
6150.7  0.9499936
6153.3  0.8898549
6155.9  0.922015
6158.5  0.9168107
6161.1  0.8963605
6163.7  0.8448274
6166.3  0.8223339
6168.9  0.8825461
6171.5  0.8824357
6174.1  0.8579707
6176.7  0.8725182
6179.3  0.8981786
6181.9  0.9266034
6184.5  0.8981995
6187.1  0.9295471
6189.7  0.9179217
6192.3  0.8917133
6194.9  0.9125527
6197.5  0.9326602
6200.1  0.9034912
6202.7  0.920375
6205.3  0.9235926
6207.9  0.9487655
6210.5  0.9300853
6213.1  0.9439611
6215.7  0.899218
6218.3  0.901102
6220.9  0.9241523
6223.5  0.9555039
6226.1  0.958661
6228.7  0.9762344
6231.3  0.9699432
6233.9  0.9548189
6236.5  0.9688331
6239.1  0.9642899
6241.7  0.9677234
6244.3  0.9456872
6246.9  0.9299434
6249.5  0.9492445
6252.1  0.9783807
6254.7  0.9956179
6257.3  0.9370952
6259.9  0.937196
6262.5  0.9369345
6265.1  0.9659609
6267.7  0.9969623
6270.3  0.963535
6272.9  0.9687039
6275.5  0.9764135
6278.1  0.9448434
6280.7  0.9048811
6283.3  0.8792397
6285.9  0.93066
6288.5  0.8710456
6291.1  0.9933792
6293.7  1.304776
6296.3  1.066008
6298.9  0.990411
6301.5  0.9568439
6304.1  0.8714887
6306.7  0.7944682
6309.3  0.8547426
6311.9  0.9245093
6314.5  0.9181758
6317.1  0.8992826
6319.7  0.9020001
6322.3  0.9344054
6324.9  0.9324554
6327.5  0.9649457
6330.1  1.022921
6332.7  0.9605939
6335.3  0.9410885
6337.9  0.9398686
6340.5  0.9556712
6343.1  0.9492263
6345.7  0.9493422
6348.3  0.9237308
6350.9  1.002972
6353.5  0.9785718
6356.1  0.9965992
6358.7  1.031388
6361.3  0.9588
6363.9  0.9513038
6366.5  0.9456675
6369.1  0.9364643
6371.7  0.9629527
6374.3  0.9957783
6376.9  1.029582
6379.5  1.006388
6382.1  0.9864316
6384.7  0.9863428
6387.3  1.026751
6389.9  1.025859
6392.5  1.012649
6395.1  1.013651
6397.7  0.980522
6400.3  1.026805
6402.9  0.9984146
6405.5  0.9929134
6408.1  1.038193
6410.7  0.9956341
6413.3  0.9687215
6415.9  0.9884306
6418.5  1.013365
6421.1  1.025736
6423.7  1.010671
6426.3  0.9967967
6428.9  0.9846058
6431.5  0.9930384
6434.1  0.9944437
6436.7  1.011465
6439.3  0.9814342
6441.9  0.9736124
6444.5  0.9990783
6447.1  0.995532
6449.7  0.9820265
6452.3  0.9515046
6454.9  0.9431505
6457.5  0.9517598
6460.1  0.9780392
6462.7  0.9810981
6465.3  0.9903619
6467.9  0.9633995
6470.5  0.9707894
6473.1  1.005305
6475.7  0.9998327
6478.3  1.001127
6480.9  1.001942
6483.5  1.013627
6486.1  1.001412
6488.7  1.000301
6491.3  1.012054
6493.9  0.9976643
6496.5  0.9495042
6499.1  0.9312627
6501.7  0.9650592
6504.3  0.9859201
6506.9  1.024187
6509.5  1.022919
6512.1  1.04419
6514.7  1.038432
6517.3  1.022437
6519.9  1.040297
6522.5  0.9921796
6525.1  1.015255
6527.7  1.036857
6530.3  1.038151
6532.9  1.00578
6535.5  1.013306
6538.1  1.013216
6540.7  1.042596
6543.3  1.031509
6545.9  1.008467
6548.5  1.004811
6551.1  1.023377
6553.7  1.004978
6556.3  0.994735
6558.9  0.963608
6561.5  0.9345078
6564.1  0.8731825
6566.7  0.8355724
6569.3  0.8957615
6571.9  1.002054
6574.5  0.9883242
6577.1  1.000264
6579.7  1.009469
6582.3  1.001284
6584.9  1.016519
6587.5  1.006577
6590.1  0.9960462
6592.7  0.9968508
6595.3  1.000502
6597.9  0.9911003
6600.5  1.004196
6603.1  1.015397
6605.7  1.033241
6608.3  1.020345
6610.9  1.014704
6613.5  0.9931232
6616.1  0.9894267
6618.7  1.028218
6621.3  1.030394
6623.9  1.05466
6626.5  1.044461
6629.1  1.053624
6631.7  1.049388
6634.3  1.053005
6636.9  1.041591
6639.5  1.023844
6642.1  1.061049
6644.7  1.042649
6647.3  1.040221
6649.9  1.047946
6652.5  1.048092
6655.1  1.039751
6657.7  1.047552
6660.3  1.056457
6662.9  1.063468
6665.5  1.046781
6668.1  1.034896
6670.7  1.058374
6673.3  1.072801
6675.9  1.071882
6678.5  1.081502
6681.1  1.058548
6683.7  1.062239
6686.3  1.0689
6688.9  1.08352
6691.5  1.090717
6694.1  1.089386
6696.7  1.065354
6699.3  1.062724
6701.9  1.053145
6704.5  1.073962
6707.1  1.066487
6709.7  1.06631
6712.3  1.07109
6714.9  1.043052
6717.5  1.038683
6720.1  1.032149
6722.7  1.041329
6725.3  1.072597
6727.9  1.074981
6730.5  1.06716
6733.1  1.053118
6735.7  1.057953
6738.3  1.060824
6740.9  1.056
6743.5  1.030528
6746.1  1.030261
6748.7  1.039194
6751.3  1.032602
6753.9  1.039566
6756.5  1.045132
6759.1  1.058646
6761.7  1.07275
6764.3  1.081911
6766.9  1.059416
6769.5  1.056923
6772.1  1.042267
6774.7  1.059555
6777.3  1.055318
6779.9  1.076529
6782.5  1.074666
6785.1  1.067819
6787.7  1.047994
6790.3  1.051203
6792.9  1.083434
6795.5  1.069466
6798.1  1.054354
6800.7  1.060829
6803.3  1.068126
6805.9  1.066361
6808.5  1.071374
6811.1  1.063615
6813.7  1.085519
6816.3  1.080154
6818.9  1.081801
6821.5  1.099292
6824.1  1.081565
6826.7  1.092351
6829.3  1.111591
6831.9  1.105834
6834.5  1.099587
6837.1  1.057754
6839.7  1.079365
6842.3  1.043337
6844.9  1.019836
6847.5  1.030912
6850.1  1.061348
6852.7  1.080251
6855.3  1.064517
6857.9  1.071978
6860.5  1.06075
6863.1  1.036039
6865.7  1.037988
6868.3  0.9652103
6870.9  0.8672006
6873.5  0.7760322
6876.1  0.791519
6878.7  0.8772696
6881.3  0.9405053
6883.9  0.96113
6886.5  0.975413
6889.1  0.9524769
6891.7  0.9414914
6894.3  0.94345
6896.9  0.9701688
6899.5  0.9609599
6902.1  0.9642361
6904.7  0.9666249
6907.3  1.005055
6909.9  1.01647
6912.5  1.005989
6915.1  0.9990822
6917.7  1.001241
6920.3  1.025835
6922.9  1.031245
6925.5  1.023812
6928.1  1.006984
6930.7  1.009441
6933.3  1.012718
6935.9  1.045566
6938.5  1.02976
6941.1  1.02852
6943.7  1.032802
6946.3  1.032103
6948.9  1.037504
6951.5  1.018832
6954.1  1.038906
6956.7  1.056023
6959.3  1.039602
6961.9  1.034473
6964.5  1.054547
6967.1  1.060314
6969.7  1.054231
6972.3  1.069731
6974.9  1.060166
6977.5  1.066886
6980.1  1.063511
6982.7  1.04894
6985.3  1.036796
6987.9  1.060815
6990.5  1.051337
6993.1  1.061656
6995.7  1.045875
6998.3  1.042809
7000.9  1.045419
7003.5  1.028001
7006.1  1.040262
7008.7  1.01671
7011.3  1.033438
7013.9  1.049845
7016.5  1.034732
7019.1  1.020435
7021.7  0.9816525
7024.3  1.007413
7026.9  1.02984
7029.5  1.020894
7032.1  1.033718
7034.7  1.046609
7037.3  1.046231
7039.9  1.055587
7042.5  1.046763
7045.1  1.052272
7047.7  1.066138
7050.3  1.08342
7052.9  1.065549
7055.5  1.049024
7058.1  1.04981
7060.7  1.061031
7063.3  1.065711
7065.9  1.014684
7068.5  1.048282
7071.1  1.04351
7073.7  1.072278
7076.3  1.067458
7078.9  1.075314
7081.5  1.07371
7084.1  1.086066
7086.7  1.038811
7089.3  1.041846
7091.9  1.071012
7094.5  1.031399
7097.1  1.035067
7099.7  1.053315
7102.3  1.044438
7104.9  1.057852
7107.5  1.063595
7110.1  1.042126
7112.7  1.032483
7115.3  1.023224
7117.9  1.037183
7120.5  1.053567
7123.1  1.0265
7125.7  1.02271
7128.3  1.038486
7130.9  1.053367
7133.5  1.033762
7136.1  1.007143
7138.7  1.03085
7141.3  1.043703
7143.9  1.025555
7146.5  1.015133
7149.1  1.022861
7151.7  1.00831
7154.3  1.039519
7156.9  1.049407
7159.5  1.026241
7162.1  1.014217
7164.7  0.9953139
7167.3  0.9866679
7169.9  0.997035
7172.5  0.9854355
7175.1  0.9595643
7177.7  0.9528987
7180.3  0.9458599
7182.9  0.9148468
7185.5  0.9112722
7188.1  0.8998488
7190.7  0.8882363
7193.3  0.9014069
7195.9  0.9122273
7198.5  0.8944438
7201.1  0.9278859
7203.7  0.9179295
7206.3  0.9287061
7208.9  0.9403214
7211.5  0.9387837
7214.1  0.9681686
7216.7  0.9965829
7219.3  1.002721
7221.9  0.9886712
7224.5  0.9872028
7227.1  0.9823454
7229.7  0.9792945
7232.3  0.9628527
7234.9  0.9574309
7237.5  0.9839444
7240.1  0.9549742
7242.7  0.9770834
7245.3  0.9826102
7247.9  1.017552
7250.5  0.9944161
7253.1  0.9791276
7255.7  0.9369413
7258.3  0.9627767
7260.9  0.9705666
7263.5  0.9517952
7266.1  0.9400984
7268.7  1.005678
7271.3  1.020136
7273.9  1.012653
7276.5  0.9859248
7279.1  0.9622162
7281.7  0.9842957
7284.3  0.9942835
7286.9  0.9829881
7289.5  0.9729173
7292.1  0.9520673
7294.7  0.9656466
7297.3  0.9727509
7299.9  0.9824228
7302.5  0.9976428
7305.1  0.9796137
7307.7  0.9661407
7310.3  0.9674942
7312.9  0.9696993
7315.5  0.9682615
7318.1  0.984576
7320.7  0.9947836
7323.3  0.9763093
7325.9  0.9897753
7328.5  0.9913678
7331.1  0.9766189
7333.7  1.008384
7336.3  1.021189
7338.9  1.012265
7341.5  1.057353
7344.1  1.052993
7346.7  1.033741
7349.3  0.9799023
7351.9  0.9655219
7354.5  0.98489
7357.1  0.9663002
7359.7  0.966064
7362.3  0.9671614
7364.9  0.9654064
7367.5  0.9611646
7370.1  0.9804946
7372.7  1.020125
7375.3  0.9932134
7377.9  1.016721
7380.5  1.003066
7383.1  0.9894079
7385.7  0.9874855
7388.3  0.968451
7390.9  0.970031
7393.5  0.9709463
7396.1  0.9898701
7398.7  0.9869688
7401.3  0.9824377
7403.9  1.005714
7406.5  0.9791374
7409.1  0.9581124
7411.7  0.9567133
7414.3  0.9593777
7416.9  0.95391
7419.5  0.9399652
7422.1  0.9623667
7424.7  0.9750185
7427.3  0.9659247
7429.9  0.9781975
7432.5  0.9912931
7435.1  0.9843812
7437.7  0.9834816
7440.3  1.017331
7442.9  0.9986826
7445.5  0.9725659
7448.1  0.9745492
7450.7  0.987418
7453.3  0.9918877
7455.9  1.011316
7458.5  1.014398
7461.1  1.02595
7463.7  1.016428
7466.3  0.9859869
7468.9  1.018036
7471.5  1.042053
7474.1  1.034756
7476.7  1.037822
7479.3  1.027036
7481.9  0.9930512
7484.5  1.020961
7487.1  1.002087
7489.7  1.00654
7492.3  1.002622
7494.9  0.9876373
7497.5  0.9962884
7500.1  0.9860424
7502.7  1.012172
7505.3  1.014426
7507.9  1.010166
7510.5  1.004604
7513.1  0.9855205
7515.7  0.9971079
7518.3  1.021322
7520.9  1.022166
7523.5  1.016199
7526.1  1.020164
7528.7  1.03469
7531.3  1.042475
7533.9  1.034227
7536.5  0.9985846
7539.1  0.9996774
7541.7  1.022192
7544.3  1.008224
7546.9  0.9964731
7549.5  0.9975855
7552.1  1.006254
7554.7  0.989261
7557.3  0.9858313
7559.9  1.01309
7562.5  0.9968361
7565.1  0.9923353
7567.7  1.014633
7570.3  1.008071
7572.9  1.004352
7575.5  0.9918855
7578.1  0.9976578
7580.7  0.9948971
7583.3  0.9934819
7585.9  0.9885607
7588.5  0.9598528
7591.1  0.9204031
7593.7  0.8578795
7596.3  0.7412665
7598.9  0.5647447
7601.5  0.4193192
7604.1  0.3368055
7606.7  0.2854612
7609.3  0.3109951
7611.9  0.3590738
7614.5  0.4435586
7617.1  0.5439825
7619.7  0.6472082
7622.3  0.6875952
7624.9  0.6696855
7627.5  0.6079587
7630.1  0.5484208
7632.7  0.5325593
7635.3  0.5528316
7637.9  0.5652866
7640.5  0.5922509
7643.1  0.6191038
7645.7  0.6532958
7648.3  0.6699115
7650.9  0.6961377
7653.5  0.7347338
7656.1  0.7559949
7658.7  0.7834532
7661.3  0.8064448
7663.9  0.8002343
7666.5  0.812451
7669.1  0.8226113
7671.7  0.8442944
7674.3  0.8947526
7676.9  0.9165697
7679.5  0.9345874
7682.1  0.9546648
7684.7  0.9474311
7687.3  0.9419988
7689.9  0.9490254
7692.5  0.9151402
7695.1  0.9139529
7697.7  0.9317474
7700.3  0.9206606
7702.9  0.8936956
7705.5  0.928726
7708.1  0.9479792
7710.7  0.9674858
7713.3  0.9572443
7715.9  0.9385728
7718.5  0.9810054
7721.1  0.9819714
7723.7  0.9595889
7726.3  0.9670187
7728.9  0.95555
7731.5  0.9709103
7734.1  0.9638789
7736.7  0.9772262
7739.3  0.958795
7741.9  0.9815482
7744.5  0.9678686
7747.1  0.9411623
7749.7  0.9556233
7752.3  0.9520723
7754.9  0.984013
7757.5  0.9869002
7760.1  0.9783704
7762.7  0.9800539
7765.3  0.9848468
7767.9  0.9740816
7770.5  0.9757074
7773.1  0.9914876
7775.7  0.9821262
7778.3  0.9556248
7780.9  0.9583107
7783.5  0.9788384
7786.1  0.9677465
7788.7  0.9725246
7791.3  1.006761
7793.9  1.008237
7796.5  1.021647
7799.1  1.021317
7801.7  1.010897
7804.3  1.002621
7806.9  0.9863601
7809.5  1.005919
7812.1  1.016982
7814.7  1.005671
7817.3  1.045802
7819.9  1.064157
7822.5  1.053604
7825.1  1.056857
7827.7  1.042591
7830.3  1.017656
7832.9  0.9704449
7835.5  0.9725018
7838.1  0.9974628
7840.7  1.006664
7843.3  1.02413
7845.9  1.024374
7848.5  1.029927
7851.1  1.024595
7853.7  1.038279
7856.3  1.039905
7858.9  1.045991
7861.5  1.049312
7864.1  1.032174
7866.7  1.049903
7869.3  1.034856
7871.9  1.02453
7874.5  1.005064
7877.1  1.007509
7879.7  1.01847
7882.3  0.9696661
7884.9  1.036756
7887.5  1.033378
7890.1  1.04267
7892.7  1.018569
7895.3  0.9998007
7897.9  0.99438
7900.5  0.9886245
7903.1  0.9787645
7905.7  0.9893102
7908.3  0.9918824
7910.9  1.014279
7913.5  1.02422
7916.1  1.006294
7918.7  1.011621
7921.3  0.9908539
7923.9  0.9705042
7926.5  0.9806295
7929.1  1.013559
7931.7  0.9987334
7934.3  0.9847404
7936.9  0.979976
7939.5  0.9622366
7942.1  0.9576554
7944.7  0.9676111
7947.3  0.9750233
7949.9  0.9761367
7952.5  0.9833557
7955.1  0.9978955
7957.7  1.000114
7960.3  0.9987798
7962.9  1.016776
7965.5  0.9994197
7968.1  0.996929
7970.7  1.025215
7973.3  1.015088
7975.9  1.004086
7978.5  1.046158
7981.1  1.033233
7983.7  1.008391
7986.3  1.024937
7988.9  1.02915
7991.5  1.011962
7994.1  1.002751
7996.7  0.9979891
7999.3  1.005775
8001.9  1.012248
8004.5  0.9986089
8007.1  0.9972154
8009.7  1.018915
8012.3  1.019284
8014.9  1.025218
8017.5  1.014351
8020.1  1.038459
8022.7  1.038057
8025.3  1.012933
8027.9  0.9814709
8030.5  0.9803474
8033.1  0.9731438
8035.7  1.013656
8038.3  1.008452
8040.9  1.000371
8043.5  0.9972882
8046.1  1.001173
8048.7  0.9566156
8051.3  0.980456
8053.9  0.9854444
8056.5  0.9898515
8059.1  0.9851126
8061.7  1.029205
8064.3  1.009108
8066.9  1.012278
8069.5  0.9902601
8072.1  0.9561259
8074.7  0.9739574
8077.3  0.9867581
8079.9  0.964573
8082.5  0.9852746
8085.1  0.9813738
8087.7  0.9528303
8090.3  0.9586473
8092.9  0.960306
8095.5  0.9458226
8098.1  0.9626046
8100.7  0.9486883
8103.3  0.9652695
8105.9  0.9828043
8108.5  0.9757065
8111.1  0.9534076
8113.7  0.9711893
8116.3  0.9698667
8118.9  0.9329233
8121.5  0.9333592
8124.1  0.9371966
8126.7  0.9398503
8129.3  0.949726
8131.9  0.9258107
8134.5  0.9017664
8137.1  0.9157585
8139.7  0.9104251
8142.3  0.9194434
8144.9  0.9187597
8147.5  0.9197467
8150.1  0.9075163
8152.7  0.8945326
8155.3  0.8919324
8157.9  0.8940333
8160.5  0.8910468
8163.1  0.8800433
8165.7  0.8446467
8168.3  0.848052
8170.9  0.8773586
8173.5  0.8805422
8176.1  0.899397
8178.7  0.8943747
8181.3  0.8682403
8183.9  0.8658051
8186.5  0.8791036
8189.1  0.8834291
8191.7  0.8850266
8194.3  0.8863423
8196.9  0.8753204
8199.5  0.8874681
8202.1  0.9008285
8204.7  0.9169721
8207.3  0.9417982
8209.9  0.9466952
8212.5  0.9334337
8215.1  0.9419748
8217.7  0.9334505
8220.3  0.9366248
8222.9  0.9271069
8225.5  0.8974669
8228.1  0.8589398
8230.7  0.8309302
8233.3  0.8136595
8235.9  0.8617508
8238.5  0.9161044
8241.1  0.9413611
8243.7  0.9414306
8246.3  0.9540516
8248.9  0.982793
8251.5  0.9737799
8254.1  0.9784464
8256.7  0.9681087
8259.3  0.9649043
8261.9  0.9366767
8264.5  0.9784615
8267.1  0.9892607
8269.7  0.9833004
8272.3  0.9783716
8274.9  0.9711022
8277.5  0.9191841
8280.1  0.9439525
8282.7  0.9616975
8285.3  0.9660949
8287.9  0.9646379
8290.5  0.9345103
8293.1  0.9362034
8295.7  0.9479413
8298.3  0.942046
8300.9  0.9748053
8303.5  0.9545224
8306.1  0.9280686
8308.7  0.9230322
8311.3  0.9372255
8313.9  0.9403738
8316.5  0.9399344
8319.1  0.9325268
8321.7  0.9208816
8324.3  0.9137522
8326.9  0.9206449
8329.5  0.9163287
8332.1  0.9048165
8334.7  0.9110123
8337.3  0.933327
8339.9  0.9606807
8342.5  0.9607338
8345.1  0.9755999
8347.7  0.968566
8350.3  0.9372702
8352.9  0.9387018
8355.5  0.9653931
8358.1  0.9678713
8360.7  0.947486
8363.3  0.9474567
8365.9  0.9525708
8368.5  0.9308993
8371.1  0.9420642
8373.7  0.968331
8376.3  0.9891866
8378.9  0.9911865
8381.5  0.9640445
8384.1  0.9395403
8386.7  0.9397542
8389.3  0.9247143
8391.9  0.9268204
8394.5  0.9730124
8397.1  0.98052
8399.7  0.9885718
8402.3  0.9911878
8404.9  0.9786295
8407.5  0.9761641
8410.1  0.9851883
8412.7  0.9899989
8415.3  0.9826779
8417.9  0.9847395
8420.5  0.9764079
8423.1  0.9992484
8425.7  0.9808928
8428.3  0.9784938
8430.9  0.9780958
8433.5  0.9921112
8436.1  0.9697102
8438.7  0.9453328
8441.3  0.9498411
8443.9  0.9850222
8446.5  1.00315
8449.1  0.9887012
8451.7  1.011438
8454.3  1.011324
8456.9  1.02067
8459.5  1.010165
8462.1  1.022637
8464.7  1.030793
8467.3  0.9802712
8469.9  0.9905196
8472.5  0.977612
8475.1  0.9909846
8477.7  1.016427
8480.3  1.029677
8482.9  1.012815
8485.5  1.016657
8488.1  1.020359
8490.7  1.007912
8493.3  0.9906801
8495.9  0.9638542
8498.5  0.9092203
8501.1  0.8536716
8503.7  0.8890918
8506.3  0.9774704
8508.9  1.007887
8511.5  1.000983
8514.1  0.9880051
8516.7  0.9688004
8519.3  0.9793587
8521.9  0.9845295
8524.5  0.9841555
8527.1  0.9997222
8529.7  0.9976473
8532.3  0.971499
8534.9  0.9650075
8537.5  0.9156132
8540.1  0.8509698
8542.7  0.7504133
8545.3  0.6766505
8547.9  0.7562964
8550.5  0.8967372
8553.1  0.9298958
8555.7  0.9698495
8558.3  0.9552136
8560.9  0.9678187
8563.5  0.9847747
8566.1  0.9742916
8568.7  0.979401
8571.3  0.9879916
8573.9  0.9914715
8576.5  0.9748061
8579.1  0.9906389
8581.7  0.9814028
8584.3  0.9623348
8586.9  0.9897004
8589.5  0.9951823
8592.1  0.9836327
8594.7  0.9980894
8597.3  0.984331
8599.9  0.9993345
8602.5  0.9702497
8605.1  0.9921999
8607.7  0.9981832
8610.3  1.007054
8612.9  0.9827487
8615.5  0.9927216
8618.1  0.9614708
8620.7  0.9813065
8623.3  0.9608738
8625.9  0.959697
8628.5  0.9843168
8631.1  1.014336
8633.7  0.9828496
8636.3  0.9832049
8638.9  0.977182
8641.5  1.002552
8644.1  0.9907548
8646.7  0.9797029
8649.3  0.9785886
8651.9  0.980598
8654.5  0.9700649
8657.1  0.9525499
8659.7  0.8852156
8662.3  0.8151329
8664.9  0.7503639
8667.5  0.7697345
8670.1  0.9180558
8672.7  0.9770753
8675.3  0.9696451
8677.9  0.9756833
8680.5  0.9809094
8683.1  0.9838499
8685.7  1.001311
8688.3  0.99392
8690.9  0.9711093
8693.5  0.9909857
8696.1  1.032883
8698.7  1.029045
8701.3  1.028399
8703.9  1.007445
8706.5  1.028633
8709.1  1.048408
8711.7  1.005809
8714.3  1.008347
8716.9  1.004329
8719.5  0.9959998
8722.1  1.002861
8724.7  1.026603
8727.3  1.045966
8729.9  1.021504
8732.5  1.046707
8735.1  1.038793
8737.7  1.039048
8740.3  1.051824
8742.9  1.031556
8745.5  1.034395
8748.1  1.039678
8750.7  1.045649
8753.3  1.052873
8755.9  1.067371
8758.5  1.071693
8761.1  1.082803
8763.7  1.064242
8766.3  1.034057
8768.9  1.04723
8771.5  1.059511
8774.1  1.077432
8776.7  1.040049
8779.3  1.0431
8781.9  1.059167
8784.5  1.042052
8787.1  1.067706
8789.7  1.088186
8792.3  1.067766
8794.9  1.056365
8797.5  1.031776
8800.1  1.044774
8802.7  1.071484
8805.3  1.039605
8807.9  0.9758686
8810.5  0.9737989
8813.1  1.034448
8815.7  1.043311
8818.3  1.094525
8820.9  1.093429
8823.5  1.102506
8826.1  1.082614
8828.7  1.041268
8831.3  1.027243
8833.9  1.020108
8836.5  1.031917
8839.1  1.033556
8841.7  1.052666
8844.3  1.068023
8846.9  1.084219
8849.5  1.072199
8852.1  1.045978
8854.7  1.060597
8857.3  1.053761
8859.9  1.084799
8862.5  1.07997
8865.1  1.053486
8867.7  1.028498
8870.3  1.029233
8872.9  1.031633
8875.5  1.068989
8878.1  1.098471
8880.7  1.075177
8883.3  1.074143
8885.9  1.077252
8888.5  1.086389
8891.1  1.043507
8893.7  1.036553
8896.3  1.080052
8898.9  1.078736
8901.5  1.072402
8904.1  1.046963
8906.7  1.049364
8909.3  1.041738
8911.9  1.101235
8914.5  1.101831
8917.1  1.086952
8919.7  1.061559
8922.3  1.04762
8924.9  0.9393793
8927.5  0.9898364
8930.1  1.010563
8932.7  1.018358
8935.3  1.026599
8937.9  1.083645
8940.5  1.083487
8943.1  1.052175
8945.7  1.000812
8948.3  0.949829
8950.9  1.041197
8953.5  1.050326
8956.1  1.037155
8958.7  1.051318
8961.3  1.063262
8963.9  0.9254133
8966.5  0.9000074
8969.1  0.9710512
8971.7  0.9716774
8974.3  0.9867277
8976.9  0.9568204
8979.5  0.9560407
8982.1  0.9694562
8984.7  0.9971939
8987.3  0.9473976
8989.9  0.8780953
8992.5  0.8871915
8995.1  0.9836487
8997.7  1.030143
9000.3  0.9965764
9002.9  0.9576236
9005.5  0.8917703
9008.1  0.8970494
9010.7  0.8943408
9013.3  0.9092221
9015.9  0.95291
9018.5  0.9466988
9021.1  0.9611717
9023.7  0.9741487
9026.3  0.9355658
9028.9  0.9530402
9031.5  0.9921801
9034.1  1.044706
9036.7  1.064556
9039.3  1.068253
9041.9  1.112528
9044.5  1.067747
9047.1  1.084358
9049.7  1.092932
9052.3  1.070678
9054.9  1.055418
9057.5  1.002013
9060.1  1.018061
9062.7  0.9865543
9065.3  1.049343
9067.9  1.049726
9070.5  0.9895533
9073.1  0.966354
9075.7  1.011711
9078.3  1.010396
9080.9  0.9499605
9083.5  0.9430334
9086.1  0.9619114
9088.7  0.9615996
9091.3  0.9415419
9093.9  0.9828681
9096.5  1.01077
9099.1  0.9844414
9101.7  0.9698361
9104.3  1.090075
9106.9  1.403997
9109.5  0.9525242
9112.1  0.9993641
9114.7  1.072451
9117.3  1.032794
9119.9  0.9738302
9122.5  1.006682
9125.1  1.048476
9127.7  1.045972
9130.3  0.9961112
9132.9  0.9431324
9135.5  0.9578183
9138.1  0.9636509
9140.7  0.9660328
9143.3  1.040236
9145.9  1.056325
9148.5  1.030653
9151.1  1.03397
9153.7  1.000149
9156.3  0.9082999
9158.9  0.9498249
9161.5  1.024808
9164.1  1.042159
9166.7  1.009473
9169.3  1.022851
9171.9  0.9927399
9174.5  0.9484789
9177.1  0.953563
9179.7  0.9769097
9182.3  1.040468
9184.9  1.025713
9187.5  1.025062
9190.1  1.05159
9192.7  1.079951
9195.3  1.059021
9197.9  1.075025
9200.5  1.106814
9203.1  1.109402
9205.7  1.133895
9208.3  1.096358
9210.9  1.024791
9213.5  1.061174
9216.1  1.048543
9218.7  1.036167
9221.3  1.099151
9223.9  1.150729
9226.5  1.10748
9229.1  1.101091
9231.7  1.087162
9234.3  1.096014
9236.9  1.105198
9239.5  1.11093
9242.1  1.096794
9244.7  1.10067
9247.3  1.085387
9249.9  1.104779
9252.5  1.152973
9255.1  1.112717
9257.7  1.091632
9260.3  1.094296
9262.9  1.074842
9265.5  1.091907
9268.1  1.140813
9270.7  1.146743
9273.3  1.137831
9275.9  1.119815
9278.5  1.119629
9281.1  1.083461
9283.7  1.073181
9286.3  1.069506
9288.9  1.063321
9291.5  1.003695
9294.1  0.9907702
9296.7  0.9586093
9299.3  1.065831
9301.9  1.095586
9304.5  1.065387
9307.1  0.9873838
9309.7  1.002818
9312.3  0.8985725
9314.9  0.9151194
9317.5  0.8171695
9320.1  0.7179694
9322.7  0.804782
9325.3  0.817645
9327.9  0.804522
9330.5  0.8017124
9333.1  0.8577033
9335.7  0.8242679
9338.3  0.7669246
9340.9  0.6983018
9343.5  0.6485933
9346.1  0.6267808
9348.7  0.7477783
9351.3  0.8315149
9353.9  0.8929689
9356.5  0.7703201
9359.1  0.7184711
9361.7  0.7888249
9364.3  0.9142632
9366.9  0.849585
9369.5  0.9223872
9372.1  0.8107302
9374.7  0.8053079
9377.3  0.9530799
9379.9  0.9124058
9382.5  0.7466301
9385.1  0.8702294
9387.7  1.023105
9390.3  1.150304
9392.9  1.223559
9395.5  1.214399
9398.1  1.228902
9400.7  1.164247
9403.3  1.085892
9405.9  1.123217
9408.5  1.170692
9411.1  1.098748
9413.7  1.107039
9416.3  1.164852
9418.9  1.182888
9421.5  1.207504
9424.1  1.141991
9426.7  1.050034
9429.3  0.9264648
9431.9  0.979685
9434.5  1.097313
9437.1  1.233136
9439.7  1.088307
9442.3  1.050904
9444.9  0.9741658
9447.5  1.134916
9450.1  1.232098
9452.7  1.27547
9455.3  1.235935
9457.9  1.096147
9460.5  1.049389
9463.1  1.16849
9465.7  1.316018
9468.3  1.378474
9470.9  1.483891
9473.5  1.440377
9476.1  1.492652
9478.7  1.472849
9481.3  1.380833
9483.9  1.341987
9486.5  1.387349
9489.1  1.584803
9491.7  1.674823
9494.3  1.568321
9496.9  1.328682
9499.5  1.260112
9502.1  1.331646
9504.7  1.453403
9507.3  1.785348
9509.9  1.955841
9512.5  1.899753
9515.1  1.783916
9517.7  1.71387
9520.3  1.628465
9522.9  1.619148
9525.5  1.729136
9528.1  1.883507
9530.7  2.030522
9533.3  2.171947
9535.9  2.322391
9538.5  2.305589
9541.1  2.1716
9543.7  2.095249
9546.3  2.011103
9548.9  2.14844
9551.5  2.394857
9554.1  2.46153
9556.7  2.410734
9559.3  2.412233
9561.9  2.653126
9564.5  2.700693
9567.1  2.621963
9569.7  2.737991
9572.3  3.018829
9574.9  3.385103
9577.5  3.601445
9580.1  3.710256
9582.7  3.686308
9585.3  3.71392
9587.9  3.941549
9590.5  4.052643
9593.1  3.997398
9595.7  4.387532
9598.3  4.529131
9600.9  4.892265
9603.5  5.675566
9606.1  5.985042
9608.7  6.463037
9611.3  7.214448
9613.9  7.978598
9616.5  8.912957
9619.1  9.877382
9621.7  10.41825
9624.3  11.51192
9626.9  13.75437
9629.5  17.37338
9632.1  22.83147
9634.7  30.52168
9637.3  47.53917
9639.9  111.1239
9642.5  -257.0062
9645.1  -62.17508
9647.7  -35.34762
9650.3  -24.39883
9652.9  -19.14987
9655.5  -15.83272
9658.1  -12.4913
9660.7  -10.15929
9663.3  -8.598137
9665.9  -8.161891
9668.5  -7.558366
9671.1  -7.741112
9673.7  -6.53633
9676.3  -6.176713
9678.9  -6.020733
9681.5  -5.368853
9684.1  -5.131268
9686.7  -5.065424
9689.3  -4.657718
9691.9  -4.132885
9694.5  -3.804838
9697.1  -3.805861
9699.7  -3.682414
9702.3  -3.554509
9704.9  -3.440014
9707.5  -3.288724
9710.1  -3.074586
9712.7  -2.751243
9715.3  -2.88273
9717.9  -2.720056
9720.5  -2.583906
9723.1  -2.451727
9725.7  -2.348743
9728.3  -2.153567
9730.9  -2.09702
9733.5  -2.131062
9736.1  -1.933985
9738.7  -1.951801
9741.3  -1.929712
9743.9  -1.909135
9746.5  -1.828973
9749.1  -1.666363
9751.7  -1.63367
9754.3  -1.556203
9756.9  -1.481364
9759.5  -1.512814
9762.1  -1.496879
9764.7  -1.45795
9767.3  -1.424511
9769.9  -1.380174
9772.5  -1.38683
9775.1  -1.369205
9777.7  -1.387119
9780.3  -1.298287
9782.9  -1.1
9785.5  -1.065598
9788.1  -1.005307
9790.7  -0.9852338
9793.3  -0.9846997
9795.9  -1.126888
9798.5  -1.171782
9801.1  -1.074377
9803.7  -1.076987
9806.3  -1.064264
9808.9  -1.064897
9811.5  -1.081486
9814.1  -1.061922
9816.7  -0.993486
9819.3  -0.9778141
9821.9  -0.930207
9824.5  -0.9265524
9827.1  -0.8729125
9829.7  -0.8335258
9832.3  -0.8347263
9834.9  -0.8443615
9837.5  -0.8360559
9840.1  -0.8268942
9842.7  -0.8333765
9845.3  -0.7920198
9847.9  -0.8265474
9850.5  -0.8157573
9853.1  -0.8122374
9855.7  -0.7690404
9858.3  -0.759388
9860.9  -0.7072405
9863.5  -0.626729
9866.1  -0.5803106
9868.7  -0.6714663
9871.3  -0.6928501
9873.9  -0.6811047
9876.5  -0.7779416
9879.1  -0.7836708
9881.7  -0.7090903
9884.3  -0.6463634
9886.9  -0.5973279
9889.5  -0.5447415
9892.1  -0.5622477
9894.7  -0.5931461
9897.3  -0.5991251
9899.9  -0.6423545
9902.5  -0.5942692
9905.1  -0.5145615
9907.7  -0.4522905
9910.3  -0.4535924
9912.9  -0.5396426
9915.5  -0.555055
9918.1  -0.6189516
9920.7  -0.6193167
9923.3  -0.6284072
9925.9  -0.5076406
9928.5  -0.4547298
9931.1  -0.4544237
9933.7  -0.428351
9936.3  -0.364309
9938.9  -0.3547673
9941.5  -0.3410741
9944.1  -0.4070189
9946.7  -0.5138541
9949.3  -0.5003586
9951.9  -0.4649988
9954.5  -0.4550873
9957.1  -0.4239132
9959.7  -0.4510595
9962.3  -0.4532714
9964.9  -0.4252442
9967.5  -0.4185049
9970.1  -0.4270051
9972.7  -0.3884182
9975.3  -0.3721305
9977.9  -0.3874225
9980.5  -0.3892001
9983.1  -0.3856978
9985.7  -0.3668686
9988.3  -0.3424587
9990.9  -0.330273
9993.5  -0.3113742
9996.1  -0.3115656
9998.7  -0.3100602
