3501.3  3.512005E-4
3503.9  -4.649084E-5
3506.5  1.578398E-4
3509.1  5.071419E-5
3511.7  2.378558E-4
3514.3  8.951723E-5
3516.9  -1.540497E-4
3519.5  2.755374E-4
3522.1  7.186094E-5
3524.7  9.138458E-5
3527.3  2.244385E-4
3529.9  2.330132E-5
3532.5  2.261109E-5
3535.1  8.794334E-5
3537.7  1.716127E-4
3540.3  -2.247411E-5
3542.9  1.609904E-4
3545.5  7.453248E-5
3548.1  1.805971E-4
3550.7  9.733227E-5
3553.3  -1.774874E-4
3555.9  1.962567E-4
3558.5  1.467728E-4
3561.1  1.335300E-5
3563.7  -8.682557E-5
3566.3  -4.648961E-5
3568.9  -3.998344E-7
3571.5  -6.169302E-6
3574.1  5.486505E-5
3576.7  7.863787E-5
3579.3  2.942439E-5
3581.9  -8.615270E-5
3584.5  -3.292634E-4
3587.1  1.206589E-4
3589.7  2.163153E-4
3592.3  1.365535E-4
3594.9  9.434162E-5
3597.5  -2.059492E-4
3600.1  9.554902E-5
3602.7  -3.082957E-5
3605.3  1.779042E-4
3607.9  -5.777214E-5
3610.5  9.135964E-5
3613.1  1.455070E-4
3615.7  -8.753511E-5
3618.3  -6.322836E-5
3620.9  2.010229E-4
3623.5  9.578439E-5
3626.1  4.046977E-5
3628.7  2.350235E-4
3631.3  -3.755605E-5
3633.9  -3.138566E-4
3636.5  -1.344029E-4
3639.1  1.902549E-4
3641.7  9.563416E-5
3644.3  -1.716802E-4
3646.9  2.423272E-4
3649.5  1.897523E-4
3652.1  2.613775E-4
3654.7  -6.026944E-5
3657.3  2.242629E-4
3659.9  -2.287213E-4
3662.5  -5.877715E-5
3665.1  -2.889139E-5
3667.7  4.054427E-4
3670.3  -3.888447E-7
3672.9  -1.939261E-4
3675.5  1.905294E-4
3678.1  3.107546E-4
3680.7  -1.458115E-4
3683.3  3.123931E-4
3685.9  -3.365687E-4
3688.5  1.001391E-4
3691.1  3.894278E-4
3693.7  -1.457392E-4
3696.3  3.618872E-4
3698.9  6.258168E-5
3701.5  -6.294981E-5
3704.1  1.204862E-4
3706.7  1.569595E-4
3709.3  3.095218E-5
3711.9  4.592479E-5
3714.5  1.237305E-4
3717.1  1.260157E-5
3719.7  -1.209459E-4
3722.3  1.215629E-4
3724.9  2.378950E-4
3727.5  1.235353E-4
3730.1  2.091210E-4
3732.7  3.565237E-5
3735.3  -1.294899E-4
3737.9  1.160395E-4
3740.5  3.180827E-4
3743.1  8.025311E-5
3745.7  -3.373423E-5
3748.3  1.143958E-4
3750.9  4.736028E-4
3753.5  2.543986E-4
3756.1  2.559195E-4
3758.7  -1.020469E-4
3761.3  -6.775169E-5
3763.9  8.461635E-5
3766.5  3.617785E-5
3769.1  1.022079E-4
3771.7  6.070179E-5
3774.3  -1.199143E-5
3776.9  3.621811E-5
3779.5  3.502551E-4
3782.1  1.211129E-4
3784.7  2.717134E-4
3787.3  2.364856E-4
3789.9  1.158982E-4
3792.5  -1.208001E-4
3795.1  7.388208E-4
3797.7  1.584672E-4
3800.3  1.838094E-4
3802.9  4.170421E-4
3805.5  1.367122E-4
3808.1  -1.837877E-4
3810.7  1.024654E-4
3813.3  1.272689E-4
3815.9  -1.094590E-4
3818.5  7.866081E-5
3821.1  7.475934E-4
3823.7  1.595363E-5
3826.3  -2.903818E-4
3828.9  -1.490964E-5
3831.5  2.500264E-4
3834.1  6.549250E-5
3836.7  2.916239E-4
3839.3  2.743009E-4
3841.9  -1.676623E-4
3844.5  3.212657E-4
3847.1  -3.306610E-4
3849.7  -4.323098E-4
3852.3  1.624285E-4
3854.9  -3.874744E-4
3857.5  3.526395E-4
3860.1  1.608621E-4
3862.7  -1.497347E-4
3865.3  7.266358E-5
3867.9  3.444936E-5
3870.5  4.988248E-4
3873.1  -2.280181E-5
3875.7  2.637641E-4
3878.3  2.964574E-4
3880.9  5.300990E-4
3883.5  1.940838E-4
3886.1  -9.885123E-5
3888.7  2.300950E-4
3891.3  -1.987144E-4
3893.9  3.274933E-4
3896.5  3.447141E-4
3899.1  2.616537E-4
3901.7  7.509788E-5
3904.3  7.366069E-5
3906.9  -8.000697E-6
3909.5  1.031770E-4
3912.1  -3.589024E-4
3914.7  3.168632E-4
3917.3  2.288282E-4
3919.9  4.507898E-4
3922.5  1.160488E-4
3925.1  8.609568E-5
3927.7  -6.022177E-5
3930.3  -2.364656E-4
3932.9  2.740181E-4
3935.5  2.255277E-4
3938.1  -1.356896E-4
3940.7  4.221751E-4
3943.3  7.329095E-4
3945.9  2.856811E-4
3948.5  -3.273346E-4
3951.1  4.419896E-4
3953.7  -3.392879E-4
3956.3  5.602637E-4
3958.9  0.001011532
3961.5  5.960380E-5
3964.1  -1.401094E-4
3966.7  2.752760E-4
3969.3  -3.387891E-4
3971.9  4.032136E-4
3974.5  3.961031E-4
3977.1  2.736735E-5
3979.7  5.177418E-4
3982.3  3.013800E-4
3984.9  6.822931E-4
3987.5  5.250633E-4
3990.1  6.857851E-4
3992.7  2.696925E-4
3995.3  1.321569E-4
3997.9  1.922586E-4
4000.5  2.793809E-4
4003.1  5.872471E-4
4005.7  9.207223E-4
4008.3  -1.437084E-5
4010.9  1.924327E-4
4013.5  -2.238128E-4
4016.1  1.373817E-4
4018.7  1.531830E-4
4021.3  1.369778E-4
4023.9  1.447761E-4
4026.5  3.194410E-4
4029.1  0.001097163
4031.7  4.659316E-4
4034.3  -2.616885E-4
4036.9  5.716788E-4
4039.5  6.722766E-4
4042.1  -2.049948E-4
4044.7  2.101476E-4
4047.3  5.402876E-4
4049.9  4.439621E-5
4052.5  3.961259E-4
4055.1  7.619457E-4
4057.7  3.114381E-4
4060.3  6.715741E-4
4062.9  2.557356E-4
4065.5  7.975249E-4
4068.1  3.135610E-4
4070.7  -1.378791E-4
4073.3  3.194566E-4
4075.9  2.729157E-4
4078.5  2.861190E-4
4081.1  3.408623E-4
4083.7  -1.461982E-4
4086.3  4.778033E-5
4088.9  -4.056526E-4
4091.5  5.396919E-4
4094.1  2.415433E-4
4096.7  -4.613993E-4
4099.3  4.107980E-4
4101.9  9.441450E-4
4104.5  6.324657E-4
4107.1  -2.972584E-5
4109.7  4.223608E-4
4112.3  0.001008536
4114.9  2.364612E-4
4117.5  2.468801E-4
4120.1  4.865812E-4
4122.7  3.593601E-4
4125.3  0.001005979
4127.9  4.870773E-4
4130.5  5.087451E-4
4133.1  2.646046E-4
4135.7  6.195843E-4
4138.3  6.250252E-4
4140.9  4.789868E-4
4143.5  -3.176077E-4
4146.1  6.393028E-4
4148.7  -6.477880E-5
4151.3  2.546491E-4
4153.9  2.401141E-4
4156.5  2.189556E-4
4159.1  -6.556028E-5
4161.7  -1.719231E-4
4164.3  1.812398E-4
4166.9  2.732985E-4
4169.5  -5.267200E-5
4172.1  2.374559E-4
4174.7  -4.351148E-4
4177.3  -1.372476E-4
4179.9  -6.679469E-5
4182.5  2.361508E-4
4185.1  -1.026529E-5
4187.7  6.145760E-5
4190.3  2.424822E-4
4192.9  5.300643E-4
4195.5  2.809982E-4
4198.1  0.001030961
4200.7  5.576282E-4
4203.3  6.143770E-4
4205.9  4.607594E-4
4208.5  1.550930E-4
4211.1  9.989800E-4
4213.7  8.447088E-4
4216.3  2.445703E-4
4218.9  2.581920E-4
4221.5  7.411349E-4
4224.1  -6.436434E-5
4226.7  9.777005E-4
4229.3  4.155784E-4
4231.9  -5.799812E-4
4234.5  0.001639921
4237.1  -1.825611E-4
4239.7  9.508274E-4
4242.3  0.001319879
4244.9  5.634510E-4
4247.5  7.934999E-4
4250.1  7.762437E-4
4252.7  8.324173E-5
4255.3  2.977384E-4
4257.9  0.001298444
4260.5  -7.130494E-5
4263.1  -5.145766E-4
4265.7  -1.992826E-4
4268.3  0.001394581
4270.9  1.111789E-4
4273.5  -2.327393E-4
4276.1  -1.108000E-4
4278.7  -4.046365E-4
4281.3  1.757148E-4
4283.9  2.674373E-4
4286.5  7.960520E-6
4289.1  0.001384631
4291.7  2.990871E-4
4294.3  6.044239E-4
4296.9  8.674579E-4
4299.5  -7.262141E-4
4302.1  -3.153461E-4
4304.7  2.652637E-4
4307.3  4.133089E-4
4309.9  3.520209E-4
4312.5  5.468834E-4
4315.1  3.041565E-4
4317.7  -3.022192E-4
4320.3  4.965425E-5
4322.9  9.076152E-4
4325.5  4.656990E-4
4328.1  6.229286E-4
4330.7  0.001817495
4333.3  7.139196E-4
4335.9  -2.576870E-4
4338.5  7.214944E-4
4341.1  -2.438001E-4
4343.7  9.211028E-4
4346.3  9.795692E-4
4348.9  0.001671348
4351.5  0.001065565
4354.1  -5.686463E-5
4356.7  3.129399E-4
4359.3  3.556413E-4
4361.9  -7.012659E-4
4364.5  -3.405247E-4
4367.1  7.346454E-4
4369.7  0.001706552
4372.3  0.001468058
4374.9  -2.355719E-4
4377.5  2.188000E-4
4380.1  6.851260E-5
4382.7  -0.001704451
4385.3  -9.296915E-4
4387.9  -6.712138E-4
4390.5  -0.001250528
4393.1  -4.444033E-4
4395.7  0.002430932
4398.3  0.001106387
4400.9  -0.001514787
4403.5  -4.909267E-4
4406.1  0.00165004
4408.7  1.135576E-4
4411.3  -6.888179E-4
4413.9  -7.992447E-4
4416.5  -0.001647599
4419.1  7.363502E-4
4421.7  0.001632503
4424.3  0.001147995
4426.9  -5.399518E-4
4429.5  -8.054314E-4
4432.1  -0.001021548
4434.7  3.916111E-4
4437.3  6.464219E-4
4439.9  7.856783E-4
4442.5  5.604465E-4
4445.1  -7.033259E-5
4447.7  0.001735828
4450.3  4.329334E-4
4452.9  -4.620521E-4
4455.5  -5.873322E-4
4458.1  8.952636E-4
4460.7  0.00192414
4463.3  2.763328E-4
4465.9  0.002181579
4468.5  -3.543732E-4
4471.1  -3.382114E-4
4473.7  -0.001188611
4476.3  0.00307464
4478.9  3.275052E-4
4481.5  -3.260810E-5
4484.1  0.001036696
4486.7  0.001641406
4489.3  -5.417310E-4
4491.9  5.266406E-4
4494.5  -3.452805E-4
4497.1  -3.521283E-4
4499.7  5.113078E-4
4502.3  -3.060304E-5
4504.9  0.002351793
4507.5  -2.684145E-4
4510.1  0.001102389
4512.7  8.031451E-4
4515.3  -9.957904E-4
4517.9  0.001591949
4520.5  0.001380031
4523.1  -1.040691E-4
4525.7  0.001251048
4528.3  -0.004845233
4530.9  -8.520568E-4
4533.5  0.001245696
4536.1  2.154230E-4
4538.7  -2.088352E-4
4541.3  -0.00172186
4543.9  5.676469E-4
4546.5  1.369688E-4
4549.1  0.001815047
4551.7  8.724300E-4
4554.3  2.899588E-4
4556.9  0.001309323
4559.5  -8.181663E-4
4562.1  0.0016091
4564.7  6.346942E-4
4567.3  4.629401E-4
4569.9  9.580160E-4
4572.5  6.509211E-4
4575.1  2.102782E-4
4577.7  6.758714E-4
4580.3  3.339571E-4
4582.9  1.580841E-4
4585.5  0.002999948
4588.1  -1.705993E-4
4590.7  7.529021E-4
4593.3  0.0024683
4595.9  0.00201598
4598.5  0.00125658
4601.1  0.002933229
4603.7  0.001165422
4606.3  8.268037E-4
4608.9  1.351149E-5
4611.5  -4.099891E-4
4614.1  0.002152906
4616.7  3.079250E-4
4619.3  7.513005E-4
4621.9  5.535366E-4
4624.5  -4.960947E-5
4627.1  6.928197E-4
4629.7  0.003471181
4632.3  8.256519E-4
4634.9  -0.003105973
4637.5  -0.003426936
4640.1  0.002621877
4642.7  -2.101163E-4
4645.3  3.813324E-4
4647.9  0.001887205
4650.5  0.001352962
4653.1  -1.918860E-4
4655.7  0.003319285
4658.3  0.003675509
4660.9  0.002028514
4663.5  0.002939794
4666.1  0.001764294
4668.7  -0.001022359
4671.3  0.001264311
4673.9  0.004001593
4676.5  0.003345508
4679.1  0.003139721
4681.7  0.005134453
4684.3  0.003328524
4686.9  0.001979875
4689.5  8.832866E-5
4692.1  0.003099932
4694.7  0.006914461
4697.3  5.311036E-4
4699.9  0.007257356
4702.5  0.004669532
4705.1  0.006226074
4707.7  0.004779943
4710.3  0.002092251
4712.9  0.007168649
4715.5  0.007163281
4718.1  0.009534987
4720.7  0.008096172
4723.3  0.005905794
4725.9  0.005432713
4728.5  0.006006779
4731.1  0.009444854
4733.7  0.009848338
4736.3  0.009194939
4738.9  0.008990354
4741.5  0.007305718
4744.1  0.008137234
4746.7  0.01348071
4749.3  0.009482023
4751.9  0.007776132
4754.5  0.009692444
4757.1  0.006291675
4759.7  0.009797286
4762.3  0.01168296
4764.9  0.01693912
4767.5  0.0128478
4770.1  0.01796665
4772.7  0.02337529
4775.3  0.01138331
4777.9  0.005582454
4780.5  0.01555177
4783.1  0.01808734
4785.7  0.01458873
4788.3  0.01682697
4790.9  0.01381016
4793.5  0.01285041
4796.1  0.01950664
4798.7  0.0224801
4801.3  0.0252561
4803.9  0.01911514
4806.5  0.02316851
4809.1  0.02296486
4811.7  0.02610331
4814.3  0.02510107
4816.9  0.02447125
4819.5  0.03134966
4822.1  0.02809102
4824.7  0.02362751
4827.3  0.02836567
4829.9  0.02949409
4832.5  0.03473856
4835.1  0.03123636
4837.7  0.03083201
4840.3  0.02942238
4842.9  0.02780896
4845.5  0.02112097
4848.1  0.03211031
4850.7  0.03124705
4853.3  0.03411062
4855.9  0.03119778
4858.5  0.04025028
4861.1  0.03358528
4863.7  0.03351267
4866.3  0.02892428
4868.9  0.03275628
4871.5  0.04280578
4874.1  0.04780057
4876.7  0.04394492
4879.3  0.04726546
4881.9  0.04640004
4884.5  0.04792288
4887.1  0.04424644
4889.7  0.03960721
4892.3  0.05008979
4894.9  0.06695751
4897.5  0.05253776
4900.1  0.05401936
4902.7  0.06124388
4905.3  0.05169473
4907.9  0.06917801
4910.5  0.06010099
4913.1  0.05561241
4915.7  0.07674202
4918.3  0.06276698
4920.9  0.06061404
4923.5  0.07036407
4926.1  0.07434051
4928.7  0.06796494
4931.3  0.07190542
4933.9  0.07098045
4936.5  0.0675007
4939.1  0.07919774
4941.7  0.08935456
4944.3  0.08069349
4946.9  0.07214254
4949.5  0.1114031
4952.1  0.109855
4954.7  0.09612557
4957.3  0.09831376
4959.9  0.09032959
4962.5  0.08703999
4965.1  0.09169623
4967.7  0.1034349
4970.3  0.08973349
4972.9  0.08589454
4975.5  0.1155855
4978.1  0.1121359
4980.7  0.1030162
4983.3  0.08878776
4985.9  0.1106792
4988.5  0.09620048
4991.1  0.1152625
4993.7  0.1223167
4996.3  0.1143757
4998.9  0.1343218
5001.5  0.1363367
5004.1  0.1082717
5006.7  0.13006
5009.3  0.1444923
5011.9  0.1220675
5014.5  0.1284488
5017.1  0.1447781
5019.7  0.1312844
5022.3  0.135062
5024.9  0.1381232
5027.5  0.1256077
5030.1  0.1781419
5032.7  0.1439024
5035.3  0.1729304
5037.9  0.1729671
5040.5  0.1478527
5043.1  0.1516473
5045.7  0.1853014
5048.3  0.2016179
5050.9  0.1925889
5053.5  0.1910349
5056.1  0.2127027
5058.7  0.2065043
5061.3  0.2163417
5063.9  0.199336
5066.5  0.229193
5069.1  0.2189202
5071.7  0.2245374
5074.3  0.2524449
5076.9  0.2085522
5079.5  0.2122658
5082.1  0.213479
5084.7  0.2016665
5087.3  0.2150803
5089.9  0.2546139
5092.5  0.2434233
5095.1  0.2633721
5097.7  0.3042941
5100.3  0.2632807
5102.9  0.2410865
5105.5  0.2801585
5108.1  0.2713612
5110.7  0.2822776
5113.3  0.2910001
5115.9  0.3024214
5118.5  0.3120416
5121.1  0.3168236
5123.7  0.3070494
5126.3  0.254096
5128.9  0.284104
5131.5  0.3133483
5134.1  0.3307724
5136.7  0.3716892
5139.3  0.3807189
5141.9  0.3772467
5144.5  0.3976462
5147.1  0.3631735
5149.7  0.3607279
5152.3  0.3892527
5154.9  0.3424673
5157.5  0.39161
5160.1  0.460685
5162.7  0.4674404
5165.3  0.4134859
5167.9  0.3386736
5170.5  0.3135954
5173.1  0.33729
5175.7  0.3344124
5178.3  0.4019268
5180.9  0.4449882
5183.5  0.4002955
5186.1  0.44321
5188.7  0.5280194
5191.3  0.5258805
5193.9  0.5110607
5196.5  0.548745
5199.1  0.5774338
5201.7  0.6348454
5204.3  0.6197573
5206.9  0.5091049
5209.5  0.4683971
5212.1  0.5570046
5214.7  0.6829563
5217.3  0.6867781
5219.9  0.7750003
5222.5  0.8393897
5225.1  0.7693936
5227.7  0.7125477
5230.3  0.8044938
5232.9  0.8895813
5235.5  0.8694147
5238.1  0.9419181
5240.7  0.9905014
5243.3  0.9656634
5245.9  0.9720633
5248.5  0.8606371
5251.1  0.8353398
5253.7  0.9114342
5256.3  0.9522763
5258.9  0.9732664
5261.5  0.9908195
5264.1  0.9589078
5266.7  0.8770492
5269.3  0.8894807
5271.9  0.858821
5274.5  1.020481
5277.1  1.120581
5279.7  1.133371
5282.3  1.228314
5284.9  1.218631
5287.5  1.223875
5290.1  1.292688
5292.7  1.315552
5295.3  1.33424
5297.9  1.241038
5300.5  1.179368
5303.1  1.153351
5305.7  1.381829
5308.3  1.479146
5310.9  1.542465
5313.5  1.523391
5316.1  1.577134
5318.7  1.615233
5321.3  1.497667
5323.9  1.480597
5326.5  1.398059
5329.1  1.418883
5331.7  1.27887
5334.3  1.458954
5336.9  1.587945
5339.5  1.680129
5342.1  1.504448
5344.7  1.462064
5347.3  1.65386
5349.9  1.637186
5352.5  1.558638
5355.1  1.689167
5357.7  1.697722
5360.3  1.854193
5362.9  1.852285
5365.5  1.650487
5368.1  1.626016
5370.7  1.618954
5373.3  1.655228
5375.9  1.770023
5378.5  1.906924
5381.1  1.802999
5383.7  1.72899
5386.3  1.885662
5388.9  1.831154
5391.5  1.790215
5394.1  1.736695
5396.7  1.615476
5399.3  1.602494
5401.9  1.700002
5404.5  1.706694
5407.1  1.640073
5409.7  1.585127
5412.3  1.702326
5414.9  1.768562
5417.5  1.956117
5420.1  1.866609
5422.7  1.905633
5425.3  1.861821
5427.9  1.907169
5430.5  1.751086
5433.1  1.66072
5435.7  1.684841
5438.3  1.757481
5440.9  1.862405
5443.5  1.821521
5446.1  1.842077
5448.7  1.758411
5451.3  1.603489
5453.9  1.707098
5456.5  1.67134
5459.1  1.687437
5461.7  1.682339
5464.3  1.7067
5466.9  1.692449
5469.5  1.698939
5472.1  1.735711
5474.7  1.802412
5477.3  1.723459
5479.9  1.727077
5482.5  1.662699
5485.1  1.754767
5487.7  1.734113
5490.3  1.783832
5492.9  1.785503
5495.5  1.749135
5498.1  1.72666
5500.7  1.796394
5503.3  1.809124
5505.9  1.78229
5508.5  1.651933
5511.1  1.735452
5513.7  1.628468
5516.3  1.607365
5518.9  1.744357
5521.5  1.855133
5524.1  1.778343
5526.7  1.809205
5529.3  1.76084
5531.9  1.784341
5534.5  1.739819
5537.1  1.725487
5539.7  1.802848
5542.3  1.81099
5544.9  1.812957
5547.5  1.786776
5550.1  1.872994
5552.7  1.863313
5555.3  1.736452
5557.9  1.741103
5560.5  1.748625
5563.1  1.787461
5565.7  1.730911
5568.3  1.689824
5570.9  1.731481
5573.5  1.755771
5576.1  1.668466
5578.7  1.88801
5581.3  1.664885
5583.9  1.642063
5586.5  1.604668
5589.1  1.581299
5591.7  1.521185
5594.3  1.48948
5596.9  1.576936
5599.5  1.593158
5602.1  1.519701
5604.7  1.620827
5607.3  1.649689
5609.9  1.673106
5612.5  1.64994
5615.1  1.672007
5617.7  1.555053
5620.3  1.522764
5622.9  1.572852
5625.5  1.558446
5628.1  1.658041
5630.7  1.58179
5633.3  1.605747
5635.9  1.614305
5638.5  1.504965
5641.1  1.469752
5643.7  1.52925
5646.3  1.511497
5648.9  1.522178
5651.5  1.544574
5654.1  1.615806
5656.7  1.490407
5659.3  1.495809
5661.9  1.444009
5664.5  1.459625
5667.1  1.479095
5669.7  1.469381
5672.3  1.488637
5674.9  1.547244
5677.5  1.558279
5680.1  1.541062
5682.7  1.476268
5685.3  1.499087
5687.9  1.504524
5690.5  1.548881
5693.1  1.598629
5695.7  1.570846
5698.3  1.496628
5700.9  1.383682
5703.5  1.385139
5706.1  1.318825
5708.7  1.286788
5711.3  1.308219
5713.9  1.408316
5716.5  1.472825
5719.1  1.453243
5721.7  1.50262
5724.3  1.480867
5726.9  1.442353
5729.5  1.434578
5732.1  1.412506
5734.7  1.465268
5737.3  1.496838
5739.9  1.443799
5742.5  1.451312
5745.1  1.432443
5747.7  1.44735
5750.3  1.43081
5752.9  1.431533
5755.5  1.466532
5758.1  1.455435
5760.7  1.4425
5763.3  1.412995
5765.9  1.411364
5768.5  1.389214
5771.1  1.409476
5773.7  1.339908
5776.3  1.311818
5778.9  1.257301
5781.5  1.17746
5784.1  1.12634
5786.7  1.140319
5789.3  1.233933
5791.9  1.273995
5794.5  1.309491
5797.1  1.33576
5799.7  1.323814
5802.3  1.368008
5804.9  1.381401
5807.5  1.389405
5810.1  1.360493
5812.7  1.340425
5815.3  1.348618
5817.9  1.388812
5820.5  1.379733
5823.1  1.354892
5825.7  1.38719
5828.3  1.364608
5830.9  1.353018
5833.5  1.340682
5836.1  1.345934
5838.7  1.313629
5841.3  1.31484
5843.9  1.338156
5846.5  1.300222
5849.1  1.228289
5851.7  1.241133
5854.3  1.219059
5856.9  1.215491
5859.5  1.225651
5862.1  1.213038
5864.7  1.2257
5867.3  1.205286
5869.9  1.269282
5872.5  1.242056
5875.1  1.260981
5877.7  1.265145
5880.3  1.172784
5882.9  1.158074
5885.5  1.084097
5888.1  0.9158801
5890.7  0.648415
5893.3  0.5534728
5895.9  0.631849
5898.5  0.7338098
5901.1  0.9069962
5903.7  1.123272
5906.3  1.181893
5908.9  1.158037
5911.5  1.1554
5914.1  1.116619
5916.7  1.068461
5919.3  1.120725
5921.9  1.153035
5924.5  1.098218
5927.1  1.151525
5929.7  1.130292
5932.3  1.108407
5934.9  1.158164
5937.5  1.136517
5940.1  1.129626
5942.7  1.13166
5945.3  1.179328
5947.9  1.153022
5950.5  1.143618
5953.1  1.116478
5955.7  1.093348
5958.3  1.120487
5960.9  1.130729
5963.5  1.156453
5966.1  1.14293
5968.7  1.122188
5971.3  1.136219
5973.9  1.118191
5976.5  1.070736
5979.1  1.091198
5981.7  1.104093
5984.3  1.076155
5986.9  1.086548
5989.5  1.125649
5992.1  1.152255
5994.7  1.123668
5997.3  1.096506
5999.9  1.095932
6002.5  1.088623
6005.1  1.074381
6007.7  1.053212
6010.3  1.066877
6012.9  1.033509
6015.5  1.041398
6018.1  1.114913
6020.7  1.110015
6023.3  1.106287
6025.9  1.112957
6028.5  1.139931
6031.1  1.133756
6033.7  1.137573
6036.3  1.129799
6038.9  1.122664
6041.5  1.112284
6044.1  1.13153
6046.7  1.170162
6049.3  1.189348
6051.9  1.141714
6054.5  1.094499
6057.1  1.103488
6059.7  1.127173
6062.3  1.118829
6064.9  1.119976
6067.5  1.113256
6070.1  1.13307
6072.7  1.184559
6075.3  1.184926
6077.9  1.149176
6080.5  1.129487
6083.1  1.095758
6085.7  1.087191
6088.3  1.092237
6090.9  1.085345
6093.5  1.113309
6096.1  1.104566
6098.7  1.107141
6101.3  1.083731
6103.9  1.074994
6106.5  1.064691
6109.1  1.087837
6111.7  1.093598
6114.3  1.109052
6116.9  1.085814
6119.5  1.041828
6122.1  1.027955
6124.7  1.05401
6127.3  1.07559
6129.9  1.062011
6132.5  1.045704
6135.1  1.02431
6137.7  0.9921208
6140.3  1.016424
6142.9  1.066189
6145.5  1.076529
6148.1  1.07297
6150.7  1.043399
6153.3  1.02198
6155.9  1.011904
6158.5  0.9491728
6161.1  0.86955
6163.7  0.8643768
6166.3  0.8584211
6168.9  0.8812901
6171.5  0.8896648
6174.1  0.9188591
6176.7  0.928823
6179.3  0.9302921
6181.9  0.921919
6184.5  0.9133515
6187.1  0.8429235
6189.7  0.8362536
6192.3  0.8274276
6194.9  0.8643428
6197.5  0.8873358
6200.1  0.8764554
6202.7  0.8644221
6205.3  0.9004201
6207.9  0.8898517
6210.5  0.8710776
6213.1  0.8428315
6215.7  0.8185199
6218.3  0.8093078
6220.9  0.8217616
6223.5  0.8212164
6226.1  0.8122405
6228.7  0.8007003
6231.3  0.8061327
6233.9  0.8420131
6236.5  0.8482578
6239.1  0.8054046
6241.7  0.8179561
6244.3  0.8187419
6246.9  0.8397553
6249.5  0.8590887
6252.1  0.82159
6254.7  0.7906734
6257.3  0.7814723
6259.9  0.7888626
6262.5  0.8333802
6265.1  0.8556251
6267.7  0.8428339
6270.3  0.8347424
6272.9  0.8355716
6275.5  0.8426934
6278.1  0.8081196
6280.7  0.7537569
6283.3  0.7304917
6285.9  0.7453409
6288.5  0.800981
6291.1  0.8364267
6293.7  0.8496312
6296.3  0.8448626
6298.9  0.8422018
6301.5  0.857974
6304.1  0.8792448
6306.7  0.8968017
6309.3  0.9132308
6311.9  0.8855602
6314.5  0.8673881
6317.1  0.8614345
6319.7  0.884892
6322.3  0.888376
6324.9  0.9315035
6327.5  0.947011
6330.1  0.9549034
6332.7  0.9716207
6335.3  0.9307483
6337.9  0.9246616
6340.5  0.9498274
6343.1  0.9328645
6345.7  0.9459342
6348.3  0.9329292
6350.9  0.9512292
6353.5  0.9355356
6356.1  0.8873399
6358.7  0.8856031
6361.3  0.8683361
6363.9  0.8786241
6366.5  0.9022411
6369.1  0.9546524
6371.7  0.9810711
6374.3  0.9592569
6376.9  0.9328018
6379.5  0.9505978
6382.1  0.942062
6384.7  0.9673392
6387.3  0.9846966
6389.9  0.9732703
6392.5  0.94726
6395.1  0.9440365
6397.7  0.9672478
6400.3  0.972676
6402.9  1.007286
6405.5  0.987639
6408.1  0.9809946
6410.7  0.9653779
6413.3  0.9544525
6415.9  0.9484577
6418.5  0.95415
6421.1  0.9560845
6423.7  0.9714773
6426.3  0.9799926
6428.9  0.9598305
6431.5  0.9657354
6434.1  0.9664778
6436.7  0.9626672
6439.3  0.9687578
6441.9  0.9706883
6444.5  0.9639822
6447.1  0.9275473
6449.7  0.8862606
6452.3  0.9106554
6454.9  0.9414403
6457.5  0.9536345
6460.1  0.9608552
6462.7  0.950665
6465.3  0.9570293
6467.9  0.9846809
6470.5  0.9772552
6473.1  0.9716506
6475.7  0.9861947
6478.3  0.9764271
6480.9  0.9565639
6483.5  0.9502814
6486.1  0.9563151
6488.7  0.9379211
6491.3  0.8944733
6493.9  0.846199
6496.5  0.8393573
6499.1  0.887918
6501.7  0.9136292
6504.3  0.9659641
6506.9  0.9776403
6509.5  0.9827762
6512.1  0.9694843
6514.7  0.9821479
6517.3  0.9876263
6519.9  0.9890596
6522.5  0.9714205
6525.1  0.9713533
6527.7  0.9816105
6530.3  0.9670701
6532.9  0.9482946
6535.5  0.9721662
6538.1  0.9824338
6540.7  0.9752952
6543.3  0.9644168
6545.9  0.9633914
6548.5  0.9764475
6551.1  0.9516882
6553.7  0.9437765
6556.3  0.9482865
6558.9  0.921813
6561.5  0.8694564
6564.1  0.871853
6566.7  0.9411127
6569.3  0.963449
6571.9  0.9581105
6574.5  0.9586139
6577.1  0.9763348
6579.7  0.983288
6582.3  0.9906321
6584.9  0.9853652
6587.5  0.9725401
6590.1  0.977171
6592.7  0.9322558
6595.3  0.9396213
6597.9  0.9588503
6600.5  0.9835645
6603.1  0.9721729
6605.7  0.9672236
6608.3  0.9416269
6610.9  0.9448099
6613.5  0.9670625
6616.1  0.9524136
6618.7  0.9766579
6621.3  0.983704
6623.9  0.9785115
6626.5  0.9603204
6629.1  0.9623976
6631.7  0.9609127
6634.3  0.9753737
6636.9  0.9842091
6639.5  0.9880297
6642.1  0.9553786
6644.7  0.9721261
6647.3  0.9625325
6649.9  0.9839924
6652.5  0.9598575
6655.1  0.9502831
6657.7  0.9482987
6660.3  0.9250064
6662.9  0.9318753
6665.5  0.9280613
6668.1  0.9487172
6670.7  0.9814215
6673.3  0.972864
6675.9  0.9445951
6678.5  0.9361743
6681.1  0.946898
6683.7  0.9434987
6686.3  0.9543613
6688.9  0.9644435
6691.5  0.9644746
6694.1  0.9409162
6696.7  0.9396622
6699.3  0.9504045
6701.9  0.9509259
6704.5  0.9668543
6707.1  0.9538737
6709.7  0.9481735
6712.3  0.9389884
6714.9  0.9161128
6717.5  0.9017445
6720.1  0.9279559
6722.7  0.9501419
6725.3  0.9428644
6727.9  0.9490693
6730.5  0.9439371
6733.1  0.9321893
6735.7  0.948476
6738.3  0.9209871
6740.9  0.9223729
6743.5  0.9118049
6746.1  0.9050537
6748.7  0.8945646
6751.3  0.9070321
6753.9  0.9303246
6756.5  0.9604266
6759.1  0.9632207
6761.7  0.9633701
6764.3  0.9468271
6766.9  0.9406146
6769.5  0.9451346
6772.1  0.9597644
6774.7  0.978187
6777.3  0.9822876
6779.9  0.9626711
6782.5  0.9376245
6785.1  0.9239599
6787.7  0.9376889
6790.3  0.9502587
6792.9  0.9519039
6795.5  0.9475546
6798.1  0.9562536
6800.7  0.9718636
6803.3  0.9638132
6805.9  0.9666795
6808.5  0.9783704
6811.1  0.9673116
6813.7  0.9603274
6816.3  0.9640552
6818.9  0.9816712
6821.5  0.9746062
6824.1  0.9816479
6826.7  0.9812223
6829.3  0.9704483
6831.9  0.986922
6834.5  0.978934
6837.1  0.9607301
6839.7  0.9476523
6842.3  0.952382
6844.9  0.9626168
6847.5  0.9690937
6850.1  0.959741
6852.7  0.9471388
6855.3  0.9389922
6857.9  0.9308748
6860.5  0.9320703
6863.1  0.9189652
6865.7  0.8781584
6868.3  0.7901668
6870.9  0.7343407
6873.5  0.7388838
6876.1  0.8053288
6878.7  0.8676605
6881.3  0.8881832
6883.9  0.9086241
6886.5  0.8976951
6889.1  0.8923965
6891.7  0.9002798
6894.3  0.9099231
6896.9  0.9117415
6899.5  0.9246234
6902.1  0.9287605
6904.7  0.9512278
6907.3  0.954331
6909.9  0.9513679
6912.5  0.9631891
6915.1  0.9610841
6917.7  0.973829
6920.3  0.9756994
6922.9  0.972026
6925.5  0.9703077
6928.1  0.978633
6930.7  0.9951277
6933.3  0.9928622
6935.9  0.9916842
6938.5  0.9987286
6941.1  1.010545
6943.7  0.9888996
6946.3  0.9904612
6948.9  1.001672
6951.5  0.9949046
6954.1  0.990226
6956.7  1.014858
6959.3  1.028617
6961.9  1.033953
6964.5  1.048044
6967.1  1.032467
6969.7  1.039562
6972.3  1.04101
6974.9  0.9869119
6977.5  0.9820719
6980.1  1.006953
6982.7  1.041484
6985.3  1.057526
6987.9  1.037583
6990.5  1.035459
6993.1  1.026439
6995.7  1.026839
6998.3  1.01188
7000.9  1.011523
7003.5  1.027033
7006.1  1.024267
7008.7  1.036041
7011.3  1.023695
7013.9  1.009002
7016.5  1.013969
7019.1  1.020719
7021.7  1.030013
7024.3  1.028346
7026.9  1.029314
7029.5  1.03617
7032.1  1.023423
7034.7  1.038973
7037.3  1.028755
7039.9  1.062535
7042.5  1.082981
7045.1  1.084141
7047.7  1.065376
7050.3  1.007593
7052.9  0.9857589
7055.5  0.9691396
7058.1  0.9578308
7060.7  0.946527
7063.3  0.9319134
7065.9  0.9372281
7068.5  0.9462308
7071.1  0.9863138
7073.7  1.006164
7076.3  1.000575
7078.9  0.9926402
7081.5  0.9673247
7084.1  0.939285
7086.7  0.9224784
7089.3  0.9075902
7091.9  0.9136013
7094.5  0.9261233
7097.1  0.9303867
7099.7  0.9374141
7102.3  0.9433481
7104.9  0.9437762
7107.5  0.9352632
7110.1  0.9322495
7112.7  0.9485127
7115.3  0.9674706
7117.9  0.9559711
7120.5  0.9414387
7123.1  0.9104888
7125.7  0.8795223
7128.3  0.8618763
7130.9  0.8651763
7133.5  0.8749663
7136.1  0.8743336
7138.7  0.882181
7141.3  0.8927949
7143.9  0.8890756
7146.5  0.8987043
7149.1  0.9231465
7151.7  0.9194708
7154.3  0.9244636
7156.9  0.9254333
7159.5  0.9360781
7162.1  0.9147974
7164.7  0.9172111
7167.3  0.9419227
7169.9  0.9431632
7172.5  0.9471089
7175.1  0.9500269
7177.7  0.9177697
7180.3  0.9137893
7182.9  0.9125506
7185.5  0.8915498
7188.1  0.8926928
7190.7  0.9070538
7193.3  0.9300598
7195.9  0.9354417
7198.5  0.921688
7201.1  0.9159777
7203.7  0.8969743
7206.3  0.9076047
7208.9  0.9202923
7211.5  0.9522348
7214.1  0.9564511
7216.7  0.9618376
7219.3  0.965099
7221.9  0.950523
7224.5  0.9508251
7227.1  0.9586747
7229.7  0.9676385
7232.3  0.9822684
7234.9  0.9743717
7237.5  0.9668513
7240.1  0.9683192
7242.7  0.9710845
7245.3  0.9903525
7247.9  0.9991505
7250.5  0.9962048
7253.1  0.9924527
7255.7  0.999772
7258.3  0.9999291
7260.9  0.9936855
7263.5  0.9954979
7266.1  1.004691
7268.7  1.002449
7271.3  1.010681
7273.9  0.9999673
7276.5  0.9814527
7279.1  0.9827235
7281.7  1.004901
7284.3  0.9992397
7286.9  0.990608
7289.5  0.9752252
7292.1  0.9852809
7294.7  1.018238
7297.3  1.013897
7299.9  1.012557
7302.5  1.021495
7305.1  1.017976
7307.7  1.014307
7310.3  1.010521
7312.9  1.015411
7315.5  1.000666
7318.1  0.9983926
7320.7  1.010571
7323.3  1.007297
7325.9  1.002135
7328.5  1.012219
7331.1  1.021147
7333.7  1.027518
7336.3  1.042934
7338.9  1.038921
7341.5  1.032093
7344.1  1.023394
7346.7  1.023262
7349.3  1.009656
7351.9  0.9832903
7354.5  0.9700804
7357.1  0.9728932
7359.7  0.9838232
7362.3  0.992334
7364.9  1.00904
7367.5  1.035757
7370.1  1.057325
7372.7  1.061979
7375.3  1.074607
7377.9  1.066522
7380.5  1.047305
7383.1  1.024988
7385.7  1.020175
7388.3  1.020295
7390.9  1.031667
7393.5  1.046584
7396.1  1.040472
7398.7  1.042425
7401.3  1.041977
7403.9  1.047459
7406.5  1.051566
7409.1  1.022796
7411.7  1.004442
7414.3  0.9981833
7416.9  0.9945702
7419.5  1.002784
7422.1  1.003325
7424.7  1.014853
7427.3  1.027546
7429.9  1.020642
7432.5  1.022219
7435.1  1.037592
7437.7  1.038318
7440.3  1.020735
7442.9  1.019641
7445.5  1.039505
7448.1  1.055439
7450.7  1.072275
7453.3  1.068103
7455.9  1.058392
7458.5  1.053144
7461.1  1.042776
7463.7  1.056849
7466.3  1.068537
7468.9  1.05315
7471.5  1.042735
7474.1  1.047942
7476.7  1.046094
7479.3  1.05948
7481.9  1.043397
7484.5  1.054823
7487.1  1.050855
7489.7  1.031481
7492.3  1.021807
7494.9  1.039973
7497.5  1.052195
7500.1  1.072398
7502.7  1.07479
7505.3  1.047829
7507.9  1.067548
7510.5  1.07453
7513.1  1.081691
7515.7  1.093785
7518.3  1.087568
7520.9  1.066695
7523.5  1.063712
7526.1  1.058873
7528.7  1.0641
7531.3  1.080496
7533.9  1.084946
7536.5  1.092439
7539.1  1.074898
7541.7  1.073475
7544.3  1.069846
7546.9  1.060346
7549.5  1.063533
7552.1  1.055568
7554.7  1.060607
7557.3  1.058657
7559.9  1.043447
7562.5  1.039527
7565.1  1.052858
7567.7  1.049961
7570.3  1.06278
7572.9  1.058036
7575.5  1.07097
7578.1  1.072575
7580.7  1.049223
7583.3  1.023045
7585.9  1.030722
7588.5  1.019557
7591.1  0.9341053
7593.7  0.7785221
7596.3  0.5773604
7598.9  0.4335011
7601.5  0.3455641
7604.1  0.3089857
7606.7  0.3077193
7609.3  0.3561193
7611.9  0.4457571
7614.5  0.579976
7617.1  0.7098085
7619.7  0.7557153
7622.3  0.6891972
7624.9  0.6025971
7627.5  0.565109
7630.1  0.5531819
7632.7  0.5592659
7635.3  0.5840142
7637.9  0.6097328
7640.5  0.6394533
7643.1  0.6835402
7645.7  0.6997821
7648.3  0.7272906
7650.9  0.7392811
7653.5  0.7571315
7656.1  0.7745575
7658.7  0.7764281
7661.3  0.7449273
7663.9  0.7303201
7666.5  0.7759621
7669.1  0.8572539
7671.7  0.9116641
7674.3  0.9358512
7676.9  0.9430827
7679.5  0.9495901
7682.1  0.9463422
7684.7  0.9540992
7687.3  0.9590043
7689.9  0.9514739
7692.5  0.9394032
7695.1  0.8994489
7697.7  0.8732198
7700.3  0.8832933
7702.9  0.9402866
7705.5  0.95952
7708.1  0.9339781
7710.7  0.9192196
7713.3  0.9261125
7715.9  0.9420097
7718.5  0.958559
7721.1  0.9601884
7723.7  0.9700354
7726.3  0.976761
7728.9  0.991326
7731.5  0.998648
7734.1  1.014813
7736.7  1.017977
7739.3  1.003337
7741.9  0.9870496
7744.5  0.9664932
7747.1  0.9544854
7749.7  0.9670356
7752.3  0.9922351
7754.9  1.003285
7757.5  1.012329
7760.1  1.008866
7762.7  0.9984974
7765.3  0.9980355
7767.9  1.003973
7770.5  1.0116
7773.1  1.015012
7775.7  0.9995746
7778.3  1.004219
7780.9  1.009322
7783.5  1.003187
7786.1  1.003755
7788.7  1.001694
7791.3  1.010193
7793.9  1.016619
7796.5  1.009329
7799.1  1.009682
7801.7  1.035771
7804.3  1.037732
7806.9  1.038022
7809.5  1.041776
7812.1  1.045712
7814.7  1.059333
7817.3  1.058639
7819.9  1.043995
7822.5  1.046239
7825.1  1.047985
7827.7  1.026203
7830.3  1.002924
7832.9  0.9909806
7835.5  1.007788
7838.1  1.021558
7840.7  1.02934
7843.3  1.036001
7845.9  1.028171
7848.5  1.021342
7851.1  1.019311
7853.7  1.036638
7856.3  1.044333
7858.9  1.054053
7861.5  1.060824
7864.1  1.046911
7866.7  1.044763
7869.3  1.041594
7871.9  1.036176
7874.5  1.029793
7877.1  1.017326
7879.7  1.015787
7882.3  1.020554
7884.9  1.025209
7887.5  1.034758
7890.1  1.027793
7892.7  1.010441
7895.3  1.010745
7897.9  1.014658
7900.5  1.021144
7903.1  1.020583
7905.7  1.006226
7908.3  0.9870093
7910.9  0.9782763
7913.5  0.9810699
7916.1  0.9881661
7918.7  0.9887494
7921.3  0.9892471
7923.9  0.9908477
7926.5  0.9887299
7929.1  0.9766186
7931.7  0.9793817
7934.3  0.9725312
7936.9  0.9691795
7939.5  0.9687043
7942.1  0.9538317
7944.7  0.9552235
7947.3  0.9747285
7949.9  0.9987711
7952.5  1.007132
7955.1  1.010286
7957.7  1.006194
7960.3  1.00863
7962.9  1.010774
7965.5  1.017361
7968.1  1.020174
7970.7  1.030291
7973.3  1.026315
7975.9  1.017863
7978.5  1.020304
7981.1  1.018487
7983.7  1.014109
7986.3  1.014386
7988.9  1.013399
7991.5  1.00022
7994.1  0.9940721
7996.7  1.003783
7999.3  1.017171
8001.9  1.018418
8004.5  1.020863
8007.1  1.028915
8009.7  1.034803
8012.3  1.039192
8014.9  1.046784
8017.5  1.040452
8020.1  1.016146
8022.7  0.9752146
8025.3  0.9520773
8027.9  0.9890862
8030.5  1.030861
8033.1  1.044328
8035.7  1.03257
8038.3  1.025207
8040.9  1.005495
8043.5  0.983443
8046.1  0.9800007
8048.7  1.000663
8051.3  1.023147
8053.9  1.02645
8056.5  1.029946
8059.1  1.028465
8061.7  1.01718
8064.3  0.9959906
8066.9  0.9789783
8069.5  0.9781339
8072.1  0.9884011
8074.7  0.9907745
8077.3  0.9959381
8079.9  1.000313
8082.5  1.004072
8085.1  0.9932004
8087.7  0.9725747
8090.3  0.9583208
8092.9  0.9525472
8095.5  0.9733036
8098.1  0.9849108
8100.7  1.000234
8103.3  1.001167
8105.9  0.9950033
8108.5  0.9850542
8111.1  0.9628299
8113.7  0.9438728
8116.3  0.9534293
8118.9  0.9850534
8121.5  1.004321
8124.1  0.9965189
8126.7  0.984543
8129.3  0.9844016
8131.9  0.981566
8134.5  0.9841675
8137.1  0.9845021
8139.7  0.9831021
8142.3  0.9783204
8144.9  0.9774287
8147.5  0.9822053
8150.1  0.9766976
8152.7  0.9802648
8155.3  0.9683623
8157.9  0.9475775
8160.5  0.9380037
8163.1  0.9561934
8165.7  0.967292
8168.3  0.9682978
8170.9  0.9682192
8173.5  0.9800714
8176.1  0.9640509
8178.7  0.9469471
8181.3  0.9478848
8183.9  0.9532907
8186.5  0.9637061
8189.1  0.959778
8191.7  0.948128
8194.3  0.9447455
8196.9  0.9408696
8199.5  0.9525381
8202.1  0.9540462
8204.7  0.9729396
8207.3  0.9770683
8209.9  0.9720411
8212.5  0.9774076
8215.1  0.9843498
8217.7  0.9849179
8220.3  0.9935607
8222.9  0.9911776
8225.5  0.9655322
8228.1  0.9462087
8230.7  0.9382457
8233.3  0.9559528
8235.9  0.9796699
8238.5  0.9873003
8241.1  0.9950541
8243.7  0.9896082
8246.3  1.000257
8248.9  0.9913464
8251.5  0.9638163
8254.1  0.9628989
8256.7  0.9966084
8259.3  1.00701
8261.9  1.009503
8264.5  1.002883
8267.1  1.001179
8269.7  0.9839873
8272.3  0.980773
8274.9  0.9822453
8277.5  0.9985706
8280.1  0.9912766
8282.7  0.9766792
8285.3  0.9791549
8287.9  0.974489
8290.5  0.9754986
8293.1  0.9686731
8295.7  0.9721406
8298.3  0.9733482
8300.9  0.9500992
8303.5  0.9348387
8306.1  0.9313312
8308.7  0.9508741
8311.3  0.9665288
8313.9  0.9761591
8316.5  0.9686796
8319.1  0.9534396
8321.7  0.9338707
8324.3  0.9429392
8326.9  0.9460151
8329.5  0.9421083
8332.1  0.9419575
8334.7  0.9360133
8337.3  0.9434317
8339.9  0.9395868
8342.5  0.9425323
8345.1  0.9250528
8347.7  0.9497067
8350.3  0.9653165
8352.9  0.969808
8355.5  0.968781
8358.1  0.9586482
8360.7  0.9314017
8363.3  0.9430193
8365.9  0.9604364
8368.5  0.9776371
8371.1  0.9711442
8373.7  0.9542863
8376.3  0.9472375
8378.9  0.9161523
8381.5  0.8969032
8384.1  0.8922447
8386.7  0.9173765
8389.3  0.946972
8391.9  0.9652479
8394.5  0.959675
8397.1  0.9672247
8399.7  0.9710124
8402.3  0.9864825
8404.9  0.9965707
8407.5  0.9800069
8410.1  0.9497643
8412.7  0.9465589
8415.3  0.9592788
8417.9  0.9653545
8420.5  0.937247
8423.1  0.9336147
8425.7  0.9606146
8428.3  0.9731511
8430.9  0.9296412
8433.5  0.9001318
8436.1  0.9346999
8438.7  0.954098
8441.3  0.9732798
8443.9  0.9711723
8446.5  0.9708759
8449.1  0.9851139
8451.7  0.9853915
8454.3  0.9876347
8456.9  0.9903431
8459.5  0.9916896
8462.1  0.9632231
8464.7  0.9442699
8467.3  0.954267
8469.9  0.9873914
8472.5  1.014289
8475.1  1.013224
8477.7  0.9955224
8480.3  0.9932206
8482.9  0.9943575
8485.5  0.9932001
8488.1  0.9819404
8490.7  0.9230376
8493.3  0.8305011
8495.9  0.8112299
8498.5  0.8635021
8501.1  0.9407091
8503.7  0.9925781
8506.3  0.9941264
8508.9  0.9637727
8511.5  0.9308211
8514.1  0.9341627
8516.7  0.9620527
8519.3  0.9788152
8521.9  0.9806027
8524.5  0.9759163
8527.1  0.9645483
8529.7  0.9475857
8532.3  0.9099395
8534.9  0.7974301
8537.5  0.6491663
8540.1  0.6175578
8542.7  0.7238944
8545.3  0.8513573
8547.9  0.9254072
8550.5  0.9528138
8553.1  0.9555559
8555.7  0.9640478
8558.3  0.9762924
8560.9  0.9819438
8563.5  0.9808751
8566.1  0.9789346
8568.7  0.9765392
8571.3  0.9782845
8573.9  0.9829206
8576.5  0.9764469
8579.1  0.9727603
8581.7  0.9856781
8584.3  1.000272
8586.9  1.007542
8589.5  1.008136
8592.1  1.001297
8594.7  0.9948561
8597.3  0.9917231
8599.9  1.007199
8602.5  1.011006
8605.1  1.006076
8607.7  0.9879776
8610.3  0.9788131
8612.9  0.9834146
8615.5  0.975809
8618.1  0.9577205
8620.7  0.9524199
8623.3  0.9728886
8625.9  0.9991028
8628.5  0.998485
8631.1  0.9971814
8633.7  0.9958388
8636.3  0.991461
8638.9  0.9925429
8641.5  0.9944856
8644.1  0.9863899
8646.7  0.9819762
8649.3  0.96789
8651.9  0.9462106
8654.5  0.8571749
8657.1  0.7361054
8659.7  0.675888
8662.3  0.7914658
8664.9  0.9082185
8667.5  0.9602584
8670.1  0.9665933
8672.7  0.9639096
8675.3  0.9728739
8677.9  0.9721068
8680.5  0.9694126
8683.1  0.9551865
8685.7  0.9480985
8688.3  0.9607976
8690.9  0.9955746
8693.5  1.011024
8696.1  0.9974619
8698.7  1.001939
8701.3  1.011091
8703.9  1.012069
8706.5  1.014796
8709.1  1.01225
8711.7  1.015844
8714.3  1.02405
8716.9  1.016053
8719.5  1.028258
8722.1  1.021047
8724.7  1.006391
8727.3  1.007519
8729.9  1.002964
8732.5  1.000393
8735.1  1.010106
8737.7  1.020724
8740.3  1.024814
8742.9  1.013883
8745.5  1.016559
8748.1  1.018989
8750.7  1.013375
8753.3  1.009147
8755.9  1.015791
8758.5  1.016893
8761.1  1.00118
8763.7  0.9882016
8766.3  0.9858559
8768.9  0.985025
8771.5  0.9845209
8774.1  1.007743
8776.7  1.016369
8779.3  1.017231
8781.9  1.029423
8784.5  1.027334
8787.1  1.014391
8789.7  1.009799
8792.3  1.006248
8794.9  1.013101
8797.5  1.004019
8800.1  0.9522367
8802.7  0.9147192
8805.3  0.9287402
8807.9  0.9903494
8810.5  1.023823
8813.1  1.023078
8815.7  1.010262
8818.3  0.9880007
8820.9  0.9797951
8823.5  0.9935854
8826.1  1.009819
8828.7  1.023805
8831.3  1.016837
8833.9  1.009776
8836.5  1.008645
8839.1  1.005534
8841.7  1.0086
8844.3  1.012643
8846.9  1.020502
8849.5  1.028637
8852.1  1.034223
8854.7  1.029444
8857.3  1.017423
8859.9  0.9988133
8862.5  0.9865775
8865.1  0.9900964
8867.7  0.9951098
8870.3  0.9901643
8872.9  0.9926873
8875.5  0.9790183
8878.1  1.00288
8880.7  1.014124
8883.3  1.015319
8885.9  1.015772
8888.5  1.006082
8891.1  1.00331
8893.7  0.99836
8896.3  0.9961317
8898.9  1.007586
8901.5  1.010622
8904.1  1.012904
8906.7  1.007817
8909.3  0.9966952
8911.9  0.9879146
8914.5  0.9666963
8917.1  0.9632739
8919.7  0.9742641
8922.3  0.9775052
8924.9  0.9834573
8927.5  0.9812711
8930.1  0.9831592
8932.7  0.9822651
8935.3  0.9821949
8937.9  0.9655486
8940.5  0.9467573
8943.1  0.9421633
8945.7  0.9540846
8948.3  0.97037
8950.9  0.9854304
8953.5  0.9688196
8956.1  0.9702361
8958.7  0.9571486
8961.3  0.9285805
8963.9  0.9335923
8966.5  0.9396543
8969.1  0.9312127
8971.7  0.9259784
8974.3  0.9258012
8976.9  0.9404439
8979.5  0.9330437
8982.1  0.9165564
8984.7  0.8931107
8987.3  0.879226
8989.9  0.8947316
8992.5  0.915622
8995.1  0.9232636
8997.7  0.9219553
9000.3  0.9216743
9002.9  0.8896088
9005.5  0.8773814
9008.1  0.8736722
9010.7  0.867816
9013.3  0.869642
9015.9  0.8733525
9018.5  0.8787401
9021.1  0.8777572
9023.7  0.8849011
9026.3  0.9029806
9028.9  0.929786
9031.5  0.9316602
9034.1  0.9306407
9036.7  0.9436504
9039.3  0.9394969
9041.9  0.9414648
9044.5  0.9435186
9047.1  0.9281496
9049.7  0.9037762
9052.3  0.9280006
9054.9  0.918735
9057.5  0.9178083
9060.1  0.9119551
9062.7  0.9249367
9065.3  0.9192998
9067.9  0.9008786
9070.5  0.8880056
9073.1  0.887362
9075.7  0.8964622
9078.3  0.840922
9080.9  0.8455465
9083.5  0.8113487
9086.1  0.82287
9088.7  0.8548524
9091.3  0.8704121
9093.9  0.8796848
9096.5  0.877205
9099.1  0.8533524
9101.7  0.8610536
9104.3  0.8577411
9106.9  0.867993
9109.5  0.8863595
9112.1  0.8539026
9114.7  0.8500214
9117.3  0.8358535
9119.9  0.8564468
9122.5  0.8688896
9125.1  0.8424863
9127.7  0.8282259
9130.3  0.851891
9132.9  0.8514253
9135.5  0.8183486
9138.1  0.8277045
9140.7  0.809839
9143.3  0.8393686
9145.9  0.8057352
9148.5  0.8402476
9151.1  0.8155598
9153.7  0.7809703
9156.3  0.7930567
9158.9  0.8090084
9161.5  0.829408
9164.1  0.8166734
9166.7  0.7865841
9169.3  0.7658944
9171.9  0.7642999
9174.5  0.7672497
9177.1  0.8175558
9179.7  0.8197554
9182.3  0.8148035
9184.9  0.7999679
9187.5  0.8237362
9190.1  0.8062161
9192.7  0.7915638
9195.3  0.7626193
9197.9  0.7895226
9200.5  0.7613813
9203.1  0.7637994
9205.7  0.7685767
9208.3  0.7619232
9210.9  0.7641145
9213.5  0.7601677
9216.1  0.7715657
9218.7  0.7650826
9221.3  0.7849711
9223.9  0.7752905
9226.5  0.7820893
9229.1  0.7785318
9231.7  0.7442939
9234.3  0.7389075
9236.9  0.7441706
9239.5  0.7672579
9242.1  0.7605756
9244.7  0.7588038
9247.3  0.7511627
9249.9  0.7464604
9252.5  0.734845
9255.1  0.7353529
9257.7  0.7438377
9260.3  0.7544013
9262.9  0.7633048
9265.5  0.7678245
9268.1  0.7616141
9270.7  0.7555944
9273.3  0.7441409
9275.9  0.730864
9278.5  0.7237269
9281.1  0.7241173
9283.7  0.7059849
9286.3  0.7011516
9288.9  0.717798
9291.5  0.7093976
9294.1  0.7027118
9296.7  0.6919076
9299.3  0.6977463
9301.9  0.692087
9304.5  0.6776494
9307.1  0.6669913
9309.7  0.668495
9312.3  0.6376576
9314.9  0.6074791
9317.5  0.6109065
9320.1  0.6079663
9322.7  0.6094132
9325.3  0.6037523
9327.9  0.62016
9330.5  0.6174797
9333.1  0.5790666
9335.7  0.5730015
9338.3  0.5615179
9340.9  0.5260604
9343.5  0.5203283
9346.1  0.5648737
9348.7  0.5908605
9351.3  0.5645068
9353.9  0.5037143
9356.5  0.5043488
9359.1  0.5711784
9361.7  0.5829006
9364.3  0.5682701
9366.9  0.5223041
9369.5  0.5325006
9372.1  0.5587168
9374.7  0.5821691
9377.3  0.5561363
9379.9  0.541727
9382.5  0.5641431
9385.1  0.5748098
9387.7  0.5999993
9390.3  0.6221299
9392.9  0.6287131
9395.5  0.6338415
9398.1  0.6223239
9400.7  0.6145045
9403.3  0.6170847
9405.9  0.5797267
9408.5  0.5701041
9411.1  0.560064
9413.7  0.5723786
9416.3  0.5859344
9418.9  0.588959
9421.5  0.5762061
9424.1  0.5257145
9426.7  0.4955549
9429.3  0.5275488
9431.9  0.5646232
9434.5  0.5518094
9437.1  0.4975155
9439.7  0.4691891
9442.3  0.4885528
9444.9  0.5174641
9447.5  0.561181
9450.1  0.5513665
9452.7  0.5294788
9455.3  0.5236945
9457.9  0.5085319
9460.5  0.5223618
9463.1  0.5449011
9465.7  0.5614442
9468.3  0.5559501
9470.9  0.5574799
9473.5  0.5387758
9476.1  0.5170925
9478.7  0.4945994
9481.3  0.4980787
9483.9  0.5287372
9486.5  0.5490118
9489.1  0.5428441
9491.7  0.5158202
9494.3  0.5025939
9496.9  0.4851264
9499.5  0.4774903
9502.1  0.5085199
9504.7  0.5427828
9507.3  0.5470031
9509.9  0.5430354
9512.5  0.5286134
9515.1  0.4992981
9517.7  0.4851394
9520.3  0.4879686
9522.9  0.4921644
9525.5  0.5124227
9528.1  0.5260146
9530.7  0.525351
9533.3  0.5242147
9535.9  0.5158516
9538.5  0.4994395
9541.1  0.4766545
9543.7  0.4733538
9546.3  0.4852858
9548.9  0.4931089
9551.5  0.4881073
9554.1  0.48126
9556.7  0.5001398
9559.3  0.501125
9561.9  0.4895069
9564.5  0.4714758
9567.1  0.4696806
9569.7  0.4714158
9572.3  0.4843802
9574.9  0.4846705
9577.5  0.4696511
9580.1  0.466036
9582.7  0.4844517
9585.3  0.4790066
9587.9  0.4650758
9590.5  0.4737687
9593.1  0.470057
9595.7  0.4649807
9598.3  0.4682305
9600.9  0.4675474
9603.5  0.4679682
9606.1  0.4693565
9608.7  0.4767092
9611.3  0.4713682
9613.9  0.4688423
9616.5  0.4680743
9619.1  0.4505417
9621.7  0.4514558
9624.3  0.4638898
9626.9  0.4648921
9629.5  0.4573605
9632.1  0.437268
9634.7  0.4238481
9637.3  0.4290005
9639.9  0.4386924
9642.5  0.4299525
9645.1  0.4263865
9647.7  0.435817
9650.3  0.4460833
9652.9  0.4505484
9655.5  0.4439357
9658.1  0.4349121
9660.7  0.4259764
9663.3  0.4215432
9665.9  0.4196854
9668.5  0.4136661
9671.1  0.4118857
9673.7  0.4186181
9676.3  0.4288407
9678.9  0.4304555
9681.5  0.4254731
9684.1  0.4221349
9686.7  0.4257677
9689.3  0.4254876
9691.9  0.431574
9694.5  0.4245471
9697.1  0.4139909
9699.7  0.4011565
9702.3  0.3952642
9704.9  0.4096557
9707.5  0.4254915
9710.1  0.4214173
9712.7  0.4142062
9715.3  0.4088041
9717.9  0.4049755
9720.5  0.4042067
9723.1  0.3896719
9725.7  0.3848801
9728.3  0.3805317
9730.9  0.3822179
9733.5  0.3752674
9736.1  0.3717658
9738.7  0.36833
9741.3  0.3638715
9743.9  0.3684315
9746.5  0.3850363
9749.1  0.3870722
9751.7  0.3870847
9754.3  0.3763664
9756.9  0.3657812
9759.5  0.3645745
9762.1  0.3632686
9764.7  0.3604603
9767.3  0.3595604
9769.9  0.367053
9772.5  0.3749414
9775.1  0.3702268
9777.7  0.3485852
9780.3  0.3305908
9782.9  0.3316626
9785.5  0.3437921
9788.1  0.3507493
9790.7  0.3497436
9793.3  0.3516632
9795.9  0.3535946
9798.5  0.3522231
9801.1  0.3581778
9803.7  0.3507986
9806.3  0.3488628
9808.9  0.3413964
9811.5  0.3425837
9814.1  0.3381023
9816.7  0.3414489
9819.3  0.340957
9821.9  0.3366729
9824.5  0.3374986
9827.1  0.3393047
9829.7  0.3312756
9832.3  0.3381175
9834.9  0.3270442
9837.5  0.3258153
9840.1  0.3388064
9842.7  0.3235852
9845.3  0.3213922
9847.9  0.3206143
9850.5  0.3231267
9853.1  0.3245869
9855.7  0.3217184
9858.3  0.3094249
9860.9  0.3063656
9863.5  0.3056414
9866.1  0.2996945
9868.7  0.3060802
9871.3  0.2964256
9873.9  0.2959987
9876.5  0.2953842
9879.1  0.303379
9881.7  0.3026088
9884.3  0.2935578
9886.9  0.2915338
9889.5  0.2952114
9892.1  0.2902319
9894.7  0.2872321
9897.3  0.2733706
9899.9  0.2774833
9902.5  0.277285
9905.1  0.2757623
9907.7  0.2773311
9910.3  0.2731056
9912.9  0.2792288
9915.5  0.2746888
9918.1  0.2758302
9920.7  0.2761691
9923.3  0.2624521
9925.9  0.25204
9928.5  0.2500114
9931.1  0.2468676
9933.7  0.2583588
9936.3  0.2558519
9938.9  0.2555432
9941.5  0.2535827
9944.1  0.2510226
9946.7  0.2483381
9949.3  0.254773
9951.9  0.2494985
9954.5  0.2439934
9957.1  0.2390128
9959.7  0.2389463
9962.3  0.2409385
9964.9  0.2343566
9967.5  0.228531
9970.1  0.222278
9972.7  0.2302528
9975.3  0.2221915
9977.9  0.2415532
9980.5  0.2354535
9983.1  0.227799
9985.7  0.2230691
9988.3  0.2223483
9990.9  0.217772
9993.5  0.2096999
9996.1  0.2019994
