3501.3  29.46698
3503.9  -3.888892
3506.5  13.16289
3509.1  4.216369
3511.7  19.71495
3514.3  7.39707
3516.9  -12.69064
3519.5  22.62926
3522.1  5.883678
3524.7  7.459213
3527.3  18.26332
3529.9  1.890271
3532.5  1.828621
3535.1  7.090261
3537.7  13.79318
3540.3  -1.80074
3542.9  12.85939
3545.5  5.934939
3548.1  14.33605
3550.7  7.702333
3553.3  -14.00161
3555.9  15.43399
3558.5  11.50642
3561.1  1.04355
3563.7  -6.764247
3566.3  -3.610468
3568.9  -0.03095437
3571.5  -0.4761128
3574.1  4.220852
3576.7  6.030658
3579.3  2.249401
3581.9  -6.565281
3584.5  -25.01215
3587.1  9.136667
3589.7  16.32808
3592.3  10.27468
3594.9  7.075946
3597.5  -15.39767
3600.1  7.120867
3602.7  -2.290256
3605.3  13.1738
3607.9  -4.26432
3610.5  6.721868
3613.1  10.67141
3615.7  -6.399128
3618.3  -4.607327
3620.9  14.60089
3623.5  6.934632
3626.1  2.920465
3628.7  16.90533
3631.3  -2.692659
3633.9  -22.42951
3636.5  -9.573753
3639.1  13.50804
3641.7  6.767852
3644.3  -12.10981
3646.9  17.03714
3649.5  13.29709
3652.1  18.25623
3654.7  -4.195767
3657.3  15.56111
3659.9  -15.81822
3662.5  -4.051582
3665.1  -1.984943
3667.7  27.76325
3670.3  -0.02653848
3672.9  -13.19148
3675.5  12.91738
3678.1  20.99825
3680.7  -9.819928
3683.3  20.96849
3685.9  -22.51574
3688.5  6.676685
3691.1  25.8778
3693.7  -9.652007
3696.3  23.88654
3698.9  4.116839
3701.5  -4.127104
3704.1  7.872649
3706.7  10.22119
3709.3  2.008783
3711.9  2.970401
3714.5  7.975699
3717.1  0.80954
3719.7  -7.74327
3722.3  7.756257
3724.9  15.12696
3727.5  7.828357
3730.1  13.20651
3732.7  2.24382
3735.3  -8.121614
3737.9  7.252985
3740.5  19.81313
3743.1  4.981672
3745.7  -2.086805
3748.3  7.052073
3750.9  29.09475
3753.5  15.57422
3756.1  15.61291
3758.7  -6.203937
3761.3  -4.104613
3763.9  5.108447
3766.5  2.176493
3769.1  6.127409
3771.7  3.626346
3774.3  -0.7138584
3776.9  2.148513
3779.5  20.70452
3782.1  7.134071
3784.7  15.94859
3787.3  13.83176
3789.9  6.754753
3792.5  -7.015468
3795.1  42.75467
3797.7  9.137687
3800.3  10.56122
3802.9  23.87671
3805.5  7.799152
3808.1  -10.44718
3810.7  5.80364
3813.3  7.182638
3815.9  -6.155297
3818.5  4.407469
3821.1  41.73759
3823.7  0.887463
3826.3  -16.09483
3828.9  -0.8233947
3831.5  13.75775
3834.1  3.590643
3836.7  15.93017
3839.3  14.92926
3841.9  -9.091963
3844.5  17.35785
3847.1  -17.80003
3849.7  -23.18661
3852.3  8.679718
3854.9  -20.62935
3857.5  18.70553
3860.1  8.501328
3862.7  -7.884001
3865.3  3.8118
3867.9  1.800449
3870.5  25.97354
3873.1  -1.182862
3875.7  13.63198
3878.3  15.26446
3880.9  27.19253
3883.5  9.918656
3886.1  -5.032846
3888.7  11.67092
3891.3  -10.0413
3893.9  16.4863
3896.5  17.28772
3899.1  13.07256
3901.7  3.737779
3904.3  3.652343
3906.9  -0.3951945
3909.5  5.077036
3912.1  -17.59321
3914.7  15.47319
3917.3  11.1315
3919.9  21.84499
3922.5  5.602079
3925.1  4.140168
3927.7  -2.884798
3930.3  -11.28372
3932.9  13.02517
3935.5  10.67877
3938.1  -6.400028
3940.7  19.83534
3943.3  34.30091
3945.9  13.31812
3948.5  -15.20045
3951.1  20.44449
3953.7  -15.63256
3956.3  25.71276
3958.9  46.24102
3961.5  2.714003
3964.1  -6.35462
3966.7  12.4358
3969.3  -15.24455
3971.9  18.07164
3974.5  17.68254
3977.1  1.216859
3979.7  22.92921
3982.3  13.29401
3984.9  29.97609
3987.5  22.97604
3990.1  29.88875
3992.7  11.7069
3995.3  5.713654
3997.9  8.278601
4000.5  11.98152
4003.1  25.0829
4005.7  39.16732
4008.3  -0.6088533
4010.9  8.119733
4013.5  -9.405385
4016.1  5.749714
4018.7  6.384863
4021.3  5.686049
4023.9  5.985137
4026.5  13.15169
4029.1  44.98548
4031.7  19.02526
4034.3  -10.64136
4036.9  23.1508
4039.5  27.11185
4042.1  -8.232819
4044.7  8.404684
4047.3  21.51843
4049.9  1.760826
4052.5  15.64534
4055.1  29.96774
4057.7  12.19767
4060.3  26.19213
4062.9  9.932
4065.5  30.84288
4068.1  12.0752
4070.7  -5.287246
4073.3  12.19827
4075.9  10.37689
4078.5  10.83262
4081.1  12.85022
4083.7  -5.488019
4086.3  1.785917
4088.9  -15.09738
4091.5  19.99973
4094.1  8.912538
4096.7  -16.95148
4099.3  15.02729
4101.9  34.38812
4104.5  22.93617
4107.1  -1.073318
4109.7  15.18396
4112.3  36.09913
4114.9  8.426847
4117.5  8.759673
4120.1  17.18898
4122.7  12.63904
4125.3  35.22562
4127.9  16.98048
4130.5  17.65755
4133.1  9.143299
4135.7  21.31458
4138.3  21.40632
4140.9  16.3317
4143.5  -10.78101
4146.1  21.60388
4148.7  -2.179267
4151.3  8.528426
4153.9  8.00552
4156.5  7.267237
4159.1  -2.166165
4161.7  -5.654826
4164.3  5.934284
4166.9  8.907968
4169.5  -1.709005
4172.1  7.669469
4174.7  -13.98945
4177.3  -4.392508
4179.9  -2.127931
4182.5  7.488716
4185.1  -0.3240325
4187.7  1.931025
4190.3  7.583746
4192.9  16.50134
4195.5  8.707185
4198.1  31.79768
4200.7  17.11881
4203.3  18.77304
4205.9  14.01334
4208.5  4.69486
4211.1  30.09859
4213.7  25.33091
4216.3  7.299597
4218.9  7.669807
4221.5  21.91196
4224.1  -1.893946
4226.7  28.63269
4229.3  12.11266
4231.9  -16.82391
4234.5  47.34312
4237.1  -5.245162
4239.7  27.18728
4242.3  37.55841
4244.9  15.95634
4247.5  22.36272
4250.1  21.77063
4252.7  2.323304
4255.3  8.269641
4257.9  35.88875
4260.5  -1.961245
4263.1  -14.08433
4265.7  -5.427816
4268.3  37.79762
4270.9  2.998499
4273.5  -6.246073
4276.1  -2.958887
4278.7  -10.75227
4281.3  4.646081
4283.9  7.03619
4286.5  0.2083966
4289.1  36.06712
4291.7  7.751745
4294.3  15.58702
4296.9  22.2579
4299.5  -18.54002
4302.1  -8.010108
4304.7  6.703922
4307.3  10.39255
4309.9  8.806573
4312.5  13.61192
4315.1  7.531876
4317.7  -7.445682
4320.3  1.217057
4322.9  22.13211
4325.5  11.29767
4328.1  15.03414
4330.7  43.63809
4333.3  17.05256
4335.9  -6.123149
4338.5  17.05502
4341.1  -5.73305
4343.7  21.54701
4346.3  22.79484
4348.9  38.68883
4351.5  24.53636
4354.1  -1.302506
4356.7  7.130163
4359.3  8.06024
4361.9  -15.80919
4364.5  -7.635927
4367.1  16.38598
4369.7  37.86073
4372.3  32.39542
4374.9  -5.170457
4377.5  4.776532
4380.1  1.487614
4382.7  -36.80898
4385.3  -19.96876
4387.9  -14.33878
4390.5  -26.56914
4393.1  -9.390496
4395.7  51.08646
4398.3  23.12367
4400.9  -31.48558
4403.5  -10.14805
4406.1  33.92039
4408.7  2.321539
4411.3  -14.00403
4413.9  -16.15887
4416.5  -33.12531
4419.1  14.72191
4421.7  32.45633
4424.3  22.69578
4426.9  -10.61487
4429.5  -15.74479
4432.1  -19.8568
4434.7  7.569062
4437.3  12.42323
4439.9  15.01371
4442.5  10.64868
4445.1  -1.328714
4447.7  32.60531
4450.3  8.085447
4452.9  -8.57964
4455.5  -10.84303
4458.1  16.43236
4460.7  35.11253
4463.3  5.01336
4465.9  39.34882
4468.5  -6.354474
4471.1  -6.029183
4473.7  -21.06469
4476.3  54.16885
4478.9  5.735971
4481.5  -0.5677275
4484.1  17.94263
4486.7  28.23997
4489.3  -9.264874
4491.9  8.95306
4494.5  -5.834758
4497.1  -5.914787
4499.7  8.536936
4502.3  -0.5078782
4504.9  38.79375
4507.5  -4.400787
4510.1  17.96445
4512.7  13.00831
4515.3  -16.0301
4517.9  25.47014
4520.5  21.94414
4523.1  -1.644646
4525.7  19.64893
4528.3  -75.62868
4530.9  -13.21724
4533.5  19.20334
4536.1  3.300217
4538.7  -3.179317
4541.3  -26.04954
4543.9  8.533851
4546.5  2.046195
4549.1  26.94402
4551.7  12.86914
4554.3  4.250028
4556.9  19.06911
4559.5  -11.83986
4562.1  23.13675
4564.7  9.067575
4567.3  6.571294
4569.9  13.51112
4572.5  9.120761
4575.1  2.92735
4577.7  9.347892
4580.3  4.588843
4582.9  2.158011
4585.5  40.68425
4588.1  -2.298413
4590.7  10.07679
4593.3  32.81754
4595.9  26.62622
4598.5  16.48619
4601.1  38.22757
4603.7  15.08713
4606.3  10.63188
4608.9  0.1725784
4611.5  -5.20144
4614.1  27.12922
4616.7  3.853977
4619.3  9.339471
4621.9  6.834231
4624.5  -0.6083254
4627.1  8.437449
4629.7  41.98352
4632.3  9.9175
4634.9  -37.05075
4637.5  -40.59682
4640.1  30.84432
4642.7  -2.454664
4645.3  4.42381
4647.9  21.74025
4650.5  15.47657
4653.1  -2.179549
4655.7  37.43647
4658.3  41.16092
4660.9  22.55557
4663.5  32.45586
4666.1  19.3392
4668.7  -11.12635
4671.3  13.66086
4673.9  42.92598
4676.5  35.62909
4679.1  33.19556
4681.7  53.89162
4684.3  34.68217
4686.9  20.47911
4689.5  0.9069564
4692.1  31.59637
4694.7  69.95746
4697.3  5.333806
4699.9  72.34519
4702.5  46.20269
4705.1  61.14513
4707.7  46.59237
4710.3  20.24144
4712.9  68.83197
4715.5  68.26206
4718.1  90.17642
4720.7  75.98883
4723.3  55.00927
4725.9  50.21686
4728.5  55.09895
4731.1  85.97114
4733.7  88.95428
4736.3  82.41204
4738.9  79.95517
4741.5  64.46871
4744.1  71.24773
4746.7  117.1124
4749.3  81.72944
4751.9  66.49945
4754.5  82.23437
4757.1  52.95938
4759.7  81.81419
4762.3  96.78574
4764.9  139.2115
4767.5  104.7438
4770.1  145.3012
4772.7  187.5222
4775.3  90.58332
4777.9  44.06327
4780.5  121.7567
4783.1  140.4557
4785.7  112.363
4788.3  128.5406
4790.9  104.629
4793.5  96.55606
4796.1  145.3586
4798.7  166.1281
4801.3  185.0921
4803.9  138.9192
4806.5  166.9697
4809.1  164.1132
4811.7  184.9726
4814.3  176.3697
4816.9  170.4896
4819.5  216.556
4822.1  192.394
4824.7  160.4423
4827.3  190.9668
4829.9  196.8567
4832.5  229.8634
4835.1  204.9034
4837.7  200.4962
4840.3  189.6667
4842.9  177.7019
4845.5  133.7849
4848.1  201.6094
4850.7  194.4624
4853.3  210.4094
4855.9  190.7385
4858.5  243.8981
4861.1  201.6985
4863.7  199.465
4866.3  170.6123
4868.9  191.4798
4871.5  247.9697
4874.1  274.4001
4876.7  249.9799
4879.3  266.4242
4881.9  259.1591
4884.5  265.2175
4887.1  242.6255
4889.7  215.188
4892.3  269.6295
4894.9  357.0908
4897.5  277.5881
4900.1  282.7589
4902.7  317.583
4905.3  265.556
4907.9  352.0319
4910.5  302.962
4913.1  277.6884
4915.7  379.5639
4918.3  307.4982
4920.9  294.1232
4923.5  338.174
4926.1  353.8629
4928.7  320.4085
4931.3  335.7236
4933.9  328.205
4936.5  309.0935
4939.1  359.1354
4941.7  401.2492
4944.3  358.821
4946.9  317.6588
4949.5  485.7229
4952.1  474.2601
4954.7  410.8953
4957.3  416.0964
4959.9  378.5168
4962.5  361.1075
4965.1  376.6366
4967.7  420.6108
4970.3  361.2444
4972.9  342.3206
4975.5  456.0182
4978.1  437.9461
4980.7  398.265
4983.3  339.7829
4985.9  419.2613
4988.5  360.7101
4991.1  427.7779
4993.7  449.3208
4996.3  415.8534
4998.9  483.3638
5001.5  485.5688
5004.1  381.6428
5006.7  453.7137
5009.3  498.8516
5011.9  417.0673
5014.5  434.3152
5017.1  484.4387
5019.7  434.7152
5022.3  442.5647
5024.9  447.8662
5027.5  403.0262
5030.1  565.5958
5032.7  452.0935
5035.3  537.588
5037.9  532.0456
5040.5  450.0035
5043.1  456.6862
5045.7  552.1465
5048.3  594.4165
5050.9  561.7939
5053.5  551.361
5056.1  607.398
5058.7  583.4445
5061.3  604.7598
5063.9  551.3063
5066.5  627.1531
5069.1  592.6801
5071.7  601.4305
5074.3  669.0022
5076.9  546.8079
5079.5  550.6278
5082.1  547.8936
5084.7  512.0837
5087.3  540.3441
5089.9  632.88
5092.5  598.6461
5095.1  640.8412
5097.7  732.5765
5100.3  627.1391
5102.9  568.2012
5105.5  653.3281
5108.1  626.1476
5110.7  644.4815
5113.3  657.4242
5115.9  676.0634
5118.5  690.2815
5121.1  693.5439
5123.7  665.1523
5126.3  544.7287
5128.9  602.7542
5131.5  657.9437
5134.1  687.3776
5136.7  764.4941
5139.3  775.0733
5141.9  760.1839
5144.5  793.1763
5147.1  717.1046
5149.7  705.1184
5152.3  753.2703
5154.9  656.1472
5157.5  742.8774
5160.1  865.3095
5162.7  869.4222
5165.3  761.5978
5167.9  617.7792
5170.5  566.5474
5173.1  603.5582
5175.7  592.7523
5178.3  705.7552
5180.9  774.0997
5183.5  689.9381
5186.1  756.9294
5188.7  893.6032
5191.3  882.025
5193.9  849.5692
5196.5  904.2072
5199.1  943.2242
5201.7  1028.115
5204.3  995.1843
5206.9  810.6655
5209.5  739.7035
5212.1  872.4818
5214.7  1061.186
5217.3  1058.704
5219.9  1185.411
5222.5  1274.063
5225.1  1159.06
5227.7  1065.494
5230.3  1194.267
5232.9  1311.209
5235.5  1272.536
5238.1  1369.269
5240.7  1430.306
5243.3  1385.337
5245.9  1385.651
5248.5  1219.224
5251.1  1176.232
5253.7  1275.849
5256.3  1325.417
5258.9  1347.148
5261.5  1364.078
5264.1  1313.314
5266.7  1195.198
5269.3  1206.291
5271.9  1159.325
5274.5  1371.411
5277.1  1499.515
5279.7  1510.462
5282.3  1630.66
5284.9  1611.852
5287.5  1613.18
5290.1  1698.3
5292.7  1723.013
5295.3  1742.523
5297.9  1616.48
5300.5  1532.349
5303.1  1495.199
5305.7  1787.776
5308.3  1910.171
5310.9  1988.771
5313.5  1961.436
5316.1  2028.21
5318.7  2075.2
5321.3  1922.737
5323.9  1899.776
5326.5  1793.315
5329.1  1819.849
5331.7  1640.446
5334.3  1872.076
5336.9  2038.687
5339.5  2158.663
5342.1  1934.845
5344.7  1882.567
5347.3  2132.498
5349.9  2114.384
5352.5  2016.638
5355.1  2189.947
5357.7  2205.96
5360.3  2415.164
5362.9  2419.053
5365.5  2161.662
5368.1  2136.128
5370.7  2133.767
5373.3  2189.055
5375.9  2349.421
5378.5  2540.817
5381.1  2412.019
5383.7  2322.77
5386.3  2544.327
5388.9  2482.124
5391.5  2438.179
5394.1  2376.935
5396.7  2222.289
5399.3  2216.097
5401.9  2363.727
5404.5  2386.385
5407.1  2306.419
5409.7  2242.388
5412.3  2422.834
5414.9  2532.821
5417.5  2819.293
5420.1  2707.847
5422.7  2782.931
5425.3  2737.428
5427.9  2823.642
5430.5  2610.9
5433.1  2494.026
5435.7  2548.778
5438.3  2678.58
5440.9  2859.929
5443.5  2818.72
5446.1  2872.845
5448.7  2764.033
5451.3  2540.734
5453.9  2726.922
5456.5  2691.76
5459.1  2740.316
5461.7  2755.055
5464.3  2818.738
5466.9  2819.225
5469.5  2854.639
5472.1  2941.978
5474.7  3082.06
5477.3  2973.364
5479.9  3006.439
5482.5  2920.633
5485.1  3110.465
5487.7  3102.212
5490.3  3220.672
5492.9  3253.745
5495.5  3217.392
5498.1  3206.002
5500.7  3367.16
5503.3  3423.356
5505.9  3404.895
5508.5  3186.286
5511.1  3379.733
5513.7  3202.213
5516.3  3191.556
5518.9  3497.452
5521.5  3756.076
5524.1  3636.087
5526.7  3735.786
5529.3  3671.958
5531.9  3757.974
5534.5  3700.682
5537.1  3706.896
5539.7  3911.842
5542.3  3968.895
5544.9  4013.13
5547.5  3994.983
5550.1  4229.991
5552.7  4250.534
5555.3  4001.163
5557.9  4052.452
5560.5  4111.103
5563.1  4245.009
5565.7  4152.349
5568.3  4094.87
5570.9  4238.329
5573.5  4341.403
5576.1  4167.326
5578.7  4763.552
5581.3  4243.181
5583.9  4227.442
5586.5  4173.09
5589.1  4153.96
5591.7  4036.492
5594.3  3992.396
5596.9  4269.504
5599.5  4356.963
5602.1  4198.02
5604.7  4522.571
5607.3  4649.456
5609.9  4762.87
5612.5  4744.18
5615.1  4855.873
5617.7  4561.428
5620.3  4511.455
5622.9  4706.417
5625.5  4709.801
5628.1  5060.728
5630.7  4876.016
5633.3  4999.001
5635.9  5075.459
5638.5  4778.468
5641.1  4712.77
5643.7  4951.82
5646.3  4942.458
5648.9  5026.212
5651.5  5150.134
5654.1  5440.282
5656.7  5067.008
5659.3  5134.823
5661.9  5005.134
5664.5  5108.241
5667.1  5226.393
5669.7  5242.107
5672.3  5361.857
5674.9  5626.412
5677.5  5720.732
5680.1  5711.539
5682.7  5523.45
5685.3  5662.069
5687.9  5736.449
5690.5  5961.33
5693.1  6210.759
5695.7  6160.13
5698.3  5924.063
5700.9  5528.137
5703.5  5585.494
5706.1  5367.492
5708.7  5285.639
5711.3  5423.308
5713.9  5892.042
5716.5  6218.53
5719.1  6191.998
5721.7  6460.851
5724.3  6425.293
5726.9  6314.982
5729.5  6337.799
5732.1  6296.563
5734.7  6590.521
5737.3  6792.877
5739.9  6610.815
5742.5  6704.417
5745.1  6676.075
5747.7  6805.336
5750.3  6786.966
5752.9  6850.198
5755.5  7079.245
5758.1  7087.133
5760.7  7085.452
5763.3  7000.845
5765.9  7053.386
5768.5  7002.69
5771.1  7166.063
5773.7  6870.819
5776.3  6784.37
5778.9  6557.901
5781.5  6193.68
5784.1  5975.025
5786.7  6100.284
5789.3  6656.688
5791.9  6930.505
5794.5  7183.22
5797.1  7388.451
5799.7  7383.243
5802.3  7692.975
5804.9  7832.45
5807.5  7942.721
5810.1  7841.291
5812.7  7788.814
5815.3  7900.32
5817.9  8201.919
5820.5  8214.278
5823.1  8131.564
5825.7  8392.382
5828.3  8322.007
5830.9  8317.305
5833.5  8307.182
5836.1  8405.972
5838.7  8269.185
5841.3  8342.121
5843.9  8556.842
5846.5  8379.486
5849.1  7977.785
5851.7  8123.962
5854.3  8041.442
5856.9  8079.967
5859.5  8210.326
5862.1  8188.341
5864.7  8337.21
5867.3  8260.961
5869.9  8765.828
5872.5  8642.929
5875.1  8840.964
5877.7  8937.039
5880.3  8346.848
5882.9  8303.907
5885.5  7831.503
5888.1  6665.53
5890.7  4754.014
5893.3  4087.917
5895.9  4701.184
5898.5  5499.932
5901.1  6847.726
5903.7  8542.491
5906.3  9053.657
5908.9  8935.241
5911.5  8979.379
5914.1  8740.506
5916.7  8423.564
5919.3  8898.883
5921.9  9220.736
5924.5  8844.826
5927.1  9339.909
5929.7  9232.491
5932.3  9117.487
5934.9  9593.662
5937.5  9480.244
5940.1  9488.512
5942.7  9571.703
5945.3  10044.06
5947.9  9887.87
5950.5  9874.768
5953.1  9706.622
5955.7  9570.603
5958.3  9875.08
5960.9  10033.12
5963.5  10330.94
5966.1  10279.16
5968.7  10160.62
5971.3  10356.76
5973.9  10260.66
5976.5  9890.789
5979.1  10146.86
5981.7  10334.85
5984.3  10139.94
5986.9  10305.37
5989.5  10746.37
5992.1  11072.43
5994.7  10868.24
5997.3  10674.56
5999.9  10738.22
6002.5  10735.59
6005.1  10663.49
6007.7  10520.6
6010.3  10725.4
6012.9  10456.36
6015.5  10603.29
6018.1  11423.92
6020.7  11445.75
6023.3  11479.3
6025.9  11621.19
6028.5  11977.55
6031.1  11987.2
6033.7  12102.52
6036.3  12094.58
6038.9  12092.68
6041.5  12054.92
6044.1  12339.06
6046.7  12838.72
6049.3  13129.13
6051.9  12680.27
6054.5  12229.9
6057.1  12405.18
6059.7  12748.11
6062.3  12730.08
6064.9  12819.8
6067.5  12819.31
6070.1  13125.48
6072.7  13803.76
6075.3  13890.13
6077.9  13550.88
6080.5  13397.42
6083.1  13073.93
6085.7  13047.95
6088.3  13185.26
6090.9  13178.58
6093.5  13596.88
6096.1  13568.44
6098.7  13678.81
6101.3  13466.86
6103.9  13435.2
6106.5  13382.82
6109.1  13752.01
6111.7  13903.73
6114.3  14180.44
6116.9  13962.09
6119.5  13472.29
6122.1  13367.9
6124.7  13783.84
6127.3  14144.93
6129.9  14044.47
6132.5  13905.94
6135.1  13697.23
6137.7  13340.35
6140.3  13742.71
6142.9  14495.07
6145.5  14716.14
6148.1  14747.93
6150.7  14419.91
6153.3  14200.89
6155.9  14137.34
6158.5  13332.85
6161.1  12280.45
6163.7  12273.22
6166.3  12254.18
6168.9  12648.13
6171.5  12836.62
6174.1  13328.54
6176.7  13544.72
6179.3  13638.1
6181.9  13586.83
6184.5  13531.58
6187.1  12553.85
6189.7  12519.85
6192.3  12452.51
6194.9  13075.94
6197.5  13493.64
6200.1  13397.34
6202.7  13281.78
6205.3  13906.29
6207.9  13813.79
6210.5  13591.78
6213.1  13218.37
6215.7  12902.63
6218.3  12822.37
6220.9  13085.81
6223.5  13143.35
6226.1  13065.35
6228.7  12944.63
6231.3  13097.94
6233.9  13749.46
6236.5  13920.69
6239.1  13283.3
6241.7  13557.36
6244.3  13637.68
6246.9  14056.88
6249.5  14451.46
6252.1  13888.63
6254.7  13431.59
6257.3  13340.25
6259.9  13532.14
6262.5  14365.39
6265.1  14820.46
6267.7  14669.63
6270.3  14598.97
6272.9  14683.9
6275.5  14880.22
6278.1  14338.11
6280.7  13437.53
6283.3  13084.86
6285.9  13414.36
6288.5  14484.15
6291.1  15196.7
6293.7  15509.48
6296.3  15495.04
6298.9  15518.79
6301.5  15883.47
6304.1  16353.31
6306.7  16757.63
6309.3  17143.93
6311.9  16701.6
6314.5  16434.54
6317.1  16397.07
6319.7  16921.09
6322.3  17065.7
6324.9  17976.13
6327.5  18358.91
6330.1  18596.25
6332.7  19007.85
6335.3  18290.81
6337.9  18253.39
6340.5  18834.77
6343.1  18581.7
6345.7  18926.63
6348.3  18750.01
6350.9  19203.21
6353.5  18970.6
6356.1  18073.3
6358.7  18117.91
6361.3  17843.28
6363.9  18134.36
6366.5  18703.81
6369.1  19877.25
6371.7  20516.83
6374.3  20148.32
6376.9  19678.09
6379.5  20140.74
6382.1  20046.51
6384.7  20673.54
6387.3  21135.36
6389.9  20980.11
6392.5  20507.2
6395.1  20525.06
6397.7  21119.7
6400.3  21328.83
6402.9  22181.82
6405.5  21841.54
6408.1  21786.57
6410.7  21530.35
6413.3  21376.46
6415.9  21331.57
6418.5  21549.7
6421.1  21683.82
6423.7  22124.99
6426.3  22411.94
6428.9  22042.15
6431.5  22269.75
6434.1  22379.15
6436.7  22382.95
6439.3  22617.36
6441.9  22755.61
6444.5  22691.07
6447.1  21922.77
6449.7  21032.47
6452.3  21699.42
6454.9  22524.14
6457.5  22908.37
6460.1  23175.22
6462.7  23021.95
6465.3  23269.4
6467.9  24037.92
6470.5  23952.27
6473.1  23910.14
6475.7  24364.88
6478.3  24219.57
6480.9  23821.13
6483.5  23758.49
6486.1  24003.84
6488.7  23635.06
6491.3  22628.91
6493.9  21491.72
6496.5  21401.5
6499.1  22728.22
6501.7  23477.57
6504.3  24919.03
6506.9  25318.22
6509.5  25549.85
6512.1  25301.76
6514.7  25731.16
6517.3  25974.29
6519.9  26111.89
6522.5  25744.51
6525.1  25841.17
6527.7  26213.72
6530.3  25923.73
6532.9  25517.01
6535.5  26258.52
6538.1  26636.23
6540.7  26542.48
6543.3  26345.27
6545.9  26416.15
6548.5  26874.56
6551.1  26291.1
6553.7  26169.9
6556.3  26392.9
6558.9  25751.48
6561.5  24378.94
6564.1  24536.65
6566.7  26583.66
6569.3  27314.86
6571.9  27263.42
6574.5  27377.87
6577.1  27986.1
6579.7  28288.39
6582.3  28603.57
6584.9  28555.04
6587.5  28285.71
6590.1  28523.39
6592.7  27310.69
6595.3  27625.78
6597.9  28292.64
6600.5  29126.14
6603.1  28892.03
6605.7  28847.77
6608.3  28184.6
6610.9  28380.63
6613.5  29152.32
6616.1  28812.62
6618.7  29650.65
6621.3  29970.05
6623.9  29916.99
6626.5  29464.12
6629.1  29631.51
6631.7  29689.46
6634.3  30241.61
6636.9  30622.03
6639.5  30847.94
6642.1  29932.21
6644.7  30562.51
6647.3  30365.62
6649.9  31149.83
6652.5  30490.53
6655.1  30290.22
6657.7  30330.71
6660.3  29687.05
6662.9  30009.74
6665.5  29988.89
6668.1  30760.71
6670.7  31929.22
6673.3  31758.12
6675.9  30939.67
6678.5  30767.41
6681.1  31224.73
6683.7  31217.28
6686.3  31682.66
6688.9  32124.63
6691.5  32233.07
6694.1  31550.66
6696.7  31613.53
6699.3  32081.19
6701.9  32205.23
6704.5  32853.07
6707.1  32519.08
6709.7  32431.32
6712.3  32222.81
6714.9  31541.02
6717.5  31148.09
6720.1  32158.32
6722.7  33034.67
6725.3  32888.42
6727.9  33212.51
6730.5  33140.11
6733.1  32833.64
6735.7  33515.29
6738.3  32648.92
6740.9  32803.3
6743.5  32531.69
6746.1  32394.36
6748.7  32121.43
6751.3  32673.13
6753.9  33619.02
6756.5  34817.27
6759.1  35029.47
6761.7  35145.95
6764.3  34651.7
6766.9  34533.04
6769.5  34808.34
6772.1  35458.33
6774.7  36252.42
6777.3  36518.42
6779.9  35901.07
6782.5  35076.15
6785.1  34672.66
6787.7  35297.28
6790.3  35881.45
6792.9  36054.89
6795.5  36001.13
6798.1  36443.73
6800.7  37152.75
6803.3  36958.23
6805.9  37181.89
6808.5  37746.8
6811.1  37434.24
6813.7  37277.32
6816.3  37535.98
6818.9  38338.04
6821.5  38177.56
6824.1  38569.88
6826.7  38669.68
6829.3  38360.42
6831.9  39129.05
6834.5  38929.03
6837.1  38319.73
6839.7  37911.27
6842.3  38214.33
6844.9  38740.23
6847.5  39117.
6850.1  38854.64
6852.7  38458.2
6855.3  38240.28
6857.9  38021.75
6860.5  38182.89
6863.1  37756.9
6865.7  36186.33
6868.3  32655.98
6870.9  30437.66
6873.5  30715.5
6876.1  33575.3
6878.7  36279.34
6881.3  37245.38
6883.9  38213.12
6886.5  37862.84
6889.1  37748.18
6891.7  38191.55
6894.3  38711.82
6896.9  38900.71
6899.5  39563.55
6902.1  39854.44
6904.7  40935.25
6907.3  41186.01
6909.9  41175.13
6912.5  41805.32
6915.1  41832.39
6917.7  42507.24
6920.3  42709.34
6922.9  42668.71
6925.5  42713.33
6928.1  43201.03
6930.7  44052.57
6933.3  44075.49
6935.9  44146.4
6938.5  44584.18
6941.1  45237.5
6943.7  44391.75
6946.3  44585.37
6948.9  45215.13
6951.5  45033.96
6954.1  44946.11
6956.7  46191.24
6959.3  46946.41
6961.9  47319.66
6964.5  48096.23
6967.1  47511.12
6969.7  47968.48
6972.3  48166.38
6974.9  45787.75
6977.5  45687.18
6980.1  46971.89
6982.7  48714.39
6985.3  49598.55
6987.9  48794.71
6990.5  48826.12
6993.1  48531.11
6995.7  48680.46
6998.3  48099.93
7000.9  48211.74
7003.5  49081.86
7006.1  49080.34
7008.7  49776.78
7011.3  49314.36
7013.9  48735.6
7016.5  49105.29
7019.1  49562.96
7021.7  50146.37
7024.3  50197.18
7026.9  50376.68
7029.5  50845.5
7032.1  50351.72
7034.7  51250.6
7037.3  50879.19
7039.9  52686.96
7042.5  53840.69
7045.1  54038.59
7047.7  53241.09
7050.3  50483.9
7052.9  49517.75
7055.5  48808.66
7058.1  48363.5
7060.7  47915.79
7063.3  47297.2
7065.9  47688.96
7068.5  48270.36
7071.1  50443.78
7073.7  51590.34
7076.3  51434.49
7078.9  51156.38
7081.5  49978.34
7084.1  48652.66
7086.7  47903.06
7089.3  47249.01
7091.9  47681.92
7094.5  48457.18
7097.1  48802.64
7099.7  49294.68
7102.3  49731.01
7104.9  49878.02
7107.5  49551.57
7110.1  49515.02
7112.7  50504.23
7115.3  51641.64
7117.9  51154.43
7120.5  50501.52
7123.1  48962.06
7125.7  47413.57
7128.3  46576.78
7130.9  46870.14
7133.5  47516.94
7136.1  47599.03
7138.7  48143.83
7141.3  48842.11
7143.9  48757.32
7146.5  49405.45
7149.1  50872.54
7151.7  50793.03
7154.3  51192.61
7156.9  51370.32
7159.5  52086.77
7162.1  51025.43
7164.7  51283.26
7167.3  52791.52
7169.9  52987.93
7172.5  53337.11
7175.1  53629.49
7177.7  51932.3
7180.3  51830.37
7182.9  51883.34
7185.5  50809.84
7188.1  50995.71
7190.7  51938.86
7193.3  53382.18
7195.9  53817.88
7198.5  53151.66
7201.1  52946.69
7203.7  51970.08
7206.3  52709.39
7208.9  53571.44
7211.5  55560.5
7214.1  55936.86
7216.7  56383.02
7219.3  56705.89
7221.9  55979.24
7224.5  56126.98
7227.1  56721.42
7229.7  57384.21
7232.3  58386.31
7234.9  58050.43
7237.5  57735.02
7240.1  57955.55
7242.7  58254.42
7245.3  59546.35
7247.9  60212.77
7250.5  60172.35
7253.1  60082.41
7255.7  60663.28
7258.3  60810.7
7260.9  60568.12
7263.5  60816.07
7266.1  61516.51
7268.7  61517.9
7271.3  62162.89
7273.9  61642.41
7276.5  60637.1
7279.1  60851.87
7281.7  62364.58
7284.3  62151.96
7286.9  61752.71
7289.5  60929.34
7292.1  61694.68
7294.7  63900.11
7297.3  63768.88
7299.9  63825.77
7302.5  64531.64
7305.1  64451.41
7307.7  64360.8
7310.3  64261.78
7312.9  64714.76
7315.5  63915.1
7318.1  63909.65
7320.7  64830.84
7323.3  64761.97
7325.9  64570.71
7328.5  65362.56
7331.1  66082.48
7333.7  66639.23
7336.3  67785.72
7338.9  67671.13
7341.5  67371.67
7344.1  66948.02
7346.7  67083.72
7349.3  66334.12
7351.9  64740.71
7354.5  64008.02
7357.1  64331.11
7359.7  65192.98
7362.3  65897.34
7364.9  67149.63
7367.5  69074.35
7370.1  70662.62
7372.7  71124.27
7375.3  72122.54
7377.9  71731.32
7380.5  70587.71
7383.1  69229.3
7385.7  69049.37
7388.3  69202.68
7390.9  70120.98
7393.5  71283.98
7396.1  71016.12
7398.7  71298.11
7401.3  71416.2
7403.9  71941.58
7406.5  72373.96
7409.1  70540.13
7411.7  69418.07
7414.3  69128.37
7416.9  69020.62
7419.5  69734.39
7422.1  69915.91
7424.7  70864.84
7427.3  71898.61
7429.9  71562.15
7432.5  71819.62
7435.1  73048.97
7437.7  73249.44
7440.3  72155.98
7442.9  72225.51
7445.5  73782.33
7448.1  75065.53
7450.7  76417.61
7453.3  76274.48
7455.9  75733.83
7458.5  75510.53
7461.1  74917.84
7463.7  76081.8
7466.3  77077.9
7468.9  76120.41
7471.5  75518.7
7474.1  76047.73
7476.7  76065.34
7479.3  77192.39
7481.9  76172.05
7484.5  77159.39
7487.1  77021.91
7489.7  75751.86
7492.3  75190.02
7494.9  76678.07
7497.5  77732.53
7500.1  79381.27
7502.7  79714.93
7505.3  77868.09
7507.9  79489.27
7510.5  80165.99
7513.1  80858.27
7515.7  81922.12
7518.3  81615.43
7520.9  80205.05
7523.5  80136.34
7526.1  79926.87
7528.7  80477.23
7531.3  81875.59
7533.9  82371.8
7536.5  83101.
7539.1  81924.37
7541.7  81973.53
7544.3  81853.48
7546.9  81282.51
7549.5  81683.18
7552.1  81226.63
7554.7  81770.5
7557.3  81775.95
7559.9  80754.77
7562.5  80604.53
7565.1  81793.44
7567.7  81723.26
7570.3  82877.77
7572.9  82664.03
7575.5  83832.7
7578.1  84116.81
7580.7  82440.48
7583.3  80534.92
7585.9  81291.69
7588.5  80562.03
7591.1  73948.21
7593.7  61746.87
7596.3  45877.67
7598.9  34510.73
7601.5  27561.38
7604.1  24689.81
7606.7  24634.3
7609.3  28561.82
7611.9  35817.25
7614.5  46688.15
7617.1  57245.23
7619.7  61059.97
7622.3  55788.03
7624.9  48867.75
7627.5  45911.82
7630.1  45025.23
7632.7  45603.78
7635.3  47708.89
7637.9  49900.82
7640.5  52428.59
7643.1  56145.32
7645.7  57583.92
7648.3  59956.19
7650.9  61055.16
7653.5  62642.57
7656.1  64200.2
7658.7  64471.42
7661.3  61967.24
7663.9  60861.48
7666.5  64781.34
7669.1  71696.45
7671.7  76383.74
7674.3  78550.59
7676.9  79299.04
7679.5  79988.74
7682.1  79857.26
7684.7  80655.15
7687.3  81213.85
7689.9  80719.13
7692.5  79836.35
7695.1  76576.08
7697.7  74474.44
7700.3  75466.52
7702.9  80477.48
7705.5  82268.16
7708.1  80218.95
7710.7  79089.9
7713.3  79822.6
7715.9  81334.87
7718.5  82908.41
7721.1  83194.27
7723.7  84193.95
7726.3  84925.17
7728.9  86341.33
7731.5  87129.99
7734.1  88693.79
7736.7  89124.31
7739.3  87994.28
7741.9  86715.26
7744.5  85055.66
7747.1  84143.45
7749.7  85396.36
7752.3  87771.98
7754.9  88901.49
7757.5  89856.46
7760.1  89702.09
7762.7  88931.67
7765.3  89041.98
7767.9  89724.13
7770.5  90559.4
7773.1  91019.09
7775.7  89786.63
7778.3  90356.48
7780.9  90969.03
7783.5  90568.73
7786.1  90772.72
7788.7  90738.77
7791.3  91662.46
7793.9  92400.31
7796.5  91891.48
7799.1  92077.5
7801.7  94614.55
7804.3  94951.88
7806.9  95136.71
7809.5  95639.61
7812.1  96160.53
7814.7  97574.8
7817.3  97672.42
7819.9  96480.86
7822.5  96848.06
7825.1  97169.8
7827.7  95306.99
7830.3  93298.3
7832.9  92338.79
7835.5  94059.09
7838.1  95500.52
7840.7  96385.55
7843.3  97167.85
7845.9  96590.88
7848.5  96105.84
7851.1  96070.87
7853.7  97862.82
7856.3  98749.3
7858.9  99830.03
7861.5  100633.9
7864.1  99474.75
7866.7  99430.95
7869.3  99289.17
7871.9  98931.71
7874.5  98480.41
7877.1  97444.5
7879.7  97453.09
7882.3  98067.23
7884.9  98672.1
7887.5  99750.2
7890.1  99236.79
7892.7  97716.84
7895.3  97901.7
7897.9  98436.88
7900.5  99223.23
7903.1  99325.81
7905.7  98083.49
7908.3  96362.31
7910.9  95660.37
7913.5  96084.7
7916.1  96931.99
7918.7  97141.6
7921.3  97342.99
7923.9  97653.27
7926.5  97597.05
7929.1  96552.23
7931.7  96976.52
7934.3  96448.23
7936.9  96265.47
7939.5  96367.82
7942.1  95035.55
7944.7  95321.8
7947.3  97418.73
7949.9  99976.
7952.5  100968.6
7955.1  101440.9
7957.7  101185.6
7960.3  101586.5
7962.9  101958.8
7965.5  102780.6
7968.1  103222.6
7970.7  104405.7
7973.3  104161.6
7975.9  103461.3
7978.5  103867.5
7981.1  103840.2
7983.7  103550.9
7986.3  103736.3
7988.9  103792.4
7991.5  102597.6
7994.1  102121.
7996.7  103274.2
7999.3  104809.3
8001.9  105095.8
8004.5  105506.4
8007.1  106498.1
8009.7  107268.1
8012.3  107884.2
8014.9  108834.9
8017.5  108338.1
8020.1  105964.9
8022.7  101847.9
8025.3  99579.34
8027.9  103603.8
8030.5  108139.6
8033.1  109714.6
8035.7  108639.7
8038.3  108024.3
8040.9  106103.6
8043.5  103929.4
8046.1  103718.
8048.7  106060.4
8051.3  108602.6
8053.9  109112.7
8056.5  109644.5
8059.1  109646.9
8061.7  108602.
8064.3  106494.6
8066.9  104827.9
8069.5  104889.7
8072.1  106144.5
8074.7  106553.6
8077.3  107264.
8079.9  107891.
8082.5  108452.7
8085.1  107433.1
8087.7  105353.5
8090.3  103958.8
8092.9  103480.8
8095.5  105887.3
8098.1  107303.6
8100.7  109128.8
8103.3  109386.7
8105.9  108868.3
8108.5  107933.3
8111.1  105648.2
8113.7  103715.3
8116.3  104914.
8118.9  108547.5
8121.5  110827.2
8124.1  110121.7
8126.7  108951.9
8129.3  109089.8
8131.9  108928.6
8134.5  109370.9
8137.1  109561.7
8139.7  109559.3
8142.3  109179.
8144.9  109232.
8147.5  109919.2
8150.1  109455.2
8152.7  110008.
8155.3  108823.4
8157.9  106635.6
8160.5  105704.6
8163.1  107903.7
8165.7  109307.2
8168.3  109572.
8170.9  109714.4
8173.5  111210.4
8176.1  109543.1
8178.7  107747.6
8181.3  108002.3
8183.9  108767.1
8186.5  110106.1
8189.1  109807.2
8191.7  108622.4
8194.3  108382.5
8196.9  108084.9
8199.5  109574.1
8202.1  109896.7
8204.7  112225.
8207.3  112853.9
8209.9  112425.2
8212.5  113198.6
8215.1  114156.4
8217.7  114376.3
8220.3  115535.2
8222.9  115413.
8225.5  112577.7
8228.1  110472.5
8230.7  109689.5
8233.3  111909.
8235.9  114838.7
8238.5  115887.4
8241.1  116953.
8243.7  116467.7
8246.3  117877.2
8248.9  116982.2
8251.5  113884.2
8254.1  113926.2
8256.7  118070.4
8259.3  119460.1
8261.9  119913.7
8264.5  119284.2
8267.1  119237.9
8269.7  117344.3
8272.3  117114.3
8274.9  117443.6
8277.5  119551.7
8280.1  118833.3
8282.7  117236.1
8285.3  117686.3
8287.9  117277.9
8290.5  117551.8
8293.1  116880.7
8295.7  117451.1
8298.3  117749.1
8300.9  115085.1
8303.5  113382.7
8306.1  113102.8
8308.7  115624.8
8311.3  117679.4
8313.9  119004.5
8316.5  118244.1
8319.1  116532.7
8321.7  114286.9
8324.3  115544.
8326.9  116068.8
8329.5  115736.6
8332.1  115865.3
8334.7  115280.4
8337.3  116341.4
8339.9  116014.1
8342.5  116525.
8345.1  114508.5
8347.7  117708.6
8350.3  119794.1
8352.9  120503.
8355.5  120526.6
8358.1  119415.7
8360.7  116167.2
8363.3  117763.4
8365.9  120088.4
8368.5  122391.7
8371.1  121730.4
8373.7  119766.4
8376.3  119029.6
8378.9  115266.4
8381.5  112984.5
8384.1  112536.9
8386.7  115849.9
8389.3  119735.1
8391.9  122196.6
8394.5  121640.8
8397.1  122748.6
8399.7  123380.8
8402.3  125500.3
8404.9  126939.2
8407.5  124982.2
8410.1  121273.4
8412.7  121011.7
8415.3  122787.4
8417.9  123715.7
8420.5  120259.6
8423.1  119939.
8425.7  123557.4
8428.3  125321.5
8430.9  119863.3
8433.5  116198.7
8436.1  120806.7
8438.7  123462.5
8441.3  126096.2
8443.9  125974.5
8446.5  126087.2
8449.1  128089.7
8451.7  128279.2
8454.3  128724.9
8456.9  129232.1
8459.5  129562.2
8462.1  125993.
8464.7  123660.8
8467.3  125118.4
8469.9  129615.2
8472.5  133303.8
8475.1  133321.4
8477.7  131147.
8480.3  130998.2
8482.9  131302.7
8485.5  131304.2
8488.1  129968.3
8490.7  122315.5
8493.3  110182.1
8495.9  107751.5
8498.5  114828.6
8501.1  125241.7
8503.7  132301.5
8506.3  132662.2
8508.9  128761.3
8511.5  124503.4
8514.1  125095.3
8516.7  128979.4
8519.3  131378.5
8521.9  131770.6
8524.5  131292.2
8527.1  129912.4
8529.7  127774.7
8532.3  122839.5
8534.9  107774.6
8537.5  87837.02
8540.1  83655.82
8542.7  98172.61
8545.3  115590.6
8547.9  125787.9
8550.5  129660.7
8553.1  130181.8
8555.7  131488.
8558.3  133309.1
8560.9  134232.8
8563.5  134238.4
8566.1  134124.3
8568.7  133947.1
8571.3  134337.8
8573.9  135126.3
8576.5  134387.3
8579.1  134030.2
8581.7  135962.4
8584.3  138130.
8586.9  139289.5
8589.5  139527.3
8592.1  138735.3
8594.7  137996.5
8597.3  137715.
8599.9  140019.4
8602.5  140704.6
8605.1  140173.7
8607.7  137804.4
8610.3  136677.
8612.9  137471.2
8615.5  136558.4
8618.1  134174.5
8620.7  133578.6
8623.3  136599.2
8625.9  140433.7
8628.5  140500.5
8631.1  140470.6
8633.7  140434.7
8636.3  139969.8
8638.9  140275.2
8641.5  140702.7
8644.1  139708.9
8646.7  139234.7
8649.3  137386.1
8651.9  134454.2
8654.5  121934.1
8657.1  104824.8
8659.7  96353.37
8662.3  112951.4
8664.9  129752.7
8667.5  137334.7
8670.1  138388.9
8672.7  138152.5
8675.3  139586.4
8677.9  139625.4
8680.5  139386.9
8683.1  137487.6
8685.7  136612.6
8688.3  138589.5
8690.9  143758.3
8693.5  146143.7
8696.1  144335.9
8698.7  145137.
8701.3  146617.3
8703.9  146913.9
8706.5  147464.8
8709.1  147249.4
8711.7  147927.3
8714.3  149278.6
8716.9  148268.
8719.5  150205.9
8722.1  149308.2
8724.7  147318.5
8727.3  147637.3
8729.9  147122.8
8732.5  146898.
8735.1  148478.1
8737.7  150194.3
8740.3  150952.2
8742.9  149496.3
8745.5  150045.5
8748.1  150559.2
8750.7  149883.9
8753.3  149411.9
8755.9  150549.9
8758.5  150867.8
8761.1  148688.6
8763.7  146911.2
8766.3  146712.1
8768.9  146737.9
8771.5  146812.1
8774.1  150427.8
8776.7  151869.6
8779.3  152152.4
8781.9  154132.1
8784.5  153974.8
8787.1  152188.6
8789.7  151652.5
8792.3  151271.4
8794.9  152454.8
8797.5  151239.9
8800.1  143583.6
8802.7  138064.7
8805.3  140321.3
8807.9  149779.3
8810.5  154996.3
8813.1  155037.8
8815.7  153248.2
8818.3  150020.2
8820.9  148921.9
8823.5  151167.7
8826.1  153789.5
8828.7  156073.8
8831.3  155164.6
8833.9  154239.1
8836.5  154218.
8839.1  153893.4
8841.7  154514.4
8844.3  155285.9
8846.9  156644.3
8849.5  158047.4
8852.1  159060.9
8854.7  158480.3
8857.3  156782.3
8859.9  154064.4
8862.5  152324.9
8865.1  153016.5
8867.7  153940.4
8870.3  153323.5
8872.9  153862.8
8875.5  151890.5
8878.1  155742.4
8880.7  157640.2
8883.3  157977.7
8885.9  158199.8
8888.5  156840.8
8891.1  156558.5
8893.7  155935.
8896.3  155735.5
8898.9  157676.4
8901.5  158302.1
8904.1  158810.4
8906.7  158162.9
8909.3  156565.8
8911.9  155333.5
8914.5  152140.9
8917.1  151745.5
8919.7  153621.5
8922.3  154277.7
8924.9  155363.1
8927.5  155163.3
8930.1  155607.7
8932.7  155611.8
8935.3  155746.3
8937.9  153249.7
8940.5  150407.3
8943.1  149816.9
8945.7  151853.7
8948.3  154589.2
8950.9  157134.2
8953.5  154628.5
8956.1  154997.9
8958.7  153048.5
8961.3  148617.4
8963.9  149557.2
8966.5  150666.8
8969.1  149450.5
8971.7  148746.8
8974.3  148854.6
8976.9  151347.4
8979.5  150293.7
8982.1  147772.6
8984.7  144123.8
8987.3  142012.3
8989.9  144648.2
8992.5  148159.8
8995.1  149531.7
8997.7  149455.
9000.3  149544.5
9002.9  144472.1
9005.5  142614.8
9008.1  142139.7
9010.7  141313.9
9013.3  141738.4
9015.9  142470.7
9018.5  143477.9
9021.1  143445.6
9023.7  144742.2
9026.3  147831.1
9028.9  152355.1
9031.5  152797.9
9034.1  152766.2
9036.7  155039.1
9039.3  154493.3
9041.9  154953.8
9044.5  155429.
9047.1  153032.
9049.7  149144.5
9052.3  153276.8
9054.9  151879.6
9057.5  151859.5
9060.1  151023.1
9062.7  153306.9
9065.3  152505.6
9067.9  149580.
9070.5  147571.
9073.1  147592.2
9075.7  149235.3
9078.3  140110.8
9080.9  141003.3
9083.5  135417.5
9086.1  137459.
9088.7  142924.7
9091.3  145651.5
9093.9  147329.8
9096.5  147040.6
9099.1  143164.9
9101.7  144580.6
9104.3  144147.6
9106.9  145995.
9109.5  149211.3
9112.1  143869.8
9114.7  143337.7
9117.3  141068.3
9119.9  144666.4
9122.5  146892.4
9125.1  142549.1
9127.7  140254.6
9130.3  144383.7
9132.9  144426.3
9135.5  138932.2
9138.1  140638.5
9140.7  137718.3
9143.3  142859.4
9145.9  137249.7
9148.5  143248.1
9151.1  139155.1
9153.7  133364.2
9156.3  135540.7
9158.9  138381.8
9161.5  141988.7
9164.1  139924.3
9166.7  134880.4
9169.3  131441.
9171.9  131275.5
9174.5  131890.5
9177.1  140653.6
9179.7  141147.8
9182.3  140410.1
9184.9  137966.4
9187.5  142181.6
9190.1  139271.1
9192.7  136851.4
9195.3  131954.5
9197.9  136720.5
9200.5  131954.2
9203.1  132480.5
9205.7  133417.
9208.3  132368.8
9210.9  132856.6
9213.5  132276.8
9216.1  134368.1
9218.7  133346.1
9221.3  136922.2
9223.9  135341.9
9226.5  136637.9
9229.1  136125.
9231.7  130242.3
9234.3  129402.7
9236.9  130428.
9239.5  134581.1
9242.1  133514.8
9244.7  133309.2
9247.3  132071.
9249.9  131347.9
9252.5  129405.9
9255.1  129597.2
9257.7  131195.6
9260.3  133163.1
9262.9  134840.3
9265.5  135744.8
9268.1  134752.
9270.7  133791.3
9273.3  131865.8
9275.9  129613.8
9278.5  128447.8
9281.1  128616.7
9283.7  125493.1
9286.3  124730.3
9288.9  127790.2
9291.5  126392.
9294.1  125297.2
9296.7  123465.6
9299.3  124603.
9301.9  123687.1
9304.5  121199.5
9307.1  119384.4
9309.7  119744.9
9312.3  114308.1
9314.9  108981.
9317.5  109679.2
9320.1  109234.
9322.7  109577.
9325.3  108641.2
9327.9  111677.9
9330.5  111279.
9333.1  104435.
9335.7  103418.8
9338.3  101422.2
9340.9  95089.05
9343.5  94123.32
9346.1  102257.5
9348.7  107041.7
9351.3  102343.5
9353.9  91389.98
9356.5  91573.01
9359.1  103784.
9361.7  105992.3
9364.3  103408.4
9366.9  95114.08
9369.5  97042.37
9372.1  101894.9
9374.7  106250.
9377.3  101573.3
9379.9  99014.09
9382.5  103186.6
9385.1  105214.4
9387.7  109905.2
9390.3  114042.
9392.9  115332.6
9395.5  116357.7
9398.1  114326.2
9400.7  112971.4
9403.3  113527.7
9405.9  106731.8
9408.5  105035.8
9411.1  103260.2
9413.7  105606.5
9416.3  108185.1
9418.9  108821.5
9421.5  106541.2
9424.1  97274.62
9426.7  91759.46
9429.3  97753.12
9431.9  104697.2
9434.5  102393.7
9437.1  92384.37
9439.7  87186.03
9442.3  90848.34
9444.9  96292.35
9447.5  104500.9
9450.1  102745.5
9452.7  98736.02
9455.3  97725.76
9457.9  94962.7
9460.5  97613.39
9463.1  101896.3
9465.7  105063.
9468.3  104107.2
9470.9  104466.1
9473.5  101031.1
9476.1  97032.14
9478.7  92875.47
9481.3  93593.29
9483.9  99422.73
9486.5  103306.1
9489.1  102215.6
9491.7  97193.73
9494.3  94766.35
9496.9  91535.28
9499.5  90155.94
9502.1  96080.09
9504.7  102623.5
9507.3  103491.6
9509.9  102810.6
9512.5  100147.8
9515.1  94657.86
9517.7  92035.68
9520.3  92634.75
9522.9  93494.1
9525.5  97407.81
9528.1  100058.5
9530.7  99999.22
9533.3  99849.6
9535.9  98322.16
9538.5  95257.4
9541.1  90972.08
9543.7  90402.11
9546.3  92742.34
9548.9  94299.75
9551.5  93404.93
9554.1  92155.35
9556.7  95833.68
9559.3  96085.58
9561.9  93919.55
9564.5  90519.24
9567.1  90233.58
9569.7  90626.1
9572.3  93179.13
9574.9  93295.68
9577.5  90463.28
9580.1  89825.2
9582.7  93435.2
9585.3  92444.77
9587.9  89814.19
9590.5  91551.89
9593.1  90893.08
9595.7  89969.28
9598.3  90656.19
9600.9  90581.92
9603.5  90721.38
9606.1  91048.59
9608.7  92533.84
9611.3  91555.3
9613.9  91122.54
9616.5  91030.94
9619.1  87676.66
9621.7  87910.07
9624.3  90388.28
9626.9  90640.62
9629.5  89228.23
9632.1  85361.86
9634.7  82793.92
9637.3  83852.81
9639.9  85800.77
9642.5  84143.8
9645.1  83497.85
9647.7  85397.63
9650.3  87463.51
9652.9  88393.7
9655.5  87150.18
9658.1  85431.41
9660.7  83727.7
9663.3  82907.3
9665.9  82592.59
9668.5  81457.91
9671.1  81156.95
9673.7  82533.88
9676.3  84600.88
9678.9  84971.16
9681.5  84038.68
9684.1  83429.91
9686.7  84198.86
9689.3  84194.32
9691.9  85450.23
9694.5  84109.57
9697.1  82067.55
9699.7  79571.05
9702.3  78449.3
9704.9  81354.27
9707.5  84549.59
9710.1  83789.95
9712.7  82405.18
9715.3  81378.77
9717.9  80664.47
9720.5  80558.99
9723.1  77708.07
9725.7  76797.79
9728.3  75974.84
9730.9  76356.35
9733.5  75011.84
9736.1  74355.44
9738.7  73711.35
9741.3  72861.6
9743.9  73817.71
9746.5  77189.45
9749.1  77642.65
9751.7  77690.16
9754.3  75582.63
9756.9  73499.34
9759.5  73299.09
9762.1  73078.57
9764.7  72555.29
9767.3  72415.63
9769.9  73966.98
9772.5  75599.78
9775.1  74691.74
9777.7  70365.67
9780.3  66771.21
9782.9  67025.72
9785.5  69516.3
9788.1  70963.16
9790.7  70799.6
9793.3  71228.27
9795.9  71659.73
9798.5  71421.84
9801.1  72669.96
9803.7  71212.62
9806.3  70859.14
9808.9  69381.24
9811.5  69661.23
9814.1  68788.12
9816.7  69507.48
9819.3  69445.72
9821.9  68610.98
9824.5  68817.13
9827.1  69223.44
9829.7  67622.48
9832.3  69056.89
9834.9  66831.8
9837.5  66616.99
9840.1  69310.92
9842.7  66233.05
9845.3  65819.88
9847.9  65696.12
9850.5  66246.72
9853.1  66581.98
9855.7  66029.13
9858.3  63540.14
9860.9  62945.68
9863.5  62830.5
9866.1  61640.92
9868.7  62987.93
9871.3  61033.57
9873.9  60978.07
9876.5  60883.75
9879.1  62564.71
9881.7  62438.86
9884.3  60603.24
9886.9  60217.08
9889.5  61008.73
9892.1  60011.1
9894.7  59421.91
9897.3  56583.81
9899.9  57465.01
9902.5  57453.82
9905.1  57167.98
9907.7  57523.
9910.3  56675.85
9912.9  57976.46
9915.5  57063.19
9918.1  57329.76
9920.7  57429.66
9923.3  54605.13
9925.9  52465.62
9928.5  52069.88
9931.1  51441.29
9933.7  53863.14
9936.3  53367.53
9938.9  53330.12
9941.5  52947.69
9944.1  52439.55
9946.7  51904.86
9949.3  53276.53
9951.9  52199.69
9954.5  51073.44
9957.1  50055.84
9959.7  50066.84
9962.3  50509.35
9964.9  49153.91
9967.5  47955.76
9970.1  46666.65
9972.7  48364.76
9975.3  46694.43
9977.9  50788.29
9980.5  49530.03
9983.1  47943.24
9985.7  46970.68
9988.3  46841.68
9990.9  45899.91
9993.5  44219.96
9996.1  42616.74
