3501.3  -19.84907
3503.9  9.817013
3506.5  27.68929
3509.1  6.188883
3511.7  7.511012
3514.3  -18.61093
3516.9  33.53029
3519.5  1.825106
3522.1  17.88929
3524.7  -42.62447
3527.3  43.5404
3529.9  31.43559
3532.5  12.09455
3535.1  2.881327
3537.7  62.46756
3540.3  36.02658
3542.9  7.697791
3545.5  0.5696784
3548.1  57.88707
3550.7  6.385557
3553.3  39.48534
3555.9  36.90464
3558.5  -0.3628601
3561.1  -0.6822578
3563.7  37.8554
3566.3  29.19858
3568.9  17.59942
3571.5  18.71003
3574.1  -5.673838
3576.7  31.18814
3579.3  -8.346329
3581.9  -10.79325
3584.5  -14.30127
3587.1  22.69931
3589.7  29.38369
3592.3  -2.960149
3594.9  -4.879244
3597.5  18.31754
3600.1  51.68695
3602.7  33.081
3605.3  19.2186
3607.9  36.15213
3610.5  -9.513077
3613.1  49.17206
3615.7  9.876382
3618.3  -7.831023
3620.9  14.19407
3623.5  15.22706
3626.1  7.497042
3628.7  4.485258
3631.3  27.50471
3633.9  7.717942
3636.5  -0.05551558
3639.1  8.586113
3641.7  20.42135
3644.3  0.1961168
3646.9  -10.65049
3649.5  25.49875
3652.1  0.3872115
3654.7  13.6463
3657.3  -19.97651
3659.9  31.46056
3662.5  -4.481114
3665.1  35.91493
3667.7  38.60019
3670.3  13.98337
3672.9  -6.396011
3675.5  0.6386952
3678.1  26.72878
3680.7  19.65942
3683.3  10.9274
3685.9  19.26752
3688.5  32.56119
3691.1  -11.51848
3693.7  19.00835
3696.3  3.73665
3698.9  28.50156
3701.5  16.24008
3704.1  5.318473
3706.7  3.484919
3709.3  36.53128
3711.9  -2.485559
3714.5  11.98806
3717.1  42.13369
3719.7  30.31025
3722.3  -0.3257598
3724.9  13.54264
3727.5  8.973549
3730.1  40.23118
3732.7  38.75115
3735.3  25.04208
3737.9  -5.1395
3740.5  20.71812
3743.1  31.31736
3745.7  -10.0753
3748.3  -17.98757
3750.9  23.17666
3753.5  -24.56918
3756.1  3.07992
3758.7  8.875988
3761.3  7.221493
3763.9  4.831874
3766.5  -23.74517
3769.1  8.21859
3771.7  -12.50717
3774.3  26.59733
3776.9  17.2832
3779.5  28.90477
3782.1  5.396845
3784.7  2.881715
3787.3  7.587983
3789.9  15.41678
3792.5  11.66922
3795.1  14.32241
3797.7  -16.8236
3800.3  3.148456
3802.9  34.91822
3805.5  49.16586
3808.1  27.08011
3810.7  51.54089
3813.3  15.01901
3815.9  9.872636
3818.5  -3.963696
3821.1  13.12799
3823.7  12.03721
3826.3  -1.143782
3828.9  16.20557
3831.5  12.04234
3834.1  -11.91532
3836.7  15.95029
3839.3  22.22207
3841.9  21.83715
3844.5  -15.67253
3847.1  -17.11083
3849.7  0.806982
3852.3  -14.36918
3854.9  14.76054
3857.5  -1.139612
3860.1  25.22655
3862.7  2.356871
3865.3  5.908751
3867.9  -37.46665
3870.5  21.7893
3873.1  49.14198
3875.7  11.73341
3878.3  -33.77399
3880.9  44.08865
3883.5  -21.86463
3886.1  6.801161
3888.7  31.59521
3891.3  2.779083
3893.9  -24.99895
3896.5  22.53593
3899.1  -3.799068
3901.7  37.82664
3904.3  20.80154
3906.9  39.9242
3909.5  -14.47931
3912.1  -2.078497
3914.7  -13.07985
3917.3  -9.92492
3919.9  18.02275
3922.5  24.27693
3925.1  13.53184
3927.7  -0.3894377
3930.3  -14.25331
3932.9  42.56771
3935.5  -6.507894
3938.1  4.261906
3940.7  11.66416
3943.3  49.17552
3945.9  30.93528
3948.5  -15.09341
3951.1  -15.50062
3953.7  37.69635
3956.3  29.62261
3958.9  6.362828
3961.5  41.13604
3964.1  10.39695
3966.7  50.58029
3969.3  9.470589
3971.9  14.16531
3974.5  -2.799901
3977.1  14.54943
3979.7  38.71977
3982.3  15.20503
3984.9  7.147925
3987.5  14.30265
3990.1  7.290247
3992.7  31.43347
3995.3  -21.41594
3997.9  39.16568
4000.5  5.869249
4003.1  25.67052
4005.7  33.59081
4008.3  -33.30134
4010.9  17.71575
4013.5  -35.76312
4016.1  -17.57499
4018.7  6.546841
4021.3  24.46272
4023.9  50.43867
4026.5  6.938239
4029.1  -5.502317
4031.7  -26.9272
4034.3  35.72541
4036.9  -9.829097
4039.5  -7.138951
4042.1  51.75128
4044.7  4.879591
4047.3  14.00715
4049.9  20.06966
4052.5  3.51979
4055.1  12.58616
4057.7  -14.02199
4060.3  10.66527
4062.9  0.1234685
4065.5  -24.84257
4068.1  6.372794
4070.7  28.33362
4073.3  -16.06686
4075.9  -23.98254
4078.5  10.193
4081.1  8.645693
4083.7  57.84356
4086.3  16.43756
4088.9  27.83977
4091.5  33.82775
4094.1  17.72542
4096.7  -41.04375
4099.3  -19.87846
4101.9  17.90858
4104.5  -11.17301
4107.1  -22.1952
4109.7  23.56328
4112.3  32.79194
4114.9  25.17502
4117.5  20.43445
4120.1  28.31868
4122.7  18.29988
4125.3  -8.047321
4127.9  -35.54168
4130.5  8.441722
4133.1  17.63124
4135.7  64.40266
4138.3  40.73571
4140.9  -12.67427
4143.5  50.14834
4146.1  32.8503
4148.7  19.6625
4151.3  46.82569
4153.9  12.0391
4156.5  19.48636
4159.1  20.20182
4161.7  39.5303
4164.3  11.83468
4166.9  11.22254
4169.5  10.60504
4172.1  2.019843
4174.7  -13.29726
4177.3  -28.75576
4179.9  -8.013148
4182.5  -27.60793
4185.1  -21.2815
4187.7  9.590753
4190.3  60.58627
4192.9  36.9084
4195.5  8.659904
4198.1  2.117457
4200.7  10.10693
4203.3  -19.25934
4205.9  11.57864
4208.5  37.75163
4211.1  0.8038625
4213.7  -24.36904
4216.3  -8.199624
4218.9  1.54754
4221.5  9.653099
4224.1  46.54592
4226.7  43.78275
4229.3  4.859797
4231.9  19.28719
4234.5  2.050721
4237.1  42.56791
4239.7  7.388245
4242.3  41.57418
4244.9  28.19271
4247.5  2.217097
4250.1  -26.66982
4252.7  9.621868
4255.3  42.10189
4257.9  -15.23113
4260.5  -6.782846
4263.1  65.35493
4265.7  -14.92612
4268.3  44.98957
4270.9  22.98567
4273.5  -4.076427
4276.1  18.42271
4278.7  -13.88664
4281.3  -14.41184
4283.9  19.48495
4286.5  -19.31244
4289.1  -21.61294
4291.7  18.16341
4294.3  22.23549
4296.9  -3.673328
4299.5  29.98061
4302.1  34.25751
4304.7  9.607566
4307.3  -28.59616
4309.9  -10.11135
4312.5  47.55943
4315.1  15.09253
4317.7  -14.6979
4320.3  -29.45281
4322.9  -6.12151
4325.5  -5.371421
4328.1  41.80511
4330.7  -1.959928
4333.3  -5.763924
4335.9  -13.63936
4338.5  38.65612
4341.1  50.77336
4343.7  2.70273
4346.3  11.98725
4348.9  -15.35559
4351.5  -0.1310329
4354.1  14.62553
4356.7  18.89444
4359.3  -5.1725
4361.9  5.224391
4364.5  23.79216
4367.1  46.9914
4369.7  18.94048
4372.3  5.998864
4374.9  22.33085
4377.5  36.95133
4380.1  6.121178
4382.7  -5.559877
4385.3  18.93338
4387.9  -2.959938
4390.5  29.1218
4393.1  11.7925
4395.7  -27.77998
4398.3  7.220254
4400.9  -9.5928
4403.5  23.56229
4406.1  -18.33092
4408.7  29.59681
4411.3  52.31889
4413.9  39.02296
4416.5  18.9075
4419.1  0.2362206
4421.7  68.39995
4424.3  -24.41918
4426.9  -16.21788
4429.5  28.99711
4432.1  20.21331
4434.7  0.2831406
4437.3  23.79773
4439.9  18.74236
4442.5  28.38705
4445.1  -3.793427
4447.7  -11.98305
4450.3  -0.161379
4452.9  32.94196
4455.5  9.73331
4458.1  14.45019
4460.7  35.28463
4463.3  -4.386378
4465.9  38.95467
4468.5  16.61691
4471.1  -25.66683
4473.7  18.61148
4476.3  -20.62461
4478.9  -5.705643
4481.5  1.399861
4484.1  21.59685
4486.7  -2.628899
4489.3  -13.32966
4491.9  53.62099
4494.5  26.55126
4497.1  33.97005
4499.7  -1.029111
4502.3  -32.25899
4504.9  18.20487
4507.5  40.25308
4510.1  27.85672
4512.7  27.33091
4515.3  -5.052958
4517.9  11.37978
4520.5  -28.91744
4523.1  33.03159
4525.7  6.878893
4528.3  -21.1488
4530.9  -25.27675
4533.5  -27.11068
4536.1  23.05342
4538.7  5.641037
4541.3  18.06328
4543.9  28.95076
4546.5  10.57479
4549.1  3.085681
4551.7  21.4871
4554.3  37.32914
4556.9  4.507851
4559.5  -12.49202
4562.1  -4.987959
4564.7  -2.818854
4567.3  20.29116
4569.9  18.83291
4572.5  43.4463
4575.1  -26.4516
4577.7  -23.43597
4580.3  19.28262
4582.9  18.5712
4585.5  51.09686
4588.1  -3.160197
4590.7  -22.7247
4593.3  3.368399
4595.9  29.53552
4598.5  20.20089
4601.1  -18.21869
4603.7  0.3507954
4606.3  -16.7394
4608.9  12.72874
4611.5  28.0279
4614.1  12.18718
4616.7  -2.692622
4619.3  -23.42399
4621.9  -4.450467
4624.5  -13.65744
4627.1  -12.34868
4629.7  -0.8409093
4632.3  -7.271
4634.9  23.93615
4637.5  16.93339
4640.1  8.280288
4642.7  17.11618
4645.3  10.66612
4647.9  18.00036
4650.5  -3.158087
4653.1  9.0348
4655.7  16.26154
4658.3  32.88329
4660.9  -36.22897
4663.5  -8.921865
4666.1  -32.07929
4668.7  34.87138
4671.3  -2.589775
4673.9  32.899
4676.5  18.0261
4679.1  -15.88858
4681.7  19.89183
4684.3  13.17388
4686.9  52.76359
4689.5  7.195536
4692.1  7.138909
4694.7  5.328183
4697.3  33.6017
4699.9  7.695332
4702.5  42.57014
4705.1  52.69804
4707.7  38.30191
4710.3  63.28368
4712.9  83.45403
4715.5  24.29921
4718.1  101.5012
4720.7  84.22114
4723.3  88.11813
4725.9  60.58847
4728.5  51.05787
4731.1  102.4745
4733.7  121.7534
4736.3  113.5096
4738.9  176.5935
4741.5  180.0189
4744.1  170.3745
4746.7  229.0966
4749.3  240.9412
4751.9  243.8228
4754.5  283.5198
4757.1  301.4126
4759.7  330.1398
4762.3  338.4923
4764.9  399.9029
4767.5  518.8682
4770.1  583.5779
4772.7  566.5048
4775.3  643.4937
4777.9  702.4213
4780.5  697.4814
4783.1  705.2341
4785.7  738.2789
4788.3  839.463
4790.9  827.5098
4793.5  944.1461
4796.1  939.9542
4798.7  975.0785
4801.3  1086.798
4803.9  1056.719
4806.5  1172.276
4809.1  1220.04
4811.7  1247.288
4814.3  1347.912
4816.9  1315.495
4819.5  1594.525
4822.1  1499.58
4824.7  1714.353
4827.3  1713.789
4829.9  1679.86
4832.5  1804.568
4835.1  1890.055
4837.7  2096.404
4840.3  2196.32
4842.9  2289.541
4845.5  2412.911
4848.1  2255.247
4850.7  2449.075
4853.3  2469.905
4855.9  2186.876
4858.5  1905.746
4861.1  2339.643
4863.7  2605.862
4866.3  2660.366
4868.9  2739.146
4871.5  2979.879
4874.1  3028.548
4876.7  3335.868
4879.3  3272.536
4881.9  3118.641
4884.5  3052.334
4887.1  3329.511
4889.7  3626.008
4892.3  3755.618
4894.9  3587.713
4897.5  3729.476
4900.1  3897.265
4902.7  4218.154
4905.3  4154.136
4907.9  4216.789
4910.5  4116.658
4913.1  4543.096
4915.7  4461.458
4918.3  4597.828
4920.9  4904.684
4923.5  5330.361
4926.1  5077.26
4928.7  5571.301
4931.3  5761.074
4933.9  5662.99
4936.5  5468.017
4939.1  6132.18
4941.7  6281.758
4944.3  6477.825
4946.9  5982.409
4949.5  6543.26
4952.1  6249.636
4954.7  5941.624
4957.3  6559.492
4959.9  6296.406
4962.5  6387.167
4965.1  6635.564
4967.7  6490.962
4970.3  6288.038
4972.9  6491.776
4975.5  6990.448
4978.1  6625.254
4980.7  6153.862
4983.3  6585.006
4985.9  6799.063
4988.5  6896.536
4991.1  7504.128
4993.7  7361.681
4996.3  7624.574
4998.9  7761.
5001.5  7686.07
5004.1  7614.712
5006.7  7812.557
5009.3  7595.846
5011.9  7867.058
5014.5  7713.375
5017.1  7578.949
5019.7  8055.811
5022.3  8213.493
5024.9  8354.68
5027.5  8180.238
5030.1  8433.279
5032.7  7961.489
5035.3  7818.001
5037.9  7895.032
5040.5  8061.229
5043.1  8312.748
5045.7  7522.253
5048.3  8186.984
5050.9  8072.816
5053.5  8234.471
5056.1  8700.542
5058.7  8795.33
5061.3  8198.162
5063.9  8829.591
5066.5  9030.189
5069.1  8600.761
5071.7  8680.603
5074.3  8598.375
5076.9  8679.877
5079.5  8915.045
5082.1  9509.688
5084.7  9365.777
5087.3  10029.59
5089.9  10287.27
5092.5  9792.287
5095.1  9642.966
5097.7  10124.95
5100.3  9909.187
5102.9  9955.196
5105.5  9955.443
5108.1  9900.618
5110.7  10003.46
5113.3  10396.1
5115.9  10368.28
5118.5  9945.003
5121.1  10071.44
5123.7  9362.682
5126.3  9411.229
5128.9  9582.659
5131.5  9737.19
5134.1  9805.438
5136.7  9333.82
5139.3  9515.587
5141.9  9437.049
5144.5  9703.76
5147.1  9680.618
5149.7  9611.489
5152.3  9541.354
5154.9  10526.75
5157.5  10055.56
5160.1  10485.45
5162.7  9574.513
5165.3  9545.185
5167.9  9254.545
5170.5  9767.247
5173.1  10199.89
5175.7  10778.02
5178.3  10655.31
5180.9  10228.96
5183.5  10653.91
5186.1  10847.86
5188.7  10438.57
5191.3  10394.88
5193.9  10557.07
5196.5  10633.35
5199.1  10590.03
5201.7  10868.13
5204.3  10321.35
5206.9  10772.94
5209.5  10628.6
5212.1  10976.16
5214.7  11003.3
5217.3  10754.78
5219.9  10913.48
5222.5  10502.8
5225.1  10547.89
5227.7  10525.24
5230.3  10487.61
5232.9  10880.75
5235.5  11364.
5238.1  11118.45
5240.7  11359.52
5243.3  11499.47
5245.9  11533.13
5248.5  11441.11
5251.1  11437.72
5253.7  11789.79
5256.3  11554.62
5258.9  11729.06
5261.5  11197.55
5264.1  10738.08
5266.7  10866.44
5269.3  10974.37
5271.9  10745.
5274.5  11352.53
5277.1  11988.55
5279.7  11670.28
5282.3  11405.27
5284.9  11635.13
5287.5  12027.11
5290.1  11992.17
5292.7  11630.84
5295.3  11398.39
5297.9  11001.21
5300.5  11188.01
5303.1  11371.15
5305.7  12007.59
5308.3  11891.05
5310.9  11137.6
5313.5  11102.58
5316.1  11406.66
5318.7  11276.16
5321.3  11059.73
5323.9  10746.
5326.5  10993.78
5329.1  11098.56
5331.7  11557.33
5334.3  11346.32
5336.9  12019.02
5339.5  12004.04
5342.1  11587.51
5344.7  11715.67
5347.3  12366.95
5349.9  12219.38
5352.5  12552.65
5355.1  12564.17
5357.7  12452.43
5360.3  12056.57
5362.9  12076.04
5365.5  12178.77
5368.1  12097.66
5370.7  12132.81
5373.3  12689.27
5375.9  12264.36
5378.5  11932.29
5381.1  12537.42
5383.7  12164.2
5386.3  12430.6
5388.9  12685.25
5391.5  12269.34
5394.1  12164.97
5396.7  11965.34
5399.3  12033.37
5401.9  12342.39
5404.5  12028.13
5407.1  11831.49
5409.7  11862.72
5412.3  12099.78
5414.9  12697.36
5417.5  12682.41
5420.1  12514.96
5422.7  12490.98
5425.3  12635.52
5427.9  12938.33
5430.5  13101.18
5433.1  12680.61
5435.7  13000.73
5438.3  13503.
5440.9  12208.07
5443.5  12494.34
5446.1  12837.95
5448.7  12686.76
5451.3  11881.93
5453.9  12442.31
5456.5  12681.21
5459.1  12358.19
5461.7  12203.24
5464.3  12210.88
5466.9  12442.78
5469.5  12259.61
5472.1  11817.13
5474.7  11520.42
5477.3  11554.89
5479.9  11546.61
5482.5  11786.28
5485.1  11236.25
5487.7  11306.36
5490.3  11584.92
5492.9  11452.12
5495.5  11294.44
5498.1  11280.21
5500.7  11187.05
5503.3  11271.3
5505.9  11142.01
5508.5  10801.54
5511.1  11273.97
5513.7  11485.21
5516.3  11622.91
5518.9  11672.94
5521.5  11648.85
5524.1  11488.33
5526.7  11604.58
5529.3  12146.6
5531.9  12072.22
5534.5  12382.74
5537.1  12370.03
5539.7  12540.5
5542.3  12676.54
5544.9  12974.95
5547.5  13117.84
5550.1  13597.97
5552.7  13600.75
5555.3  13355.16
5557.9  13392.99
5560.5  13513.75
5563.1  13289.37
5565.7  13630.73
5568.3  12936.3
5570.9  14577.11
5573.5  14653.11
5576.1  13720.17
5578.7  13483.32
5581.3  13640.66
5583.9  12007.76
5586.5  11933.56
5589.1  12418.05
5591.7  12760.42
5594.3  12720.95
5596.9  12442.48
5599.5  12629.72
5602.1  12909.37
5604.7  13182.1
5607.3  12956.28
5609.9  12877.64
5612.5  12999.55
5615.1  13057.18
5617.7  13007.77
5620.3  12944.31
5622.9  13270.61
5625.5  13322.52
5628.1  13174.14
5630.7  13400.47
5633.3  13410.79
5635.9  13232.9
5638.5  13005.37
5641.1  13598.64
5643.7  13800.72
5646.3  13578.24
5648.9  13364.55
5651.5  13223.61
5654.1  13270.51
5656.7  13228.32
5659.3  13568.69
5661.9  13412.86
5664.5  13342.99
5667.1  13760.51
5669.7  13755.62
5672.3  13947.19
5674.9  13725.51
5677.5  13588.22
5680.1  13232.52
5682.7  13246.78
5685.3  13320.93
5687.9  13768.94
5690.5  13755.89
5693.1  13754.22
5695.7  13659.99
5698.3  13741.06
5700.9  13350.03
5703.5  12891.
5706.1  12655.31
5708.7  13035.94
5711.3  13118.34
5713.9  13286.31
5716.5  13273.62
5719.1  13745.39
5721.7  13659.57
5724.3  13694.81
5726.9  13861.4
5729.5  13832.16
5732.1  13787.19
5734.7  13504.63
5737.3  13429.67
5739.9  13486.16
5742.5  13376.73
5745.1  13178.01
5747.7  13187.41
5750.3  12527.65
5752.9  12867.82
5755.5  12603.99
5758.1  12730.68
5760.7  12863.58
5763.3  12383.76
5765.9  12217.03
5768.5  11871.34
5771.1  12120.96
5773.7  12036.08
5776.3  11312.94
5778.9  10878.42
5781.5  10781.57
5784.1  10756.26
5786.7  10702.63
5789.3  10612.58
5791.9  10380.44
5794.5  10165.18
5797.1  10192.87
5799.7  10284.23
5802.3  9933.79
5804.9  9970.055
5807.5  10115.12
5810.1  9785.378
5812.7  9943.699
5815.3  10113.83
5817.9  9937.683
5820.5  9715.625
5823.1  9741.783
5825.7  9683.033
5828.3  9741.836
5830.9  9834.104
5833.5  9805.923
5836.1  9919.407
5838.7  10239.18
5841.3  10401.86
5843.9  10189.5
5846.5  10485.2
5849.1  10453.01
5851.7  10363.92
5854.3  10642.08
5856.9  10680.96
5859.5  11127.
5862.1  11334.79
5864.7  11586.53
5867.3  11713.65
5869.9  11644.35
5872.5  11931.77
5875.1  12154.58
5877.7  12088.03
5880.3  12046.36
5882.9  11767.39
5885.5  11624.17
5888.1  11337.47
5890.7  11166.21
5893.3  11006.88
5895.9  11406.19
5898.5  11613.35
5901.1  12007.57
5903.7  12062.29
5906.3  11764.35
5908.9  11910.3
5911.5  12050.47
5914.1  11920.32
5916.7  11994.36
5919.3  11459.01
5921.9  11279.15
5924.5  11148.66
5927.1  10878.07
5929.7  10841.72
5932.3  11147.22
5934.9  10979.92
5937.5  10509.35
5940.1  10660.13
5942.7  10638.72
5945.3  10554.39
5947.9  10378.79
5950.5  10523.3
5953.1  10459.03
5955.7  10498.01
5958.3  10346.84
5960.9  10527.77
5963.5  10642.
5966.1  10880.12
5968.7  10903.44
5971.3  10791.72
5973.9  10866.51
5976.5  11056.67
5979.1  10967.1
5981.7  10958.24
5984.3  11362.65
5986.9  11562.55
5989.5  11734.46
5992.1  11522.49
5994.7  11743.83
5997.3  12309.35
5999.9  12414.14
6002.5  12604.47
6005.1  12560.21
6007.7  13017.28
6010.3  12916.07
6012.9  13171.26
6015.5  13011.
6018.1  13214.25
6020.7  13752.23
6023.3  13813.04
6025.9  13716.78
6028.5  13946.59
6031.1  14354.9
6033.7  14280.62
6036.3  14441.07
6038.9  14771.83
6041.5  14557.8
6044.1  14331.5
6046.7  14611.22
6049.3  14701.31
6051.9  14638.28
6054.5  14313.48
6057.1  14615.25
6059.7  14696.
6062.3  14287.18
6064.9  14699.9
6067.5  14656.34
6070.1  14251.66
6072.7  14293.41
6075.3  14381.14
6077.9  14124.04
6080.5  14032.89
6083.1  14647.09
6085.7  14530.52
6088.3  14388.27
6090.9  14427.07
6093.5  14281.34
6096.1  14174.56
6098.7  14090.15
6101.3  14097.32
6103.9  14104.38
6106.5  14359.21
6109.1  14540.18
6111.7  14559.7
6114.3  14547.07
6116.9  14357.9
6119.5  14396.42
6122.1  14395.7
6124.7  14560.75
6127.3  14556.82
6129.9  14458.01
6132.5  14098.74
6135.1  14455.21
6137.7  14188.99
6140.3  14486.27
6142.9  14399.85
6145.5  14594.55
6148.1  14468.07
6150.7  14746.21
6153.3  14601.9
6155.9  14308.37
6158.5  13960.86
6161.1  13895.94
6163.7  13881.92
6166.3  13945.31
6168.9  14122.17
6171.5  14159.52
6174.1  14038.87
6176.7  13789.86
6179.3  14177.94
6181.9  14242.49
6184.5  14256.02
6187.1  14320.56
6189.7  13988.14
6192.3  14315.09
6194.9  14330.57
6197.5  14279.25
6200.1  14312.4
6202.7  14533.65
6205.3  14215.49
6207.9  14478.96
6210.5  14215.26
6213.1  14190.21
6215.7  14420.55
6218.3  14086.62
6220.9  14500.18
6223.5  14513.67
6226.1  14371.3
6228.7  14533.4
6231.3  14561.24
6233.9  14298.37
6236.5  14254.26
6239.1  14450.26
6241.7  14341.66
6244.3  14729.65
6246.9  14273.09
6249.5  13814.1
6252.1  14114.75
6254.7  14370.84
6257.3  14252.44
6259.9  14563.37
6262.5  14272.64
6265.1  14443.46
6267.7  14463.85
6270.3  14012.06
6272.9  13683.86
6275.5  13865.57
6278.1  13434.74
6280.7  12941.01
6283.3  13311.38
6285.9  13554.5
6288.5  13583.65
6291.1  13659.88
6293.7  16311.46
6296.3  16002.54
6298.9  13588.58
6301.5  13476.04
6304.1  14025.64
6306.7  11524.23
6309.3  11830.62
6311.9  12877.31
6314.5  13156.78
6317.1  13411.3
6319.7  13324.46
6322.3  13250.48
6324.9  13371.4
6327.5  13388.9
6330.1  13499.18
6332.7  13133.12
6335.3  13092.32
6337.9  13205.64
6340.5  13180.64
6343.1  13231.5
6345.7  13470.58
6348.3  13507.34
6350.9  13683.37
6353.5  13618.37
6356.1  13439.48
6358.7  13853.65
6361.3  13652.58
6363.9  13819.47
6366.5  13829.05
6369.1  14003.31
6371.7  13503.85
6374.3  13845.79
6376.9  13868.79
6379.5  14211.98
6382.1  14078.58
6384.7  14330.31
6387.3  14513.06
6389.9  14471.71
6392.5  14568.91
6395.1  14176.44
6397.7  14313.87
6400.3  14312.17
6402.9  14157.88
6405.5  14186.15
6408.1  14682.29
6410.7  14367.3
6413.3  14667.37
6415.9  14395.44
6418.5  14118.75
6421.1  14493.93
6423.7  14507.12
6426.3  14454.56
6428.9  14076.8
6431.5  14493.28
6434.1  14544.19
6436.7  14134.23
6439.3  14338.74
6441.9  14481.
6444.5  14053.79
6447.1  14143.49
6449.7  14001.11
6452.3  13816.96
6454.9  14387.66
6457.5  13990.21
6460.1  13999.04
6462.7  14218.93
6465.3  13928.41
6467.9  13735.67
6470.5  14099.08
6473.1  14243.23
6475.7  13899.36
6478.3  13836.67
6480.9  14044.74
6483.5  13906.09
6486.1  14038.84
6488.7  13948.43
6491.3  13335.91
6493.9  13252.88
6496.5  13487.96
6499.1  14073.85
6501.7  14142.04
6504.3  14433.46
6506.9  14263.65
6509.5  14005.88
6512.1  14264.65
6514.7  13959.66
6517.3  13937.56
6519.9  14146.62
6522.5  14333.34
6525.1  14165.92
6527.7  14042.74
6530.3  14222.66
6532.9  14352.71
6535.5  14291.36
6538.1  14357.28
6540.7  14080.3
6543.3  14056.08
6545.9  14140.45
6548.5  13850.98
6551.1  13281.58
6553.7  13074.53
6556.3  11540.92
6558.9  10281.89
6561.5  10323.48
6564.1  11062.18
6566.7  12123.32
6569.3  12840.96
6571.9  13370.81
6574.5  13949.44
6577.1  13817.62
6579.7  13750.94
6582.3  14258.96
6584.9  14053.55
6587.5  13748.77
6590.1  13705.6
6592.7  13944.29
6595.3  14225.58
6597.9  14359.03
6600.5  13798.71
6603.1  14242.45
6605.7  14502.11
6608.3  14197.8
6610.9  14116.89
6613.5  14357.46
6616.1  14342.46
6618.7  14539.82
6621.3  14394.2
6623.9  14231.58
6626.5  14446.79
6629.1  14092.6
6631.7  13921.52
6634.3  14005.99
6636.9  14235.13
6639.5  13981.81
6642.1  14183.21
6644.7  14367.72
6647.3  14188.8
6649.9  14456.13
6652.5  14227.16
6655.1  14409.52
6657.7  14224.94
6660.3  14101.29
6662.9  14164.01
6665.5  14307.89
6668.1  14228.12
6670.7  14348.21
6673.3  14105.15
6675.9  13825.61
6678.5  14164.46
6681.1  14129.68
6683.7  14345.95
6686.3  14309.34
6688.9  14191.1
6691.5  14087.97
6694.1  14174.66
6696.7  14318.4
6699.3  14340.17
6701.9  14356.44
6704.5  14132.67
6707.1  14176.8
6709.7  14040.98
6712.3  14007.42
6714.9  13986.8
6717.5  14132.19
6720.1  14344.19
6722.7  14332.57
6725.3  13991.84
6727.9  13938.17
6730.5  14227.46
6733.1  14081.15
6735.7  13753.34
6738.3  13778.68
6740.9  14144.07
6743.5  13685.09
6746.1  13717.46
6748.7  13833.66
6751.3  13642.84
6753.9  14076.29
6756.5  14069.67
6759.1  13908.21
6761.7  14011.44
6764.3  13956.49
6766.9  14000.32
6769.5  13822.45
6772.1  13604.46
6774.7  14022.92
6777.3  14265.13
6779.9  14026.65
6782.5  14051.85
6785.1  14109.31
6787.7  13771.54
6790.3  13960.89
6792.9  14185.7
6795.5  14121.35
6798.1  13900.68
6800.7  14011.37
6803.3  14070.54
6805.9  13869.47
6808.5  13860.09
6811.1  14098.65
6813.7  14007.1
6816.3  14169.72
6818.9  14122.42
6821.5  13857.34
6824.1  13820.58
6826.7  14029.98
6829.3  14061.22
6831.9  13958.11
6834.5  13835.17
6837.1  13760.92
6839.7  13512.96
6842.3  13597.65
6844.9  13522.44
6847.5  13613.77
6850.1  13702.14
6852.7  13621.27
6855.3  13719.29
6857.9  13613.88
6860.5  13587.73
6863.1  12921.91
6865.7  11451.29
6868.3  10822.07
6870.9  10688.42
6873.5  11049.48
6876.1  11881.9
6878.7  12165.66
6881.3  12209.36
6883.9  12388.53
6886.5  12262.42
6889.1  12250.73
6891.7  12334.81
6894.3  12032.65
6896.9  12335.87
6899.5  12525.64
6902.1  12546.99
6904.7  12595.93
6907.3  12572.85
6909.9  12860.96
6912.5  12563.08
6915.1  12664.85
6917.7  13078.94
6920.3  12985.85
6922.9  13293.97
6925.5  13413.09
6928.1  13044.15
6930.7  13023.04
6933.3  13209.05
6935.9  12988.05
6938.5  13185.28
6941.1  13447.9
6943.7  12883.28
6946.3  12796.57
6948.9  13239.46
6951.5  13467.84
6954.1  13139.34
6956.7  13314.59
6959.3  13334.55
6961.9  13022.68
6964.5  13303.87
6967.1  13371.51
6969.7  13422.64
6972.3  13165.66
6974.9  13016.81
6977.5  13177.87
6980.1  13669.67
6982.7  13285.14
6985.3  13053.4
6987.9  13308.6
6990.5  13414.31
6993.1  13235.98
6995.7  13203.01
6998.3  13113.84
7000.9  13204.55
7003.5  13264.76
7006.1  13139.4
7008.7  13186.82
7011.3  13226.12
7013.9  13255.84
7016.5  13134.49
7019.1  12868.61
7021.7  13006.15
7024.3  13146.04
7026.9  13095.36
7029.5  13138.94
7032.1  13189.83
7034.7  13209.56
7037.3  13130.31
7039.9  13121.27
7042.5  13551.84
7045.1  13374.55
7047.7  13375.5
7050.3  13319.97
7052.9  13131.72
7055.5  13057.59
7058.1  12939.42
7060.7  12993.35
7063.3  12961.59
7065.9  13075.73
7068.5  13119.17
7071.1  12996.02
7073.7  12838.22
7076.3  13102.39
7078.9  13072.57
7081.5  12907.75
7084.1  13118.58
7086.7  13125.72
7089.3  12831.21
7091.9  12712.06
7094.5  13065.29
7097.1  13089.6
7099.7  12960.9
7102.3  13033.01
7104.9  12864.25
7107.5  13106.97
7110.1  12879.44
7112.7  12842.03
7115.3  12804.19
7117.9  12897.68
7120.5  12849.83
7123.1  12591.39
7125.7  12745.36
7128.3  12883.63
7130.9  12697.63
7133.5  12687.3
7136.1  12955.09
7138.7  12980.75
7141.3  12619.96
7143.9  12583.75
7146.5  12680.07
7149.1  12441.96
7151.7  12569.7
7154.3  12690.11
7156.9  12707.15
7159.5  12459.16
7162.1  12308.06
7164.7  12449.04
7167.3  12513.12
7169.9  12380.88
7172.5  12331.97
7175.1  12450.36
7177.7  12314.1
7180.3  12167.58
7182.9  11837.66
7185.5  11711.68
7188.1  11998.32
7190.7  12081.98
7193.3  11991.8
7195.9  12077.6
7198.5  12134.41
7201.1  11932.95
7203.7  11847.29
7206.3  11890.25
7208.9  12044.63
7211.5  12620.62
7214.1  12290.22
7216.7  12116.25
7219.3  12085.34
7221.9  12050.77
7224.5  12271.33
7227.1  12218.35
7229.7  12116.72
7232.3  12110.32
7234.9  11911.96
7237.5  11854.79
7240.1  12006.04
7242.7  11973.66
7245.3  12276.32
7247.9  12096.5
7250.5  11908.09
7253.1  12084.86
7255.7  12005.28
7258.3  12108.96
7260.9  11826.63
7263.5  12042.37
7266.1  12222.58
7268.7  11900.74
7271.3  11459.06
7273.9  11739.82
7276.5  11724.7
7279.1  11599.68
7281.7  11787.57
7284.3  12043.79
7286.9  11815.93
7289.5  11743.82
7292.1  11963.54
7294.7  11912.83
7297.3  11737.22
7299.9  11667.16
7302.5  11878.17
7305.1  11849.97
7307.7  11780.36
7310.3  11700.41
7312.9  11864.24
7315.5  11940.6
7318.1  11855.38
7320.7  11816.44
7323.3  11735.22
7325.9  11842.31
7328.5  12307.74
7331.1  12155.56
7333.7  11956.03
7336.3  11929.53
7338.9  11736.45
7341.5  11778.49
7344.1  11967.07
7346.7  12036.27
7349.3  11942.06
7351.9  11734.83
7354.5  11697.47
7357.1  11788.33
7359.7  11756.84
7362.3  11833.5
7364.9  11623.71
7367.5  11458.01
7370.1  11522.07
7372.7  11570.44
7375.3  11748.86
7377.9  11608.97
7380.5  11500.69
7383.1  11444.68
7385.7  11474.91
7388.3  11406.09
7390.9  11522.35
7393.5  11410.6
7396.1  11400.23
7398.7  11677.7
7401.3  11335.89
7403.9  11277.91
7406.5  11342.2
7409.1  11614.92
7411.7  11397.31
7414.3  11177.15
7416.9  11176.74
7419.5  11190.22
7422.1  11187.85
7424.7  11465.73
7427.3  11363.08
7429.9  11307.3
7432.5  11497.32
7435.1  11449.08
7437.7  11416.04
7440.3  11180.56
7442.9  11272.72
7445.5  11327.83
7448.1  11211.05
7450.7  11558.41
7453.3  11626.17
7455.9  11433.72
7458.5  11312.68
7461.1  11102.14
7463.7  11097.07
7466.3  11375.84
7468.9  11270.86
7471.5  11432.25
7474.1  11297.94
7476.7  11086.2
7479.3  11066.21
7481.9  11224.47
7484.5  11422.87
7487.1  11252.62
7489.7  11394.7
7492.3  10998.06
7494.9  11009.31
7497.5  11375.27
7500.1  11017.78
7502.7  11254.23
7505.3  11230.8
7507.9  11062.79
7510.5  11001.18
7513.1  11241.05
7515.7  11296.21
7518.3  10748.9
7520.9  10956.35
7523.5  11026.42
7526.1  11173.16
7528.7  11005.14
7531.3  10814.82
7533.9  10875.59
7536.5  10978.46
7539.1  11036.7
7541.7  10835.33
7544.3  10924.54
7546.9  10949.05
7549.5  10688.46
7552.1  10896.78
7554.7  10942.31
7557.3  10779.57
7559.9  10881.92
7562.5  10735.58
7565.1  10547.14
7567.7  10806.09
7570.3  10642.48
7572.9  10697.61
7575.5  10673.05
7578.1  10873.28
7580.7  10406.71
7583.3  10378.73
7585.9  10508.02
7588.5  10123.49
7591.1  8581.11
7593.7  6848.769
7596.3  5437.133
7598.9  4306.197
7601.5  3565.812
7604.1  3479.457
7606.7  3750.849
7609.3  4203.883
7611.9  5576.524
7614.5  6837.853
7617.1  7163.197
7619.7  7080.036
7622.3  6703.867
7624.9  6279.49
7627.5  5884.879
7630.1  5848.503
7632.7  6180.673
7635.3  6133.217
7637.9  6364.126
7640.5  6634.243
7643.1  6951.283
7645.7  7282.221
7648.3  7643.288
7650.9  7803.156
7653.5  8063.681
7656.1  8213.632
7658.7  8275.545
7661.3  8331.798
7663.9  8676.294
7666.5  9039.747
7669.1  9172.596
7671.7  9354.242
7674.3  9476.349
7676.9  9479.685
7679.5  9599.226
7682.1  9666.148
7684.7  9706.865
7687.3  9738.231
7689.9  9697.09
7692.5  9797.502
7695.1  9618.838
7697.7  9750.82
7700.3  9903.014
7702.9  9657.081
7705.5  9353.003
7708.1  9424.233
7710.7  9619.908
7713.3  9488.546
7715.9  9638.572
7718.5  9978.54
7721.1  9839.413
7723.7  9831.191
7726.3  9865.62
7728.9  10068.9
7731.5  9812.331
7734.1  9742.598
7736.7  9897.498
7739.3  9716.404
7741.9  9540.702
7744.5  9320.278
7747.1  9467.067
7749.7  9554.858
7752.3  9615.988
7754.9  9508.971
7757.5  9818.198
7760.1  9985.548
7762.7  9857.918
7765.3  9557.105
7767.9  9590.763
7770.5  9532.042
7773.1  9323.83
7775.7  9359.893
7778.3  9575.33
7780.9  9458.078
7783.5  9589.503
7786.1  9503.294
7788.7  9527.305
7791.3  9520.791
7793.9  9593.941
7796.5  9578.063
7799.1  9491.982
7801.7  9462.22
7804.3  9475.168
7806.9  9481.261
7809.5  9465.138
7812.1  9648.052
7814.7  9291.511
7817.3  9302.584
7819.9  9403.956
7822.5  9367.932
7825.1  9575.229
7827.7  9307.252
7830.3  9419.921
7832.9  9498.493
7835.5  9572.956
7838.1  9305.385
7840.7  9174.429
7843.3  9383.736
7845.9  8981.104
7848.5  8978.118
7851.1  9213.848
7853.7  9420.323
7856.3  9261.535
7858.9  9339.619
7861.5  9186.526
7864.1  9256.299
7866.7  9369.583
7869.3  9551.241
7871.9  9228.304
7874.5  9261.802
7877.1  9183.711
7879.7  9046.32
7882.3  9113.929
7884.9  9036.509
7887.5  9049.251
7890.1  9022.157
7892.7  9026.512
7895.3  8902.53
7897.9  9245.459
7900.5  9139.879
7903.1  8945.155
7905.7  8674.019
7908.3  8753.722
7910.9  9010.027
7913.5  8754.064
7916.1  8835.676
7918.7  9072.838
7921.3  9023.199
7923.9  8622.396
7926.5  8612.272
7929.1  8931.188
7931.7  8978.608
7934.3  8758.127
7936.9  8610.78
7939.5  8624.336
7942.1  8574.736
7944.7  8520.583
7947.3  8775.933
7949.9  9042.013
7952.5  9033.863
7955.1  8767.974
7957.7  8618.227
7960.3  8706.911
7962.9  8476.186
7965.5  8630.735
7968.1  8996.917
7970.7  8860.41
7973.3  8650.461
7975.9  8786.393
7978.5  8828.063
7981.1  8824.23
7983.7  8795.166
7986.3  8661.92
7988.9  8581.168
7991.5  8319.703
7994.1  8389.945
7996.7  8645.374
7999.3  8937.553
8001.9  8639.538
8004.5  8670.53
8007.1  8612.47
8009.7  8423.922
8012.3  8562.644
8014.9  8772.88
8017.5  8808.913
8020.1  8360.726
8022.7  8397.414
8025.3  8488.271
8027.9  8679.869
8030.5  8724.763
8033.1  8559.104
8035.7  8599.108
8038.3  8516.468
8040.9  8422.089
8043.5  8349.79
8046.1  8447.136
8048.7  8414.261
8051.3  8296.673
8053.9  8348.766
8056.5  8498.
8059.1  8651.12
8061.7  8446.751
8064.3  8159.74
8066.9  8314.9
8069.5  8278.409
8072.1  8195.705
8074.7  8203.54
8077.3  8483.263
8079.9  8221.061
8082.5  8179.799
8085.1  8377.815
8087.7  8255.095
8090.3  8090.923
8092.9  8214.2
8095.5  8016.291
8098.1  7977.678
8100.7  8068.924
8103.3  8073.608
8105.9  8083.401
8108.5  8278.042
8111.1  8181.191
8113.7  7914.228
8116.3  8100.998
8118.9  8067.197
8121.5  8021.176
8124.1  8114.66
8126.7  8039.089
8129.3  8072.429
8131.9  7971.413
8134.5  7839.743
8137.1  7748.067
8139.7  7910.609
8142.3  8045.032
8144.9  7718.747
8147.5  7776.956
8150.1  7991.537
8152.7  7651.946
8155.3  7627.461
8157.9  7672.149
8160.5  7487.019
8163.1  7488.093
8165.7  7739.955
8168.3  7589.695
8170.9  7459.943
8173.5  7284.796
8176.1  7313.838
8178.7  7590.376
8181.3  7156.233
8183.9  7595.674
8186.5  7338.227
8189.1  7306.042
8191.7  7293.003
8194.3  7221.632
8196.9  7303.303
8199.5  7737.678
8202.1  7495.05
8204.7  7761.561
8207.3  7501.046
8209.9  7412.026
8212.5  7544.045
8215.1  7242.822
8217.7  7533.835
8220.3  7504.717
8222.9  7214.578
8225.5  7250.811
8228.1  7156.678
8230.7  7194.173
8233.3  7294.701
8235.9  7444.159
8238.5  7415.765
8241.1  7430.02
8243.7  7566.442
8246.3  7552.63
8248.9  7631.922
8251.5  7466.035
8254.1  7666.344
8256.7  7613.782
8259.3  7481.153
8261.9  7374.25
8264.5  7333.484
8267.1  7440.107
8269.7  7470.47
8272.3  7239.93
8274.9  7237.958
8277.5  7402.336
8280.1  7350.92
8282.7  7285.879
8285.3  7346.424
8287.9  7144.279
8290.5  7138.181
8293.1  7448.969
8295.7  7187.595
8298.3  6953.31
8300.9  7156.595
8303.5  7095.766
8306.1  7012.148
8308.7  7254.676
8311.3  7089.677
8313.9  7050.118
8316.5  6952.94
8319.1  6862.519
8321.7  7036.615
8324.3  6939.036
8326.9  6904.532
8329.5  7025.705
8332.1  6958.537
8334.7  6880.758
8337.3  6828.812
8339.9  6824.681
8342.5  6914.296
8345.1  6832.121
8347.7  7411.644
8350.3  6858.132
8352.9  7151.795
8355.5  7178.786
8358.1  7054.078
8360.7  6838.765
8363.3  6955.141
8365.9  7053.761
8368.5  7034.299
8371.1  6972.578
8373.7  6938.706
8376.3  7041.651
8378.9  7134.733
8381.5  7036.979
8384.1  6916.661
8386.7  6791.524
8389.3  6790.775
8391.9  6699.172
8394.5  6739.134
8397.1  7043.896
8399.7  7151.441
8402.3  6875.192
8404.9  6779.846
8407.5  6850.309
8410.1  6783.101
8412.7  6867.397
8415.3  6864.211
8417.9  6813.964
8420.5  6698.773
8423.1  6830.943
8425.7  7001.378
8428.3  6785.604
8430.9  7052.076
8433.5  7070.165
8436.1  6619.82
8438.7  6718.083
8441.3  6730.438
8443.9  6544.241
8446.5  6698.641
8449.1  6883.006
8451.7  6907.181
8454.3  6681.368
8456.9  6492.491
8459.5  6817.515
8462.1  7075.611
8464.7  6839.937
8467.3  6898.238
8469.9  6576.078
8472.5  6787.332
8475.1  6629.028
8477.7  6892.511
8480.3  6901.015
8482.9  6800.045
8485.5  6732.364
8488.1  6707.39
8490.7  6649.617
8493.3  5993.342
8495.9  6244.573
8498.5  6350.736
8501.1  6153.095
8503.7  6568.197
8506.3  6758.842
8508.9  6555.755
8511.5  6405.781
8514.1  6583.605
8516.7  6648.104
8519.3  6631.08
8521.9  6574.39
8524.5  6645.442
8527.1  6571.558
8529.7  6397.468
8532.3  6136.665
8534.9  5721.741
8537.5  5275.238
8540.1  5028.291
8542.7  5280.032
8545.3  5766.173
8547.9  6038.902
8550.5  6265.612
8553.1  6429.66
8555.7  6437.793
8558.3  6416.19
8560.9  6497.561
8563.5  6476.441
8566.1  6385.579
8568.7  6418.236
8571.3  6552.096
8573.9  6594.06
8576.5  6402.116
8579.1  6289.209
8581.7  6532.246
8584.3  6364.829
8586.9  6243.596
8589.5  6367.74
8592.1  6263.335
8594.7  6295.768
8597.3  6012.924
8599.9  6291.75
8602.5  6173.983
8605.1  6367.811
8607.7  6260.808
8610.3  6298.181
8612.9  6076.212
8615.5  6298.788
8618.1  6060.078
8620.7  6265.228
8623.3  5950.911
8625.9  5952.734
8628.5  6010.333
8631.1  5990.793
8633.7  5945.499
8636.3  5920.684
8638.9  6218.889
8641.5  6265.753
8644.1  6094.011
8646.7  5877.835
8649.3  5947.217
8651.9  5898.088
8654.5  5575.75
8657.1  5119.352
8659.7  5035.114
8662.3  5194.041
8664.9  5386.387
8667.5  5656.19
8670.1  5782.417
8672.7  5857.518
8675.3  6057.738
8677.9  6129.474
8680.5  5905.626
8683.1  5841.537
8685.7  6039.129
8688.3  6025.504
8690.9  6134.955
8693.5  6229.927
8696.1  6103.002
8698.7  6185.926
8701.3  5942.583
8703.9  6076.847
8706.5  6050.836
8709.1  5936.318
8711.7  6057.786
8714.3  6061.828
8716.9  6110.26
8719.5  6106.362
8722.1  5907.035
8724.7  6103.128
8727.3  6144.459
8729.9  6182.069
8732.5  6237.401
8735.1  6147.556
8737.7  6135.505
8740.3  5976.132
8742.9  5782.844
8745.5  5686.461
8748.1  5731.236
8750.7  5713.705
8753.3  5992.726
8755.9  6027.268
8758.5  6033.904
8761.1  6301.362
8763.7  6100.042
8766.3  5908.295
8768.9  5747.229
8771.5  5895.411
8774.1  5542.954
8776.7  5664.964
8779.3  6073.785
8781.9  5733.271
8784.5  5552.371
8787.1  5821.907
8789.7  5914.404
8792.3  5864.683
8794.9  5815.878
8797.5  5931.759
8800.1  5811.381
8802.7  5695.263
8805.3  5592.242
8807.9  5557.951
8810.5  5699.601
8813.1  5830.771
8815.7  5879.35
8818.3  5704.696
8820.9  6869.941
8823.5  6700.982
8826.1  5900.754
8828.7  6220.526
8831.3  5440.258
8833.9  4624.19
8836.5  5468.42
8839.1  5491.673
8841.7  5302.612
8844.3  5238.122
8846.9  5286.963
8849.5  5608.686
8852.1  5520.31
8854.7  5268.134
8857.3  5070.697
8859.9  5319.202
8862.5  5415.621
8865.1  5261.084
8867.7  5430.233
8870.3  5150.843
8872.9  5213.804
8875.5  5372.474
8878.1  5816.871
8880.7  6049.554
8883.3  5469.78
8885.9  5386.132
8888.5  5469.156
8891.1  5147.429
8893.7  4530.167
8896.3  5426.075
8898.9  5582.137
8901.5  5556.859
8904.1  5432.398
8906.7  5184.808
8909.3  4876.316
8911.9  5236.398
8914.5  6126.055
8917.1  5357.167
8919.7  5315.56
8922.3  5313.659
8924.9  4508.533
8927.5  3838.659
8930.1  5046.513
8932.7  5356.87
8935.3  5394.719
8937.9  5464.238
8940.5  5320.436
8943.1  5044.453
8945.7  4960.95
8948.3  4949.112
8950.9  4987.145
8953.5  5479.504
8956.1  5174.027
8958.7  4967.717
8961.3  4908.902
8963.9  4271.967
8966.5  4436.253
8969.1  4869.753
8971.7  5013.091
8974.3  4916.889
8976.9  4900.299
8979.5  4974.382
8982.1  4988.37
8984.7  4603.929
8987.3  4622.855
8989.9  4883.437
8992.5  4804.202
8995.1  4596.602
8997.7  4505.313
9000.3  4531.119
9002.9  4661.419
9005.5  4561.99
9008.1  4216.604
9010.7  4280.51
9013.3  4380.788
9015.9  4274.863
9018.5  4421.513
9021.1  4425.876
9023.7  4415.175
9026.3  4402.246
9028.9  4544.959
9031.5  4785.76
9034.1  4930.009
9036.7  4931.284
9039.3  4911.89
9041.9  4700.56
9044.5  4619.648
9047.1  4734.374
9049.7  4552.665
9052.3  4521.243
9054.9  4412.621
9057.5  4313.885
9060.1  4615.7
9062.7  4638.882
9065.3  4410.462
9067.9  4366.046
9070.5  4358.247
9073.1  4268.035
9075.7  4333.094
9078.3  4398.971
9080.9  4352.949
9083.5  4105.521
9086.1  4296.507
9088.7  4437.124
9091.3  4355.51
9093.9  4145.771
9096.5  4176.676
9099.1  4238.643
9101.7  4202.312
9104.3  4302.394
9106.9  4248.477
9109.5  4183.741
9112.1  4109.486
9114.7  4017.477
9117.3  4225.551
9119.9  4337.52
9122.5  4209.604
9125.1  4114.891
9127.7  4147.054
9130.3  4213.254
9132.9  4156.987
9135.5  4100.457
9138.1  4145.764
9140.7  4170.581
9143.3  4208.247
9145.9  4146.382
9148.5  4146.202
9151.1  4163.514
9153.7  4061.051
9156.3  4168.088
9158.9  4180.13
9161.5  4124.784
9164.1  4131.486
9166.7  4113.328
9169.3  3971.213
9171.9  3914.354
9174.5  4109.479
9177.1  4114.569
9179.7  4050.693
9182.3  3882.831
9184.9  4021.684
9187.5  4013.023
9190.1  3933.045
9192.7  4017.94
9195.3  4094.856
9197.9  4115.696
9200.5  3947.726
9203.1  3873.06
9205.7  3884.348
9208.3  3846.286
9210.9  3716.118
9213.5  3660.797
9216.1  3827.5
9218.7  3859.796
9221.3  3647.651
9223.9  3479.4
9226.5  3537.242
9229.1  3544.696
9231.7  3558.878
9234.3  3530.775
9236.9  3645.437
9239.5  3685.832
9242.1  3673.467
9244.7  3811.444
9247.3  3897.858
9249.9  3730.572
9252.5  3644.51
9255.1  3550.809
9257.7  3676.595
9260.3  3511.738
9262.9  3546.565
9265.5  3730.718
9268.1  3677.818
9270.7  3679.127
9273.3  3754.314
9275.9  3651.936
9278.5  3637.697
9281.1  3688.163
9283.7  3639.26
9286.3  3545.703
9288.9  3481.147
9291.5  3463.097
9294.1  3514.051
9296.7  3406.938
9299.3  3467.485
9301.9  3462.452
9304.5  3349.253
9307.1  3752.493
9309.7  3093.545
9312.3  2855.991
9314.9  3350.401
9317.5  3317.033
9320.1  2495.739
9322.7  2713.807
9325.3  3183.806
9327.9  2944.905
9330.5  2327.662
9333.1  2586.776
9335.7  2736.041
9338.3  2387.77
9340.9  2393.681
9343.5  2604.631
9346.1  3035.29
9348.7  2881.969
9351.3  2701.392
9353.9  2678.573
9356.5  2692.342
9359.1  2784.094
9361.7  2743.546
9364.3  2729.744
9366.9  2894.544
9369.5  3391.932
9372.1  2795.511
9374.7  2684.062
9377.3  2716.217
9379.9  2351.215
9382.5  2237.17
9385.1  2381.552
9387.7  3117.581
9390.3  3159.982
9392.9  3099.503
9395.5  3049.708
9398.1  3212.985
9400.7  3026.922
9403.3  3084.287
9405.9  2926.79
9408.5  2655.162
9411.1  2759.939
9413.7  2911.996
9416.3  3011.822
9418.9  2973.399
9421.5  2714.97
9424.1  2638.
9426.7  2575.59
9429.3  2713.818
9431.9  2953.083
9434.5  2862.048
9437.1  2607.477
9439.7  2625.008
9442.3  2695.757
9444.9  2610.268
9447.5  2540.311
9450.1  2762.607
9452.7  2908.449
9455.3  2667.371
9457.9  2510.104
9460.5  2434.805
9463.1  2291.472
9465.7  2571.933
9468.3  2882.931
9470.9  3111.726
9473.5  3163.954
9476.1  3088.703
9478.7  3063.055
9481.3  2951.824
9483.9  2813.141
9486.5  2817.964
9489.1  2964.002
9491.7  2761.237
9494.3  2565.13
9496.9  2620.595
9499.5  2884.397
9502.1  2842.963
9504.7  2879.702
9507.3  3016.498
9509.9  2845.262
9512.5  2581.116
9515.1  2674.881
9517.7  2692.252
9520.3  2473.979
9522.9  2594.124
9525.5  2564.604
9528.1  2496.12
9530.7  2723.924
9533.3  2745.802
9535.9  2740.354
9538.5  2650.609
9541.1  2460.626
9543.7  2438.629
9546.3  2564.866
9548.9  2522.313
9551.5  2523.829
9554.1  2414.146
9556.7  2546.225
9559.3  2513.648
9561.9  2788.089
9564.5  2995.684
9567.1  2719.138
9569.7  2579.133
9572.3  2603.339
9574.9  2815.3
9577.5  2695.483
9580.1  2688.489
9582.7  2721.616
9585.3  2624.148
9587.9  2630.797
9590.5  2735.423
9593.1  2735.247
9595.7  2779.659
9598.3  2806.755
9600.9  2710.427
9603.5  2626.58
9606.1  2658.669
9608.7  2665.167
9611.3  2787.172
9613.9  2879.019
9616.5  2661.259
9619.1  2535.335
9621.7  2688.35
9624.3  2683.748
9626.9  2932.577
9629.5  2889.655
9632.1  2866.857
9634.7  2845.402
9637.3  2768.552
9639.9  2663.361
9642.5  2664.554
9645.1  2696.965
9647.7  2858.978
9650.3  2836.682
9652.9  2927.899
9655.5  2706.954
9658.1  2848.11
9660.7  2881.726
9663.3  2900.022
9665.9  2892.38
9668.5  2796.657
9671.1  2963.951
9673.7  2964.728
9676.3  2733.757
9678.9  2665.691
9681.5  2697.197
9684.1  2683.992
9686.7  2798.662
9689.3  2948.343
9691.9  2862.536
9694.5  2773.182
9697.1  2938.3
9699.7  2881.849
9702.3  2819.64
9704.9  2941.684
9707.5  2802.9
9710.1  2797.556
9712.7  2567.492
9715.3  2514.316
9717.9  2683.344
9720.5  2926.524
9723.1  2978.495
9725.7  2809.812
9728.3  2867.408
9730.9  2711.71
9733.5  2649.189
9736.1  2681.949
9738.7  2587.011
9741.3  2515.244
9743.9  2632.239
9746.5  2738.489
9749.1  2656.894
9751.7  2519.839
9754.3  2538.8
9756.9  2681.998
9759.5  2689.015
9762.1  2578.121
9764.7  2586.951
9767.3  2591.146
9769.9  2578.874
9772.5  2407.775
9775.1  2593.426
9777.7  2606.914
9780.3  2528.452
9782.9  2126.005
9785.5  1575.208
9788.1  2695.044
9790.7  2729.068
9793.3  2569.083
9795.9  3013.147
9798.5  3378.219
9801.1  2554.713
9803.7  2425.436
9806.3  2625.823
9808.9  2613.513
9811.5  2776.207
9814.1  2709.214
9816.7  2485.961
9819.3  2585.068
9821.9  2547.549
9824.5  2552.231
9827.1  2591.303
9829.7  2514.497
9832.3  2550.094
9834.9  2523.943
9837.5  2542.37
9840.1  2328.191
9842.7  2089.877
9845.3  2250.156
9847.9  2268.759
9850.5  2326.186
9853.1  2447.096
9855.7  2413.909
9858.3  2417.751
9860.9  2423.984
9863.5  2170.967
9866.1  1688.064
9868.7  2490.847
9871.3  2462.092
9873.9  2700.085
9876.5  2850.849
9879.1  3254.119
9881.7  2521.476
9884.3  2270.889
9886.9  2053.971
9889.5  1866.977
9892.1  2170.667
9894.7  2349.77
9897.3  2286.033
9899.9  2320.873
9902.5  2456.361
9905.1  2164.23
9907.7  1638.885
9910.3  1342.643
9912.9  1867.952
9915.5  2033.159
9918.1  2343.723
9920.7  2987.785
9923.3  2617.566
9925.9  2265.865
9928.5  2248.594
9931.1  2229.099
9933.7  2004.394
9936.3  1713.975
9938.9  1366.052
9941.5  1326.29
9944.1  2092.648
9946.7  2220.301
9949.3  2085.248
9951.9  1975.945
9954.5  2128.73
9957.1  1841.645
9959.7  1969.596
9962.3  2460.599
9964.9  2601.814
9967.5  2492.084
9970.1  2453.053
9972.7  2061.122
9975.3  1966.922
9977.9  2121.431
9980.5  2194.295
9983.1  2161.434
9985.7  2083.127
9988.3  2185.055
9990.9  2040.671
9993.5  1982.754
9996.1  1974.578
