3501.3  -2.088831
3503.9  2.981019
3506.5  1.104728
3509.1  3.962877
3511.7  -1.146351
3514.3  1.16949
3516.9  3.091593
3519.5  1.763816
3522.1  0.9457089
3524.7  4.451664
3527.3  6.95653
3529.9  5.164411
3532.5  8.892724
3535.1  7.549259
3537.7  0.3208117
3540.3  5.552664
3542.9  -5.236762
3545.5  9.05256
3548.1  9.502962
3550.7  8.447354
3553.3  9.430838
3555.9  8.280051
3558.5  -13.16357
3561.1  -9.672563
3563.7  0.8712921
3566.3  0.5491694
3568.9  6.784562
3571.5  16.50313
3574.1  0.9172149
3576.7  0.6127101
3579.3  -13.75169
3581.9  3.999437
3584.5  2.694499
3587.1  7.527583
3589.7  -4.08004
3592.3  2.568586
3594.9  0.9971838
3597.5  2.327819
3600.1  1.68815
3602.7  -5.92725
3605.3  3.971828
3607.9  5.255815
3610.5  13.90491
3613.1  -3.523372
3615.7  7.864413
3618.3  1.592117
3620.9  0.3174035
3623.5  -8.29677
3626.1  -2.128763
3628.7  -1.318294
3631.3  -5.84665
3633.9  8.682882
3636.5  2.413439
3639.1  -2.099764
3641.7  -4.933373
3644.3  -3.531793
3646.9  -2.979203
3649.5  -1.294065
3652.1  14.45424
3654.7  15.83911
3657.3  0.2551641
3659.9  5.861903
3662.5  -0.8786437
3665.1  6.404033
3667.7  -2.94617
3670.3  -1.463348
3672.9  2.750235
3675.5  -4.443553
3678.1  4.295687
3680.7  -8.332814
3683.3  13.67639
3685.9  -0.06857193
3688.5  7.016186
3691.1  -1.817632
3693.7  -6.060428
3696.3  5.4456
3698.9  -10.5128
3701.5  4.897317
3704.1  -0.8640131
3706.7  -9.0073
3709.3  -9.751495
3711.9  -2.821936
3714.5  13.34793
3717.1  -0.8382448
3719.7  -10.20992
3722.3  -0.6456249
3724.9  13.01867
3727.5  -8.976423
3730.1  -6.681681
3732.7  6.902108
3735.3  0.01227216
3737.9  0.5136279
3740.5  -3.624566
3743.1  -9.63401
3745.7  4.680427
3748.3  5.509447
3750.9  4.113406
3753.5  -3.866504
3756.1  4.136525
3758.7  3.195023
3761.3  -2.250047
3763.9  1.270238
3766.5  -5.540456
3769.1  8.59789
3771.7  -0.4427494
3774.3  -5.019085
3776.9  -4.494603
3779.5  3.678562
3782.1  -9.072444
3784.7  -2.418031
3787.3  -0.2993321
3789.9  -3.198758
3792.5  -5.70068
3795.1  -0.8564999
3797.7  8.756982
3800.3  -1.797116
3802.9  -1.018756
3805.5  3.608617
3808.1  4.08827
3810.7  5.691942
3813.3  -1.150486
3815.9  6.104917
3818.5  5.328435
3821.1  0.4220494
3823.7  -0.242011
3826.3  2.122358
3828.9  2.142132
3831.5  -5.744639
3834.1  -2.650261
3836.7  0.3199618
3839.3  -5.291651
3841.9  1.380407
3844.5  6.836968
3847.1  7.238972
3849.7  6.167204
3852.3  -4.211397
3854.9  16.85075
3857.5  -0.7981042
3860.1  13.64747
3862.7  -2.598832
3865.3  -1.004047
3867.9  3.80907
3870.5  -1.07574
3873.1  7.294076
3875.7  -1.995147
3878.3  -0.03584931
3880.9  -1.840159
3883.5  7.011733
3886.1  -0.8582941
3888.7  16.50792
3891.3  0.3056603
3893.9  1.823133
3896.5  -1.065649
3899.1  -7.231858
3901.7  0.2683632
3904.3  -1.340825
3906.9  7.219553
3909.5  -6.815945
3912.1  6.90693
3914.7  2.016732
3917.3  6.047292
3919.9  -4.41701
3922.5  -5.344671
3925.1  -3.514045
3927.7  -2.068937
3930.3  12.36161
3932.9  6.964332
3935.5  -1.870996
3938.1  0.4950165
3940.7  11.63395
3943.3  11.92587
3945.9  0.8635297
3948.5  3.127209
3951.1  6.664328
3953.7  -3.395968
3956.3  10.68055
3958.9  14.26632
3961.5  -9.441901
3964.1  -10.43557
3966.7  -6.438704
3969.3  4.40008
3971.9  -1.62945
3974.5  1.272099
3977.1  -5.929705
3979.7  -2.360652
3982.3  -5.548376
3984.9  -0.3536488
3987.5  3.815169
3990.1  -0.3083226
3992.7  0.6643847
3995.3  1.00336
3997.9  5.785592
4000.5  12.11414
4003.1  0.2777595
4005.7  12.68229
4008.3  -5.142227
4010.9  -3.416601
4013.5  1.503745
4016.1  2.405275
4018.7  6.343263
4021.3  -1.735501
4023.9  -5.461753
4026.5  -8.220756
4029.1  11.00495
4031.7  -6.133131
4034.3  -4.281646
4036.9  5.455365
4039.5  3.942123
4042.1  -2.040199
4044.7  -0.2079701
4047.3  4.151066
4049.9  9.358624
4052.5  -2.609802
4055.1  7.541804
4057.7  7.860898
4060.3  6.278883
4062.9  -2.356133
4065.5  12.32288
4068.1  -4.736378
4070.7  -8.117535
4073.3  -12.21833
4075.9  2.63012
4078.5  1.130347
4081.1  -5.100085
4083.7  7.270558
4086.3  3.16701
4088.9  4.202795
4091.5  9.204399
4094.1  12.14332
4096.7  -5.538591
4099.3  -3.342338
4101.9  5.811152
4104.5  7.478724
4107.1  3.606073
4109.7  -1.490774
4112.3  5.726011
4114.9  8.412269
4117.5  5.143469
4120.1  1.662935
4122.7  11.51805
4125.3  4.562578
4127.9  3.480134
4130.5  -2.028129
4133.1  -1.954553
4135.7  5.744614
4138.3  -12.93548
4140.9  -0.4263517
4143.5  0.02717455
4146.1  -4.665839
4148.7  11.28515
4151.3  -2.284455
4153.9  3.693807
4156.5  -5.290389
4159.1  12.52159
4161.7  10.33654
4164.3  -3.475305
4166.9  1.507505
4169.5  15.15322
4172.1  1.828818
4174.7  -0.5906062
4177.3  12.10271
4179.9  2.057422
4182.5  -0.3141015
4185.1  3.453672
4187.7  0.567821
4190.3  6.73841
4192.9  2.110159
4195.5  -9.962327
4198.1  1.113324
4200.7  5.589765
4203.3  -0.7218003
4205.9  -0.5633248
4208.5  5.59957
4211.1  -4.784784
4213.7  3.147129
4216.3  -3.168548
4218.9  2.290324
4221.5  -4.898001
4224.1  7.152454
4226.7  1.782222
4229.3  2.969671
4231.9  -3.117483
4234.5  3.889158
4237.1  13.89464
4239.7  1.534649
4242.3  14.46619
4244.9  6.276545
4247.5  10.30421
4250.1  13.75846
4252.7  2.908029
4255.3  -9.422968
4257.9  3.937691
4260.5  0.399036
4263.1  -3.345731
4265.7  11.92353
4268.3  3.093651
4270.9  2.824527
4273.5  2.152513
4276.1  0.7970839
4278.7  6.082725
4281.3  -7.676354
4283.9  11.55916
4286.5  0.687124
4289.1  5.624139
4291.7  -1.696293
4294.3  7.129281
4296.9  18.22925
4299.5  9.961823
4302.1  2.38884
4304.7  2.005624
4307.3  9.226284
4309.9  6.843856
4312.5  7.895626
4315.1  5.051108
4317.7  -18.62911
4320.3  -1.736368
4322.9  13.0077
4325.5  -11.44159
4328.1  0.7948354
4330.7  5.404542
4333.3  -1.88937
4335.9  1.375589
4338.5  -5.909598
4341.1  0.2422033
4343.7  4.117273
4346.3  0.3526112
4348.9  -0.7548862
4351.5  0.4930553
4354.1  -4.551786
4356.7  -0.9504424
4359.3  -2.108797
4361.9  1.15547
4364.5  -0.4954201
4367.1  -5.115558
4369.7  -0.6480413
4372.3  9.548955
4374.9  5.553825
4377.5  -1.200658
4380.1  -3.369159
4382.7  1.511864
4385.3  0.1416957
4387.9  4.729627
4390.5  -0.9898221
4393.1  -3.408118
4395.7  4.83711
4398.3  -9.228224
4400.9  7.547749
4403.5  19.31503
4406.1  5.535438
4408.7  6.801319
4411.3  1.319088
4413.9  8.440205
4416.5  14.03791
4419.1  0.9029803
4421.7  -3.007061
4424.3  -3.606112
4426.9  -0.8679351
4429.5  -3.284142
4432.1  3.474728
4434.7  16.49343
4437.3  -6.480738
4439.9  0.6304927
4442.5  3.444367
4445.1  -2.223728
4447.7  1.134516
4450.3  12.5198
4452.9  4.853479
4455.5  -4.884328
4458.1  6.932887
4460.7  4.446344
4463.3  2.458359
4465.9  4.710824
4468.5  -3.928965
4471.1  1.283028
4473.7  5.217027
4476.3  12.79635
4478.9  22.92145
4481.5  2.856576
4484.1  19.17006
4486.7  8.221646
4489.3  3.310473
4491.9  6.921444
4494.5  -4.891164
4497.1  11.44791
4499.7  -0.4953151
4502.3  16.13675
4504.9  5.907493
4507.5  2.738579
4510.1  4.092417
4512.7  0.2609998
4515.3  -1.801438
4517.9  -15.00346
4520.5  1.096005
4523.1  14.95109
4525.7  -3.583474
4528.3  -6.974601
4530.9  -3.723426
4533.5  -2.474976
4536.1  0.2310786
4538.7  6.953856
4541.3  5.136448
4543.9  5.86799
4546.5  -2.657596
4549.1  2.880807
4551.7  -2.189506
4554.3  4.826739
4556.9  16.21684
4559.5  17.09846
4562.1  15.16925
4564.7  3.337076
4567.3  11.73492
4569.9  9.028597
4572.5  9.128344
4575.1  -0.822735
4577.7  -0.4066135
4580.3  2.020309
4582.9  -2.720274
4585.5  1.549453
4588.1  -2.732177
4590.7  -7.050319
4593.3  -1.597882
4595.9  5.969037
4598.5  2.446939
4601.1  3.998694
4603.7  9.147005
4606.3  -0.004186724
4608.9  6.28801
4611.5  4.18485
4614.1  8.428358
4616.7  3.500055
4619.3  1.642988
4621.9  6.661919
4624.5  -0.1740437
4627.1  0.8904284
4629.7  2.564521
4632.3  5.821644
4634.9  2.736304
4637.5  9.460959
4640.1  11.1613
4642.7  7.469141
4645.3  3.529396
4647.9  8.247804
4650.5  2.90369
4653.1  -2.866362
4655.7  3.699187
4658.3  14.59674
4660.9  9.626854
4663.5  3.77502
4666.1  5.412336
4668.7  15.80099
4671.3  16.69631
4673.9  11.86554
4676.5  19.64994
4679.1  30.09232
4681.7  23.63156
4684.3  32.45383
4686.9  39.07336
4689.5  44.41661
4692.1  43.65792
4694.7  66.09164
4697.3  59.90612
4699.9  61.92122
4702.5  65.51133
4705.1  94.51387
4707.7  113.3665
4710.3  148.2335
4712.9  187.2911
4715.5  181.8977
4718.1  195.091
4720.7  214.742
4723.3  243.482
4725.9  272.6905
4728.5  342.0717
4731.1  317.1536
4733.7  392.9111
4736.3  463.6555
4738.9  521.862
4741.5  573.9098
4744.1  610.6542
4746.7  691.4402
4749.3  775.0099
4751.9  898.2922
4754.5  1088.348
4757.1  1070.049
4759.7  1147.682
4762.3  1134.932
4764.9  1296.524
4767.5  1434.445
4770.1  1620.839
4772.7  1946.807
4775.3  2185.852
4777.9  2151.217
4780.5  2232.005
4783.1  2360.853
4785.7  2489.13
4788.3  2550.518
4790.9  2931.016
4793.5  3317.859
4796.1  3265.496
4798.7  3482.737
4801.3  3627.311
4803.9  3530.493
4806.5  4162.784
4809.1  4428.14
4811.7  5023.571
4814.3  5060.944
4816.9  5600.108
4819.5  5794.968
4822.1  5664.253
4824.7  5603.771
4827.3  6300.843
4829.9  6396.563
4832.5  6074.522
4835.1  7143.405
4837.7  7626.597
4840.3  8459.009
4842.9  8108.018
4845.5  9277.84
4848.1  9249.427
4850.7  8909.81
4853.3  9290.028
4855.9  8388.365
4858.5  8009.917
4861.1  8136.733
4863.7  9684.627
4866.3  9653.739
4868.9  9198.978
4871.5  10420.59
4874.1  10733.67
4876.7  10950.01
4879.3  11233.24
4881.9  10985.89
4884.5  10922.81
4887.1  10980.05
4889.7  11714.94
4892.3  12859.1
4894.9  13243.34
4897.5  13956.91
4900.1  13944.93
4902.7  16043.67
4905.3  15383.87
4907.9  14935.22
4910.5  16000.37
4913.1  17218.55
4915.7  16982.47
4918.3  15643.74
4920.9  17441.27
4923.5  18168.49
4926.1  19904.23
4928.7  20379.28
4931.3  19275.28
4933.9  20116.96
4936.5  19861.72
4939.1  21513.03
4941.7  21559.56
4944.3  23459.13
4946.9  22878.26
4949.5  22556.06
4952.1  23109.32
4954.7  21828.71
4957.3  23379.91
4959.9  23690.6
4962.5  21779.04
4965.1  23950.55
4967.7  23147.74
4970.3  23431.2
4972.9  23669.21
4975.5  21988.5
4978.1  22733.08
4980.7  22167.28
4983.3  25253.28
4985.9  25419.71
4988.5  25683.39
4991.1  27984.26
4993.7  27265.06
4996.3  28361.93
4998.9  27394.34
5001.5  26662.66
5004.1  26023.97
5006.7  26831.89
5009.3  25304.62
5011.9  28505.41
5014.5  29019.73
5017.1  27590.5
5019.7  29063.19
5022.3  30287.93
5024.9  29242.63
5027.5  30859.69
5030.1  31537.2
5032.7  30330.02
5035.3  30463.82
5037.9  25262.92
5040.5  31256.02
5043.1  32307.71
5045.7  30877.52
5048.3  31656.52
5050.9  32142.59
5053.5  33903.86
5056.1  34663.46
5058.7  37432.95
5061.3  35387.91
5063.9  30955.94
5066.5  33989.06
5069.1  33885.25
5071.7  35473.83
5074.3  36911.9
5076.9  32891.78
5079.5  34204.84
5082.1  35828.64
5084.7  34894.75
5087.3  35810.75
5089.9  39006.69
5092.5  38059.52
5095.1  35848.14
5097.7  37221.64
5100.3  35715.59
5102.9  34594.53
5105.5  35622.21
5108.1  35744.45
5110.7  36183.74
5113.3  37769.29
5115.9  38976.39
5118.5  37607.58
5121.1  35440.15
5123.7  34444.91
5126.3  35896.12
5128.9  36609.58
5131.5  39106.68
5134.1  37007.25
5136.7  35905.92
5139.3  37760.13
5141.9  39184.05
5144.5  36273.8
5147.1  36295.86
5149.7  37067.95
5152.3  38631.18
5154.9  40806.02
5157.5  40383.1
5160.1  39394.37
5162.7  34750.55
5165.3  33471.66
5167.9  32371.75
5170.5  32507.18
5173.1  37854.88
5175.7  41927.59
5178.3  38921.57
5180.9  35845.15
5183.5  36152.47
5186.1  38618.02
5188.7  39705.16
5191.3  40721.46
5193.9  41616.19
5196.5  44273.38
5199.1  45086.34
5201.7  43445.04
5204.3  40259.85
5206.9  39497.19
5209.5  44276.52
5212.1  42410.91
5214.7  40360.89
5217.3  45930.62
5219.9  45558.34
5222.5  41413.
5225.1  43040.78
5227.7  44236.62
5230.3  43689.21
5232.9  46307.91
5235.5  49159.65
5238.1  49616.9
5240.7  48501.27
5243.3  49100.89
5245.9  49305.95
5248.5  47053.87
5251.1  50772.83
5253.7  50866.62
5256.3  49003.54
5258.9  47132.64
5261.5  42726.37
5264.1  39605.73
5266.7  38710.31
5269.3  39825.89
5271.9  40795.05
5274.5  44849.37
5277.1  47682.39
5279.7  42973.45
5282.3  46333.2
5284.9  53804.29
5287.5  51359.82
5290.1  52362.89
5292.7  45957.16
5295.3  45158.03
5297.9  47135.92
5300.5  47230.7
5303.1  51597.98
5305.7  52812.58
5308.3  53390.96
5310.9  53918.77
5313.5  51932.7
5316.1  51694.02
5318.7  55027.24
5321.3  50725.31
5323.9  47044.43
5326.5  47229.46
5329.1  49490.66
5331.7  54235.68
5334.3  55370.82
5336.9  53227.39
5339.5  50499.26
5342.1  55252.6
5344.7  53324.86
5347.3  53344.18
5349.9  56295.28
5352.5  56937.96
5355.1  58138.27
5357.7  57912.95
5360.3  59018.44
5362.9  54346.91
5365.5  53230.78
5368.1  50036.9
5370.7  53766.64
5373.3  58488.58
5375.9  57235.36
5378.5  56656.2
5381.1  56837.98
5383.7  56543.88
5386.3  55103.74
5388.9  53637.33
5391.5  53954.76
5394.1  51644.82
5396.7  49898.71
5399.3  51603.78
5401.9  50872.
5404.5  52078.11
5407.1  50706.13
5409.7  52030.01
5412.3  53342.7
5414.9  55951.2
5417.5  60979.15
5420.1  59451.03
5422.7  56031.54
5425.3  55365.38
5427.9  57341.56
5430.5  55356.48
5433.1  56806.73
5435.7  58732.24
5438.3  60307.17
5440.9  61298.5
5443.5  57787.65
5446.1  57226.67
5448.7  57406.98
5451.3  55944.58
5453.9  54946.09
5456.5  56342.72
5459.1  58030.1
5461.7  54169.65
5464.3  57773.35
5466.9  56043.15
5469.5  56004.79
5472.1  57014.74
5474.7  54452.07
5477.3  50740.39
5479.9  50284.51
5482.5  50787.96
5485.1  53295.58
5487.7  53454.67
5490.3  50928.66
5492.9  57439.75
5495.5  57491.04
5498.1  55216.27
5500.7  54107.73
5503.3  54900.9
5505.9  53375.
5508.5  55334.3
5511.1  55944.79
5513.7  60032.53
5516.3  57090.42
5518.9  57994.12
5521.5  60391.52
5524.1  58065.21
5526.7  56895.64
5529.3  60436.11
5531.9  61746.35
5534.5  60446.43
5537.1  61760.24
5539.7  62186.16
5542.3  60942.41
5544.9  60982.26
5547.5  63302.99
5550.1  59460.87
5552.7  59964.59
5555.3  60036.11
5557.9  60966.78
5560.5  58640.35
5563.1  55909.56
5565.7  56727.71
5568.3  53302.98
5570.9  56772.71
5573.5  57804.38
5576.1  54152.77
5578.7  54877.16
5581.3  52763.44
5583.9  51649.3
5586.5  51286.99
5589.1  47460.8
5591.7  48096.69
5594.3  52258.34
5596.9  51382.68
5599.5  48173.96
5602.1  52675.99
5604.7  52876.34
5607.3  58811.09
5609.9  53843.36
5612.5  51626.66
5615.1  51058.79
5617.7  55514.89
5620.3  53755.48
5622.9  54139.5
5625.5  59639.57
5628.1  57488.89
5630.7  58912.74
5633.3  60386.48
5635.9  60557.19
5638.5  58252.27
5641.1  59084.75
5643.7  59499.94
5646.3  61602.55
5648.9  63843.3
5651.5  65036.92
5654.1  66777.92
5656.7  63559.88
5659.3  60733.04
5661.9  65234.28
5664.5  61807.49
5667.1  60955.7
5669.7  64881.2
5672.3  66749.91
5674.9  64188.04
5677.5  63479.66
5680.1  63723.99
5682.7  65199.03
5685.3  62283.37
5687.9  61914.53
5690.5  64338.74
5693.1  61303.61
5695.7  63395.89
5698.3  62286.55
5700.9  59112.45
5703.5  59491.82
5706.1  56847.31
5708.7  56103.86
5711.3  56287.31
5713.9  58262.14
5716.5  63656.43
5719.1  63813.36
5721.7  67196.79
5724.3  67734.44
5726.9  64174.59
5729.5  65381.44
5732.1  68884.28
5734.7  68879.05
5737.3  67268.8
5739.9  64385.9
5742.5  64318.36
5745.1  64688.7
5747.7  68788.41
5750.3  65993.47
5752.9  66796.66
5755.5  67460.07
5758.1  67209.98
5760.7  68683.09
5763.3  71318.41
5765.9  68581.91
5768.5  66127.73
5771.1  73460.91
5773.7  68038.17
5776.3  64375.48
5778.9  63161.46
5781.5  64800.66
5784.1  65531.25
5786.7  61577.44
5789.3  67929.48
5791.9  66908.2
5794.5  62977.22
5797.1  63333.8
5799.7  65608.7
5802.3  63404.22
5804.9  64798.2
5807.5  64796.56
5810.1  63768.18
5812.7  66543.12
5815.3  63917.81
5817.9  65415.79
5820.5  64445.26
5823.1  65205.65
5825.7  70448.98
5828.3  67301.8
5830.9  66929.2
5833.5  66731.19
5836.1  65623.57
5838.7  71493.48
5841.3  69170.06
5843.9  71413.73
5846.5  66787.41
5849.1  67142.65
5851.7  69357.56
5854.3  69330.12
5856.9  65319.16
5859.5  66019.32
5862.1  67316.6
5864.7  67419.66
5867.3  72174.44
5869.9  70897.74
5872.5  73621.3
5875.1  71122.8
5877.7  70781.98
5880.3  69719.26
5882.9  70329.85
5885.5  56427.26
5888.1  52801.81
5890.7  53330.62
5893.3  52246.92
5895.9  53418.85
5898.5  66329.3
5901.1  63088.05
5903.7  65403.12
5906.3  66724.67
5908.9  71857.38
5911.5  65506.25
5914.1  68800.65
5916.7  71592.09
5919.3  70389.78
5921.9  69377.71
5924.5  68522.
5927.1  64297.64
5929.7  66813.85
5932.3  67146.21
5934.9  68884.44
5937.5  66844.48
5940.1  64984.59
5942.7  69214.35
5945.3  65605.79
5947.9  69105.13
5950.5  64358.13
5953.1  63498.68
5955.7  65917.05
5958.3  71118.25
5960.9  70202.55
5963.5  69356.35
5966.1  69547.17
5968.7  73741.23
5971.3  71917.78
5973.9  68559.17
5976.5  75363.48
5979.1  74988.77
5981.7  73392.54
5984.3  73589.49
5986.9  73586.22
5989.5  74061.46
5992.1  73817.39
5994.7  73768.34
5997.3  70790.15
5999.9  71841.4
6002.5  73995.32
6005.1  71859.24
6007.7  74514.65
6010.3  71310.39
6012.9  72853.32
6015.5  71931.27
6018.1  71948.92
6020.7  71638.76
6023.3  71947.06
6025.9  72310.89
6028.5  73766.71
6031.1  75618.62
6033.7  74434.7
6036.3  73297.79
6038.9  72635.93
6041.5  72656.05
6044.1  72273.79
6046.7  75414.98
6049.3  74006.14
6051.9  72320.4
6054.5  72734.45
6057.1  73226.91
6059.7  71315.23
6062.3  71052.48
6064.9  71772.86
6067.5  72353.34
6070.1  74146.35
6072.7  73642.19
6075.3  71982.39
6077.9  71543.81
6080.5  71806.2
6083.1  72447.59
6085.7  72074.5
6088.3  70808.3
6090.9  73276.8
6093.5  73150.7
6096.1  73422.68
6098.7  71918.95
6101.3  71210.41
6103.9  73053.22
6106.5  75939.57
6109.1  75328.84
6111.7  74145.88
6114.3  74256.6
6116.9  73159.53
6119.5  71394.17
6122.1  72436.48
6124.7  73346.72
6127.3  72943.8
6129.9  73709.78
6132.5  72691.61
6135.1  69021.86
6137.7  69917.44
6140.3  70705.01
6142.9  71569.95
6145.5  70356.34
6148.1  71631.91
6150.7  71713.92
6153.3  69218.04
6155.9  69398.47
6158.5  67337.51
6161.1  65112.81
6163.7  66719.08
6166.3  66484.76
6168.9  66497.28
6171.5  67402.09
6174.1  69286.35
6176.7  68486.93
6179.3  71986.5
6181.9  70124.54
6184.5  67510.56
6187.1  68237.56
6189.7  68277.72
6192.3  70676.18
6194.9  70412.08
6197.5  69875.63
6200.1  69548.41
6202.7  70852.9
6205.3  73748.74
6207.9  72721.74
6210.5  71956.6
6213.1  70194.09
6215.7  70060.37
6218.3  70153.67
6220.9  72050.92
6223.5  73199.86
6226.1  73853.52
6228.7  73877.38
6231.3  73887.74
6233.9  73739.73
6236.5  74507.09
6239.1  76744.98
6241.7  69927.34
6244.3  71861.27
6246.9  76692.5
6249.5  74466.88
6252.1  72890.53
6254.7  70535.52
6257.3  73872.
6259.9  74207.26
6262.5  75976.35
6265.1  75768.99
6267.7  77455.01
6270.3  72759.27
6272.9  76073.17
6275.5  74485.71
6278.1  67872.09
6280.7  69417.93
6283.3  71023.67
6285.9  74064.2
6288.5  74020.76
6291.1  74078.86
6293.7  68867.2
6296.3  71125.9
6298.9  73893.92
6301.5  73624.97
6304.1  76875.63
6306.7  77889.28
6309.3  71386.93
6311.9  73997.1
6314.5  71817.61
6317.1  70340.84
6319.7  72684.47
6322.3  72061.28
6324.9  75066.83
6327.5  75676.12
6330.1  76717.16
6332.7  75203.89
6335.3  73959.36
6337.9  74256.73
6340.5  75144.34
6343.1  74817.16
6345.7  75360.42
6348.3  76887.1
6350.9  76699.41
6353.5  76938.54
6356.1  75575.52
6358.7  72767.26
6361.3  72874.91
6363.9  75331.8
6366.5  78542.24
6369.1  79592.04
6371.7  80280.5
6374.3  79244.96
6376.9  79626.92
6379.5  79433.81
6382.1  79485.43
6384.7  80758.71
6387.3  80672.77
6389.9  80358.3
6392.5  79577.88
6395.1  79577.41
6397.7  78528.07
6400.3  78765.4
6402.9  79736.89
6405.5  78499.36
6408.1  78049.95
6410.7  78378.87
6413.3  78576.8
6415.9  76977.52
6418.5  77762.09
6421.1  80838.23
6423.7  81042.22
6426.3  79315.01
6428.9  78018.71
6431.5  79848.49
6434.1  79544.77
6436.7  77659.08
6439.3  79191.25
6441.9  81041.77
6444.5  79637.37
6447.1  77513.13
6449.7  76907.44
6452.3  77032.23
6454.9  78095.22
6457.5  77328.74
6460.1  77695.15
6462.7  78443.79
6465.3  78872.66
6467.9  79476.81
6470.5  80025.52
6473.1  81764.32
6475.7  80485.34
6478.3  79811.98
6480.9  80285.31
6483.5  81085.54
6486.1  81263.91
6488.7  79898.5
6491.3  75314.71
6493.9  73593.65
6496.5  75357.51
6499.1  77931.36
6501.7  80093.67
6504.3  82344.17
6506.9  83185.99
6509.5  82143.91
6512.1  82555.45
6514.7  81412.63
6517.3  80893.84
6519.9  82456.26
6522.5  81017.96
6525.1  81119.37
6527.7  81464.29
6530.3  80323.33
6532.9  82460.3
6535.5  83037.97
6538.1  82252.55
6540.7  80918.72
6543.3  81046.27
6545.9  82126.72
6548.5  82395.91
6551.1  79255.72
6553.7  77904.61
6556.3  74815.32
6558.9  66762.73
6561.5  64451.07
6564.1  71038.45
6566.7  70980.2
6569.3  76635.93
6571.9  78270.18
6574.5  80074.61
6577.1  80688.49
6579.7  80773.13
6582.3  80099.04
6584.9  81250.6
6587.5  79188.17
6590.1  77537.65
6592.7  78484.14
6595.3  78952.52
6597.9  79182.61
6600.5  80070.86
6603.1  80633.05
6605.7  79185.55
6608.3  79708.82
6610.9  81029.18
6613.5  81614.18
6616.1  81919.63
6618.7  82257.02
6621.3  81402.68
6623.9  81995.6
6626.5  81310.55
6629.1  80338.98
6631.7  77725.03
6634.3  79975.38
6636.9  81432.5
6639.5  81468.79
6642.1  81557.52
6644.7  81256.06
6647.3  83008.02
6649.9  83328.97
6652.5  84695.88
6655.1  84453.84
6657.7  82184.55
6660.3  80256.91
6662.9  80220.88
6665.5  82596.92
6668.1  83279.7
6670.7  84133.29
6673.3  83340.66
6675.9  81806.29
6678.5  82883.87
6681.1  83491.28
6683.7  83917.59
6686.3  83966.23
6688.9  84487.02
6691.5  83695.28
6694.1  81616.89
6696.7  82746.64
6699.3  82850.82
6701.9  81005.07
6704.5  73942.56
6707.1  74120.44
6709.7  81991.97
6712.3  78030.16
6714.9  79398.38
6717.5  83222.22
6720.1  81566.13
6722.7  80893.77
6725.3  82217.47
6727.9  82661.04
6730.5  82370.2
6733.1  81849.05
6735.7  80434.65
6738.3  79468.8
6740.9  81532.41
6743.5  80508.95
6746.1  80607.46
6748.7  79999.81
6751.3  80827.38
6753.9  81104.8
6756.5  82409.16
6759.1  81831.45
6761.7  81666.68
6764.3  81775.09
6766.9  81674.85
6769.5  81030.98
6772.1  81974.92
6774.7  82196.43
6777.3  82411.96
6779.9  81146.85
6782.5  81081.89
6785.1  82004.38
6787.7  81487.58
6790.3  81497.05
6792.9  82089.62
6795.5  82859.95
6798.1  82781.19
6800.7  81130.33
6803.3  80867.09
6805.9  81398.09
6808.5  81469.27
6811.1  82158.31
6813.7  82308.1
6816.3  82585.45
6818.9  82853.07
6821.5  82880.87
6824.1  82566.35
6826.7  82720.27
6829.3  83461.11
6831.9  82906.6
6834.5  80203.42
6837.1  79105.17
6839.7  74315.12
6842.3  80435.29
6844.9  80896.51
6847.5  82298.65
6850.1  80986.77
6852.7  79444.34
6855.3  80353.52
6857.9  79872.45
6860.5  79293.42
6863.1  69466.5
6865.7  66405.8
6868.3  61557.04
6870.9  63623.77
6873.5  65883.85
6876.1  72068.78
6878.7  71869.06
6881.3  72261.23
6883.9  71935.19
6886.5  72352.07
6889.1  71644.17
6891.7  71762.43
6894.3  72690.38
6896.9  73636.23
6899.5  73655.98
6902.1  73886.
6904.7  74409.62
6907.3  72553.17
6909.9  75902.24
6912.5  73645.33
6915.1  74570.29
6917.7  77568.6
6920.3  75373.8
6922.9  77420.31
6925.5  78050.3
6928.1  77091.41
6930.7  77176.27
6933.3  78123.06
6935.9  79146.66
6938.5  79374.96
6941.1  77038.78
6943.7  76700.15
6946.3  77720.67
6948.9  77145.25
6951.5  75184.88
6954.1  77856.9
6956.7  79478.67
6959.3  76589.22
6961.9  77980.38
6964.5  78423.99
6967.1  79063.27
6969.7  79208.45
6972.3  76016.25
6974.9  73760.02
6977.5  74673.1
6980.1  76167.44
6982.7  76612.66
6985.3  78254.9
6987.9  78789.92
6990.5  78377.43
6993.1  77639.63
6995.7  75779.59
6998.3  76579.06
7000.9  75184.4
7003.5  75574.95
7006.1  74858.52
7008.7  75885.6
7011.3  74509.62
7013.9  75049.03
7016.5  75671.06
7019.1  75049.23
7021.7  75302.91
7024.3  74837.79
7026.9  76469.72
7029.5  75659.11
7032.1  75050.32
7034.7  76106.52
7037.3  75873.16
7039.9  76355.87
7042.5  78960.02
7045.1  78358.2
7047.7  77080.46
7050.3  76311.8
7052.9  75938.08
7055.5  76161.6
7058.1  75691.52
7060.7  75928.93
7063.3  75092.48
7065.9  75349.48
7068.5  75935.6
7071.1  76128.26
7073.7  76388.75
7076.3  76249.23
7078.9  75668.27
7081.5  74610.66
7084.1  75633.42
7086.7  75916.46
7089.3  75974.39
7091.9  74605.58
7094.5  75556.34
7097.1  76661.71
7099.7  77027.94
7102.3  76067.06
7104.9  75760.59
7107.5  75545.94
7110.1  74108.83
7112.7  74314.11
7115.3  75004.88
7117.9  72757.12
7120.5  73934.95
7123.1  73806.23
7125.7  73374.74
7128.3  72829.65
7130.9  72569.52
7133.5  75278.01
7136.1  74935.12
7138.7  73653.8
7141.3  72907.05
7143.9  71773.1
7146.5  72418.82
7149.1  72046.88
7151.7  71756.35
7154.3  73089.18
7156.9  72802.33
7159.5  71136.66
7162.1  70440.24
7164.7  70642.77
7167.3  70834.77
7169.9  71523.26
7172.5  72366.27
7175.1  71449.69
7177.7  68661.58
7180.3  67696.8
7182.9  66379.87
7185.5  66273.59
7188.1  66879.74
7190.7  67740.75
7193.3  68922.07
7195.9  68584.54
7198.5  69610.95
7201.1  69571.01
7203.7  68238.72
7206.3  68545.59
7208.9  69695.75
7211.5  69919.65
7214.1  70560.33
7216.7  69974.55
7219.3  68758.38
7221.9  68572.8
7224.5  68422.48
7227.1  69282.55
7229.7  69809.36
7232.3  70574.65
7234.9  69239.29
7237.5  69685.83
7240.1  69607.14
7242.7  69620.
7245.3  70497.73
7247.9  68912.
7250.5  68628.06
7253.1  70539.84
7255.7  69862.02
7258.3  68516.04
7260.9  68348.75
7263.5  69644.05
7266.1  70382.62
7268.7  68933.92
7271.3  68998.84
7273.9  67757.91
7276.5  68983.54
7279.1  67185.77
7281.7  67066.59
7284.3  66018.75
7286.9  65112.7
7289.5  65551.7
7292.1  67589.8
7294.7  68033.94
7297.3  67750.43
7299.9  68325.35
7302.5  66928.59
7305.1  66423.09
7307.7  65378.5
7310.3  66835.08
7312.9  66556.66
7315.5  66314.42
7318.1  67461.52
7320.7  67570.62
7323.3  65190.84
7325.9  66257.46
7328.5  65594.28
7331.1  66228.23
7333.7  66919.84
7336.3  68085.64
7338.9  66937.22
7341.5  65667.49
7344.1  65642.91
7346.7  64836.59
7349.3  65607.86
7351.9  64915.09
7354.5  64516.24
7357.1  64849.16
7359.7  64719.36
7362.3  64898.83
7364.9  65247.37
7367.5  65023.85
7370.1  65748.62
7372.7  65099.28
7375.3  66708.91
7377.9  66271.48
7380.5  71926.61
7383.1  62632.15
7385.7  61727.72
7388.3  63633.17
7390.9  63527.57
7393.5  63147.96
7396.1  64717.69
7398.7  64259.23
7401.3  63504.95
7403.9  63652.34
7406.5  63571.41
7409.1  62887.02
7411.7  61687.48
7414.3  62720.79
7416.9  62410.22
7419.5  61561.07
7422.1  62386.54
7424.7  63788.9
7427.3  64166.57
7429.9  64669.57
7432.5  65190.62
7435.1  63869.19
7437.7  63898.65
7440.3  63239.79
7442.9  63171.02
7445.5  63138.87
7448.1  64437.47
7450.7  65241.38
7453.3  64688.87
7455.9  64878.69
7458.5  68801.92
7461.1  64608.46
7463.7  64561.55
7466.3  64204.29
7468.9  64809.08
7471.5  69411.1
7474.1  63897.06
7476.7  63708.04
7479.3  70893.51
7481.9  63544.4
7484.5  64225.49
7487.1  64186.53
7489.7  68818.09
7492.3  62365.55
7494.9  63457.2
7497.5  64172.18
7500.1  70691.58
7502.7  70257.09
7505.3  68110.47
7507.9  66763.5
7510.5  69817.88
7513.1  64106.3
7515.7  65177.17
7518.3  69522.95
7520.9  63418.18
7523.5  63331.88
7526.1  67742.98
7528.7  63414.62
7531.3  63899.27
7533.9  69913.52
7536.5  68451.85
7539.1  64847.81
7541.7  63969.52
7544.3  63026.62
7546.9  63542.52
7549.5  63668.34
7552.1  67040.79
7554.7  67065.69
7557.3  66426.04
7559.9  63154.73
7562.5  63225.89
7565.1  65498.66
7567.7  66346.2
7570.3  65394.02
7572.9  65230.02
7575.5  64466.8
7578.1  66333.3
7580.7  62363.89
7583.3  63610.67
7585.9  60831.82
7588.5  57850.75
7591.1  43278.58
7593.7  32708.56
7596.3  25131.2
7598.9  20133.72
7601.5  18977.39
7604.1  18544.74
7606.7  21420.42
7609.3  28156.2
7611.9  38282.98
7614.5  42751.21
7617.1  44276.79
7619.7  39858.82
7622.3  38106.81
7624.9  33947.56
7627.5  33610.32
7630.1  34835.28
7632.7  35782.04
7635.3  37660.41
7637.9  39153.94
7640.5  40916.15
7643.1  42726.5
7645.7  44943.71
7648.3  45336.03
7650.9  47373.
7653.5  48274.66
7656.1  48302.59
7658.7  49448.98
7661.3  51450.2
7663.9  53076.86
7666.5  54356.43
7669.1  56143.8
7671.7  57583.68
7674.3  59370.59
7676.9  59470.14
7679.5  59735.9
7682.1  60050.86
7684.7  59314.08
7687.3  58901.04
7689.9  59242.99
7692.5  59082.96
7695.1  58787.78
7697.7  59385.25
7700.3  60835.88
7702.9  60889.36
7705.5  60228.01
7708.1  58810.16
7710.7  58415.96
7713.3  58705.57
7715.9  59241.72
7718.5  58884.61
7721.1  59026.44
7723.7  59801.67
7726.3  59448.99
7728.9  59104.6
7731.5  59968.27
7734.1  60693.02
7736.7  59837.65
7739.3  59379.21
7741.9  58357.18
7744.5  57482.04
7747.1  57969.03
7749.7  59194.58
7752.3  59457.98
7754.9  58974.34
7757.5  59053.86
7760.1  59342.12
7762.7  59633.64
7765.3  60161.16
7767.9  59248.68
7770.5  58828.59
7773.1  59213.86
7775.7  58177.23
7778.3  58069.54
7780.9  59712.6
7783.5  58706.72
7786.1  58094.19
7788.7  60008.95
7791.3  60008.57
7793.9  58773.96
7796.5  58628.5
7799.1  59123.88
7801.7  58828.81
7804.3  58448.04
7806.9  58396.76
7809.5  58372.86
7812.1  59218.27
7814.7  60048.53
7817.3  60097.44
7819.9  59820.03
7822.5  59196.04
7825.1  59390.91
7827.7  58323.06
7830.3  57693.86
7832.9  57700.14
7835.5  58579.34
7838.1  59036.83
7840.7  58851.24
7843.3  58866.02
7845.9  58200.84
7848.5  57883.
7851.1  58174.42
7853.7  58904.15
7856.3  58918.59
7858.9  59236.19
7861.5  59518.18
7864.1  59114.9
7866.7  58161.3
7869.3  57708.68
7871.9  57635.79
7874.5  57509.08
7877.1  56912.8
7879.7  56718.36
7882.3  57802.77
7884.9  58052.97
7887.5  57443.6
7890.1  56794.48
7892.7  57231.87
7895.3  57226.55
7897.9  56592.27
7900.5  56588.33
7903.1  56452.6
7905.7  57126.34
7908.3  56841.8
7910.9  55430.88
7913.5  54899.69
7916.1  54627.7
7918.7  55515.77
7921.3  54821.44
7923.9  54671.92
7926.5  53731.92
7929.1  54089.
7931.7  54747.88
7934.3  53532.47
7936.9  53766.52
7939.5  53109.26
7942.1  52909.41
7944.7  54256.18
7947.3  54824.59
7949.9  55627.93
7952.5  55540.1
7955.1  55423.59
7957.7  55419.37
7960.3  55787.67
7962.9  56670.57
7965.5  56586.95
7968.1  55585.24
7970.7  56131.89
7973.3  55877.27
7975.9  55761.88
7978.5  56102.53
7981.1  55885.31
7983.7  56089.52
7986.3  56429.26
7988.9  55371.15
7991.5  55048.73
7994.1  54925.16
7996.7  54264.45
7999.3  54728.23
8001.9  55258.93
8004.5  55171.14
8007.1  55344.3
8009.7  55083.6
8012.3  55799.52
8014.9  55882.54
8017.5  55449.16
8020.1  54986.72
8022.7  53634.36
8025.3  53382.5
8027.9  53972.77
8030.5  54730.06
8033.1  54839.83
8035.7  55109.95
8038.3  55091.12
8040.9  53208.
8043.5  52101.28
8046.1  51819.23
8048.7  52551.9
8051.3  52924.98
8053.9  53643.61
8056.5  53632.36
8059.1  53976.82
8061.7  54077.46
8064.3  52732.89
8066.9  51829.8
8069.5  51899.31
8072.1  52116.97
8074.7  52296.14
8077.3  51332.27
8079.9  51630.95
8082.5  51388.16
8085.1  50683.66
8087.7  50656.62
8090.3  49421.15
8092.9  49879.07
8095.5  50012.84
8098.1  50498.82
8100.7  50358.32
8103.3  49990.84
8105.9  49728.22
8108.5  49737.43
8111.1  49842.51
8113.7  49885.64
8116.3  50016.32
8118.9  50539.49
8121.5  50359.89
8124.1  49878.68
8126.7  49020.96
8129.3  49142.54
8131.9  49003.16
8134.5  48825.37
8137.1  48759.29
8139.7  48802.65
8142.3  48785.23
8144.9  48320.9
8147.5  48028.
8150.1  47758.9
8152.7  48637.73
8155.3  48345.8
8157.9  46949.55
8160.5  47612.95
8163.1  47928.63
8165.7  47531.12
8168.3  47458.1
8170.9  48056.34
8173.5  47513.5
8176.1  47219.09
8178.7  46289.76
8181.3  46381.07
8183.9  47001.76
8186.5  47339.64
8189.1  45932.01
8191.7  44539.17
8194.3  45869.27
8196.9  46366.8
8199.5  47558.94
8202.1  47876.73
8204.7  47894.3
8207.3  47869.14
8209.9  46587.81
8212.5  47087.3
8215.1  46665.47
8217.7  46486.78
8220.3  47109.66
8222.9  46843.18
8225.5  46118.24
8228.1  45825.64
8230.7  46709.43
8233.3  46703.71
8235.9  47364.44
8238.5  47743.7
8241.1  48601.78
8243.7  48845.1
8246.3  48527.77
8248.9  48288.44
8251.5  47970.1
8254.1  47516.45
8256.7  47994.7
8259.3  47960.24
8261.9  48178.59
8264.5  48357.56
8267.1  48004.4
8269.7  47114.01
8272.3  46385.19
8274.9  46502.27
8277.5  46596.95
8280.1  46845.75
8282.7  46663.24
8285.3  47006.08
8287.9  47042.25
8290.5  46418.73
8293.1  45734.81
8295.7  45751.23
8298.3  45588.38
8300.9  45072.03
8303.5  45246.18
8306.1  45055.64
8308.7  44733.93
8311.3  45154.17
8313.9  45108.77
8316.5  44650.25
8319.1  44994.43
8321.7  44785.77
8324.3  44235.73
8326.9  43629.78
8329.5  42829.23
8332.1  42782.36
8334.7  43056.1
8337.3  43900.55
8339.9  44123.77
8342.5  43504.86
8345.1  44234.23
8347.7  45126.66
8350.3  45047.21
8352.9  44428.59
8355.5  43963.71
8358.1  44213.86
8360.7  44010.61
8363.3  44582.42
8365.9  44683.21
8368.5  44155.62
8371.1  44751.61
8373.7  44133.51
8376.3  44046.24
8378.9  43582.12
8381.5  42482.47
8384.1  42463.31
8386.7  43293.84
8389.3  44433.08
8391.9  44389.25
8394.5  43797.13
8397.1  43544.87
8399.7  43406.37
8402.3  44059.16
8404.9  44435.96
8407.5  44170.08
8410.1  43735.97
8412.7  44106.49
8415.3  43975.31
8417.9  43088.49
8420.5  42982.76
8423.1  42128.87
8425.7  43812.41
8428.3  44237.15
8430.9  43071.16
8433.5  42824.59
8436.1  42716.14
8438.7  42845.12
8441.3  42172.02
8443.9  42723.9
8446.5  43323.92
8449.1  44500.09
8451.7  44048.18
8454.3  44085.4
8456.9  44688.8
8459.5  44559.62
8462.1  42713.99
8464.7  41947.99
8467.3  41860.28
8469.9  42500.2
8472.5  44235.82
8475.1  43564.54
8477.7  43155.74
8480.3  43874.51
8482.9  44248.49
8485.5  43458.98
8488.1  42881.83
8490.7  41796.68
8493.3  37654.43
8495.9  36692.5
8498.5  38130.34
8501.1  40492.07
8503.7  41996.43
8506.3  42005.74
8508.9  41469.2
8511.5  40450.88
8514.1  40837.2
8516.7  41636.79
8519.3  42351.07
8521.9  41586.68
8524.5  41731.8
8527.1  41701.57
8529.7  40995.58
8532.3  39387.42
8534.9  36364.69
8537.5  32038.25
8540.1  29662.49
8542.7  32669.4
8545.3  35344.88
8547.9  37966.02
8550.5  39422.68
8553.1  39356.05
8555.7  39332.58
8558.3  39812.63
8560.9  39872.77
8563.5  40228.06
8566.1  40594.2
8568.7  40783.59
8571.3  40656.54
8573.9  40284.29
8576.5  40043.09
8579.1  39046.6
8581.7  39117.36
8584.3  39546.8
8586.9  39889.19
8589.5  39912.07
8592.1  38916.07
8594.7  38638.19
8597.3  38802.34
8599.9  38896.71
8602.5  39599.77
8605.1  39803.46
8607.7  39181.13
8610.3  38703.49
8612.9  38420.29
8615.5  38002.07
8618.1  37642.26
8620.7  37875.83
8623.3  38370.05
8625.9  38606.47
8628.5  38802.45
8631.1  39259.89
8633.7  39344.39
8636.3  38819.67
8638.9  37952.07
8641.5  38001.35
8644.1  36991.31
8646.7  36807.51
8649.3  37583.61
8651.9  37335.82
8654.5  35594.94
8657.1  31017.19
8659.7  27734.2
8662.3  30928.44
8664.9  33348.92
8667.5  34428.13
8670.1  34871.67
8672.7  36779.52
8675.3  37533.73
8677.9  37069.39
8680.5  37504.88
8683.1  36909.67
8685.7  35215.77
8688.3  36644.52
8690.9  37192.16
8693.5  37950.75
8696.1  37863.41
8698.7  37664.1
8701.3  37583.11
8703.9  37427.06
8706.5  36711.01
8709.1  36643.37
8711.7  37569.25
8714.3  37719.14
8716.9  38536.46
8719.5  38755.12
8722.1  38458.39
8724.7  37274.66
8727.3  37495.44
8729.9  36971.66
8732.5  36312.08
8735.1  37068.87
8737.7  37563.93
8740.3  37453.4
8742.9  37972.88
8745.5  37935.9
8748.1  36903.86
8750.7  36774.77
8753.3  36959.15
8755.9  37159.75
8758.5  37654.83
8761.1  37997.43
8763.7  38043.72
8766.3  38259.99
8768.9  37095.68
8771.5  36982.17
8774.1  37278.67
8776.7  36626.84
8779.3  36761.92
8781.9  37172.81
8784.5  37410.59
8787.1  37039.64
8789.7  36691.12
8792.3  37171.04
8794.9  37602.56
8797.5  37612.1
8800.1  36262.7
8802.7  34767.15
8805.3  33655.23
8807.9  35699.53
8810.5  36438.38
8813.1  37366.54
8815.7  37524.08
8818.3  36582.56
8820.9  35543.57
8823.5  35494.23
8826.1  36005.67
8828.7  36086.53
8831.3  35798.37
8833.9  34316.66
8836.5  36631.65
8839.1  36078.44
8841.7  37314.07
8844.3  36300.55
8846.9  36621.19
8849.5  37187.21
8852.1  36742.83
8854.7  36650.5
8857.3  36401.83
8859.9  36272.05
8862.5  35650.05
8865.1  34539.61
8867.7  35344.55
8870.3  35155.23
8872.9  35110.07
8875.5  34323.21
8878.1  34373.46
8880.7  34133.08
8883.3  35262.71
8885.9  35589.85
8888.5  35024.63
8891.1  34545.41
8893.7  35833.64
8896.3  34859.43
8898.9  33963.22
8901.5  34473.8
8904.1  35193.53
8906.7  35997.36
8909.3  34428.65
8911.9  34907.43
8914.5  33291.09
8917.1  33232.08
8919.7  33380.46
8922.3  32923.09
8924.9  34968.31
8927.5  35297.14
8930.1  33600.3
8932.7  33842.98
8935.3  34909.17
8937.9  34002.1
8940.5  33299.18
8943.1  33090.92
8945.7  33353.43
8948.3  32712.48
8950.9  34034.92
8953.5  33237.79
8956.1  33261.62
8958.7  34219.25
8961.3  32392.23
8963.9  32097.8
8966.5  32992.62
8969.1  32643.58
8971.7  32513.66
8974.3  32403.95
8976.9  33128.95
8979.5  33571.94
8982.1  32958.87
8984.7  32149.68
8987.3  32016.35
8989.9  31243.21
8992.5  31260.51
8995.1  30165.84
8997.7  31139.51
9000.3  30485.27
9002.9  32406.26
9005.5  31839.36
9008.1  31343.98
9010.7  31165.85
9013.3  30636.79
9015.9  30910.67
9018.5  30257.15
9021.1  28852.96
9023.7  30924.54
9026.3  30624.15
9028.9  32731.73
9031.5  33262.8
9034.1  33536.95
9036.7  32999.75
9039.3  33468.07
9041.9  32889.48
9044.5  32438.66
9047.1  31607.01
9049.7  31420.2
9052.3  32176.01
9054.9  32085.78
9057.5  31605.3
9060.1  31483.32
9062.7  31983.6
9065.3  30796.07
9067.9  30508.16
9070.5  29457.76
9073.1  29524.33
9075.7  30100.58
9078.3  30596.34
9080.9  30791.28
9083.5  29934.1
9086.1  29447.46
9088.7  29500.44
9091.3  29850.25
9093.9  29126.04
9096.5  27772.24
9099.1  29198.54
9101.7  28366.46
9104.3  29844.83
9106.9  30438.81
9109.5  30453.31
9112.1  29846.37
9114.7  28358.9
9117.3  27679.51
9119.9  29112.9
9122.5  28997.24
9125.1  29243.29
9127.7  29080.92
9130.3  28826.33
9132.9  29367.74
9135.5  29355.93
9138.1  28605.22
9140.7  28397.03
9143.3  27921.49
9145.9  27584.2
9148.5  26966.92
9151.1  25613.57
9153.7  25829.42
9156.3  26380.73
9158.9  27852.18
9161.5  28004.2
9164.1  27182.6
9166.7  26677.7
9169.3  26424.24
9171.9  26166.19
9174.5  25746.75
9177.1  26150.09
9179.7  27006.42
9182.3  26814.29
9184.9  25228.06
9187.5  25759.74
9190.1  26051.12
9192.7  25376.52
9195.3  25740.75
9197.9  25870.91
9200.5  26478.42
9203.1  25186.17
9205.7  25863.34
9208.3  24914.79
9210.9  24328.56
9213.5  23483.63
9216.1  24481.49
9218.7  25323.49
9221.3  25723.55
9223.9  25510.83
9226.5  24564.14
9229.1  24826.22
9231.7  24964.82
9234.3  24638.98
9236.9  24609.85
9239.5  24237.39
9242.1  25136.08
9244.7  25454.29
9247.3  25098.27
9249.9  24857.15
9252.5  23975.47
9255.1  22858.42
9257.7  23094.16
9260.3  23059.99
9262.9  23506.12
9265.5  24441.09
9268.1  23756.3
9270.7  25336.77
9273.3  24755.91
9275.9  23919.91
9278.5  23133.53
9281.1  23614.14
9283.7  22081.87
9286.3  22016.22
9288.9  22103.17
9291.5  21704.24
9294.1  21733.15
9296.7  21779.08
9299.3  22267.08
9301.9  22073.43
9304.5  20949.44
9307.1  20900.19
9309.7  20164.11
9312.3  18441.72
9314.9  18931.75
9317.5  19221.86
9320.1  18293.33
9322.7  18947.21
9325.3  20125.8
9327.9  19843.84
9330.5  18863.06
9333.1  18820.71
9335.7  17913.43
9338.3  16847.25
9340.9  15542.06
9343.5  18231.07
9346.1  19169.98
9348.7  17882.73
9351.3  17865.88
9353.9  16846.47
9356.5  18390.66
9359.1  18880.92
9361.7  18497.08
9364.3  17903.16
9366.9  17330.22
9369.5  18386.98
9372.1  17962.06
9374.7  16956.45
9377.3  17026.38
9379.9  17973.08
9382.5  17739.12
9385.1  18978.27
9387.7  20002.48
9390.3  20078.4
9392.9  19846.33
9395.5  19770.03
9398.1  19795.3
9400.7  19261.68
9403.3  18650.71
9405.9  17925.31
9408.5  17636.17
9411.1  17207.61
9413.7  17654.59
9416.3  18218.99
9418.9  18286.87
9421.5  16696.1
9424.1  15928.7
9426.7  16587.11
9429.3  17821.1
9431.9  18031.68
9434.5  16232.85
9437.1  15469.4
9439.7  16111.62
9442.3  17134.8
9444.9  17869.72
9447.5  17859.74
9450.1  16894.26
9452.7  16329.1
9455.3  15964.86
9457.9  16112.25
9460.5  17327.83
9463.1  17669.71
9465.7  17832.68
9468.3  18039.06
9470.9  18042.42
9473.5  17620.36
9476.1  16612.42
9478.7  17081.54
9481.3  17392.33
9483.9  17814.38
9486.5  17922.35
9489.1  17005.27
9491.7  16182.58
9494.3  15920.62
9496.9  15772.7
9499.5  17073.73
9502.1  17864.04
9504.7  18232.08
9507.3  17736.24
9509.9  17126.34
9512.5  16594.27
9515.1  15645.52
9517.7  15096.5
9520.3  15833.81
9522.9  15713.94
9525.5  16337.09
9528.1  17457.55
9530.7  17387.97
9533.3  17157.15
9535.9  16968.56
9538.5  15535.94
9541.1  14918.45
9543.7  15369.53
9546.3  15940.94
9548.9  15852.75
9551.5  15917.03
9554.1  16630.19
9556.7  16994.99
9559.3  16248.15
9561.9  15805.81
9564.5  15821.72
9567.1  16016.1
9569.7  16399.1
9572.3  16277.51
9574.9  15880.14
9577.5  15832.38
9580.1  16049.66
9582.7  16197.06
9585.3  15889.48
9587.9  15834.42
9590.5  16338.98
9593.1  16425.4
9595.7  16189.75
9598.3  15980.67
9600.9  15589.04
9603.5  15889.73
9606.1  16532.83
9608.7  17002.8
9611.3  17298.72
9613.9  16341.02
9616.5  15769.55
9619.1  15553.27
9621.7  15019.22
9624.3  15560.09
9626.9  16108.61
9629.5  16119.78
9632.1  15035.19
9634.7  15503.83
9637.3  15424.74
9639.9  15281.85
9642.5  15088.99
9645.1  15399.24
9647.7  15111.59
9650.3  15588.43
9652.9  15755.32
9655.5  15572.29
9658.1  15738.54
9660.7  15647.91
9663.3  15952.91
9665.9  16044.12
9668.5  16208.35
9671.1  15909.
9673.7  15591.22
9676.3  14652.38
9678.9  14644.96
9681.5  15559.37
9684.1  15420.33
9686.7  14685.87
9689.3  14839.48
9691.9  15644.7
9694.5  14662.
9697.1  14820.39
9699.7  15327.12
9702.3  15179.63
9704.9  14647.92
9707.5  15409.44
9710.1  14288.55
9712.7  14326.19
9715.3  14358.83
9717.9  14017.54
9720.5  13546.58
9723.1  13829.22
9725.7  13790.01
9728.3  13650.22
9730.9  13474.24
9733.5  13205.57
9736.1  12991.26
9738.7  13005.57
9741.3  12745.53
9743.9  12692.23
9746.5  13234.63
9749.1  13339.62
9751.7  13193.45
9754.3  13149.45
9756.9  12813.28
9759.5  12370.82
9762.1  13124.23
9764.7  12392.65
9767.3  12162.22
9769.9  12708.81
9772.5  12787.1
9775.1  13115.3
9777.7  13457.57
9780.3  13386.05
9782.9  13268.03
9785.5  13456.24
9788.1  13201.53
9790.7  12759.06
9793.3  12612.53
9795.9  12097.1
9798.5  13441.96
9801.1  13377.44
9803.7  13368.71
9806.3  12798.24
9808.9  12156.64
9811.5  11899.27
9814.1  11865.42
9816.7  11689.72
9819.3  11821.63
9821.9  11656.41
9824.5  11639.92
9827.1  11898.72
9829.7  12377.37
9832.3  12315.43
9834.9  11798.11
9837.5  11360.91
9840.1  11402.78
9842.7  12205.27
9845.3  12215.02
9847.9  11777.66
9850.5  11840.37
9853.1  11588.11
9855.7  11711.87
9858.3  11778.12
9860.9  11340.56
9863.5  12131.93
9866.1  12550.47
9868.7  11310.77
9871.3  11569.84
9873.9  11499.72
9876.5  12509.29
9879.1  10804.28
9881.7  10817.34
9884.3  11522.62
9886.9  10985.98
9889.5  11121.78
9892.1  11391.39
9894.7  11119.04
9897.3  10914.79
9899.9  10734.01
9902.5  10727.21
9905.1  10738.75
9907.7  11174.27
9910.3  11062.71
9912.9  10478.49
9915.5  10639.89
9918.1  10655.66
9920.7  10259.18
9923.3  10582.25
9925.9  10511.08
9928.5  10536.99
9931.1  10372.98
9933.7  9986.665
9936.3  10023.99
9938.9  10020.94
9941.5  10159.4
9944.1  9858.348
9946.7  9614.349
9949.3  9516.814
9951.9  9643.932
9954.5  9940.051
9957.1  9669.577
9959.7  9681.705
9962.3  11398.8
9964.9  9073.94
9967.5  9121.561
9970.1  8956.359
9972.7  8706.412
9975.3  8777.356
9977.9  9055.335
9980.5  8915.435
9983.1  8930.791
9985.7  9166.192
9988.3  9253.823
9990.9  9054.924
9993.5  8969.746
9996.1  9101.035
9998.7  9142.016
