3501.3  1.205015E-5
3503.9  -1.724930E-5
3506.5  -6.411829E-6
3509.1  -2.307061E-5
3511.7  6.694072E-6
3514.3  -6.850088E-6
3516.9  -1.816397E-5
3519.5  -1.039473E-5
3522.1  -5.590506E-6
3524.7  -2.639683E-5
3527.3  -4.137714E-5
3529.9  -3.081267E-5
3532.5  -5.322143E-5
3535.1  -4.532122E-5
3537.7  -1.931947E-6
3540.3  -3.354262E-5
3542.9  3.173299E-5
3545.5  -5.502686E-5
3548.1  -5.794553E-5
3550.7  -5.167041E-5
3553.3  -5.786739E-5
3555.9  -5.096614E-5
3558.5  8.128116E-5
3561.1  5.991393E-5
3563.7  -5.414052E-6
3566.3  -3.423263E-6
3568.9  -4.242609E-5
3571.5  -1.035280E-4
3574.1  -5.772253E-6
3576.7  -3.868250E-6
3579.3  8.709702E-5
3581.9  -2.541187E-5
3584.5  -1.717548E-5
3587.1  -4.813734E-5
3589.7  2.617514E-5
3592.3  -1.653179E-5
3594.9  -6.438794E-6
3597.5  -1.507942E-5
3600.1  -1.097124E-5
3602.7  3.864642E-5
3605.3  -2.598130E-5
3607.9  -3.449272E-5
3610.5  -9.155356E-5
3613.1  2.327492E-5
3615.7  -5.212200E-5
3618.3  -1.058664E-5
3620.9  -2.117510E-6
3623.5  5.553367E-5
3626.1  1.429589E-5
3628.7  8.882499E-6
3631.3  3.952503E-5
3633.9  -5.889437E-5
3636.5  -1.642457E-5
3639.1  1.433767E-5
3641.7  3.379914E-5
3644.3  2.427802E-5
3646.9  2.054837E-5
3649.5  8.955622E-6
3652.1  -1.003691E-4
3654.7  -1.103579E-4
3657.3  -1.783871E-6
3659.9  -4.112035E-5
3662.5  6.184548E-6
3665.1  -4.523024E-5
3667.7  2.087931E-5
3670.3  1.040620E-5
3672.9  -1.962472E-5
3675.5  3.181680E-5
3678.1  -3.086416E-5
3680.7  6.007749E-5
3683.3  -9.894492E-5
3685.9  4.978206E-7
3688.5  -5.111350E-5
3691.1  1.328776E-5
3693.7  4.445936E-5
3696.3  -4.008882E-5
3698.9  7.766341E-5
3701.5  -3.630616E-5
3704.1  6.427910E-6
3706.7  6.724723E-5
3709.3  7.306087E-5
3711.9  2.121767E-5
3714.5  -1.007175E-4
3717.1  6.347544E-6
3719.7  7.758968E-5
3722.3  4.923938E-6
3724.9  -9.964440E-5
3727.5  6.895198E-5
3730.1  5.150978E-5
3732.7  -5.340107E-5
3735.3  -9.529213E-8
3737.9  -4.002722E-6
3740.5  2.834897E-5
3743.1  7.562518E-5
3745.7  -3.687454E-5
3748.3  -4.356464E-5
3750.9  -3.264497E-5
3753.5  3.079822E-5
3756.1  -3.307036E-5
3758.7  -2.563756E-5
3761.3  1.812165E-5
3763.9  -1.026828E-5
3766.5  4.495408E-5
3769.1  -7.002125E-5
3771.7  3.619211E-6
3774.3  4.118154E-5
3776.9  3.701646E-5
3779.5  -3.040963E-5
3782.1  7.528191E-5
3784.7  2.014027E-5
3787.3  2.502635E-6
3789.9  2.684543E-5
3792.5  4.802469E-5
3795.1  7.242989E-6
3797.7  -7.433641E-5
3800.3  1.531383E-5
3802.9  8.714496E-6
3805.5  -3.098716E-5
3808.1  -3.524141E-5
3810.7  -4.925504E-5
3813.3  9.994310E-6
3815.9  -5.323973E-5
3818.5  -4.664929E-5
3821.1  -3.709386E-6
3823.7  2.135360E-6
3826.3  -1.879992E-5
3828.9  -1.904977E-5
3831.5  5.128809E-5
3834.1  2.375509E-5
3836.7  -2.879287E-6
3839.3  4.780807E-5
3841.9  -1.252116E-5
3844.5  -6.226340E-5
3847.1  -6.618851E-5
3849.7  -5.661541E-5
3852.3  3.881662E-5
3854.9  -1.559410E-4
3857.5  7.415752E-6
3860.1  -1.273229E-4
3862.7  2.434423E-5
3865.3  9.443655E-6
3867.9  -3.597307E-5
3870.5  1.020101E-5
3873.1  -6.945259E-5
3875.7  1.907566E-5
3878.3  3.441734E-7
3880.9  1.773977E-5
3883.5  -6.787648E-5
3886.1  8.343267E-6
3888.7  -1.611399E-4
3891.3  -2.996166E-6
3893.9  -1.794592E-5
3896.5  1.053385E-5
3899.1  7.178839E-5
3901.7  -2.675240E-6
3904.3  1.342311E-5
3906.9  -7.258338E-5
3909.5  6.881833E-5
3912.1  -7.003567E-5
3914.7  -2.053735E-5
3917.3  -6.184776E-5
3919.9  4.536944E-5
3922.5  5.513573E-5
3925.1  3.640848E-5
3927.7  2.152934E-5
3930.3  -1.291969E-4
3932.9  -7.310644E-5
3935.5  1.972665E-5
3938.1  -5.242164E-6
3940.7  -1.237468E-4
3943.3  -1.274143E-4
3945.9  -9.266851E-6
3948.5  -3.370891E-5
3951.1  -7.215769E-5
3953.7  3.693464E-5
3956.3  -1.166848E-4
3958.9  -1.565626E-4
3961.5  1.040873E-4
3964.1  1.155639E-4
3966.7  7.162723E-5
3969.3  -4.917227E-5
3971.9  1.829306E-5
3974.5  -1.434691E-5
3977.1  6.718448E-5
3979.7  2.687027E-5
3982.3  6.344782E-5
3984.9  4.062933E-6
3987.5  -4.403567E-5
3990.1  3.575412E-6
3992.7  -7.740629E-6
3995.3  -1.174509E-5
3997.9  -6.804497E-5
4000.5  -1.431518E-4
4003.1  -3.297885E-6
4005.7  -1.512980E-4
4008.3  6.163995E-5
4010.9  4.115173E-5
4013.5  -1.819942E-5
4016.1  -2.925124E-5
4018.7  -7.751680E-5
4021.3  2.131169E-5
4023.9  6.739732E-5
4026.5  1.019405E-4
4029.1  -1.371371E-4
4031.7  7.680464E-5
4034.3  5.388431E-5
4036.9  -6.899680E-5
4039.5  -5.010671E-5
4042.1  2.606195E-5
4044.7  2.669997E-6
4047.3  -5.356158E-5
4049.9  -1.213659E-4
4052.5  3.401662E-5
4055.1  -9.880192E-5
4057.7  -1.035086E-4
4060.3  -8.310156E-5
4062.9  3.134418E-5
4065.5  -1.647813E-4
4068.1  6.366317E-5
4070.7  1.096783E-4
4073.3  1.659477E-4
4075.9  -3.590922E-5
4078.5  -1.551392E-5
4081.1  7.036804E-5
4083.7  -1.008468E-4
4086.3  -4.416204E-5
4088.9  -5.891846E-5
4091.5  -1.297273E-4
4094.1  -1.720697E-4
4096.7  7.890539E-5
4099.3  4.787478E-5
4101.9  -8.369071E-5
4104.5  -1.082954E-4
4107.1  -5.250415E-5
4109.7  2.182514E-5
4112.3  -8.429316E-5
4114.9  -1.245256E-4
4117.5  -7.656243E-5
4120.1  -2.489195E-5
4122.7  -1.733790E-4
4125.3  -6.906715E-5
4127.9  -5.297983E-5
4130.5  3.105088E-5
4133.1  3.009536E-5
4135.7  -8.896053E-5
4138.3  2.014710E-4
4140.9  6.678866E-6
4143.5  -4.281662E-7
4146.1  7.394449E-5
4148.7  -1.798954E-4
4151.3  3.663045E-5
4153.9  -5.957884E-5
4156.5  8.583712E-5
4159.1  -2.043750E-4
4161.7  -1.697208E-4
4164.3  5.740576E-5
4166.9  -2.505162E-5
4169.5  -2.533428E-4
4172.1  -3.076184E-5
4174.7  9.995152E-6
4177.3  -2.060797E-4
4179.9  -3.524924E-5
4182.5  5.414803E-6
4185.1  -5.990905E-5
4187.7  -9.911357E-6
4190.3  -1.183593E-4
4192.9  -3.729894E-5
4195.5  1.772112E-4
4198.1  -1.993030E-5
4200.7  -1.007073E-4
4203.3  1.308799E-5
4205.9  1.028055E-5
4208.5  -1.028556E-4
4211.1  8.846366E-5
4213.7  -5.856798E-5
4216.3  5.935577E-5
4218.9  -4.318879E-5
4221.5  9.297767E-5
4224.1  -1.366832E-4
4226.7  -3.428760E-5
4229.3  -5.751932E-5
4231.9  6.079299E-5
4234.5  -7.635989E-5
4237.1  -2.746838E-4
4239.7  -3.054822E-5
4242.3  -2.899593E-4
4244.9  -1.266854E-4
4247.5  -2.094400E-4
4250.1  -2.816243E-4
4252.7  -5.994754E-5
4255.3  1.956356E-4
4257.9  -8.233939E-5
4260.5  -8.404290E-6
4263.1  7.097746E-5
4265.7  -2.547953E-4
4268.3  -6.659369E-5
4270.9  -6.124927E-5
4273.5  -4.702330E-5
4276.1  -1.754292E-5
4278.7  -1.348791E-4
4281.3  1.715020E-4
4283.9  -2.602126E-4
4286.5  -1.558633E-5
4289.1  -1.285556E-4
4291.7  3.907352E-5
4294.3  -1.654985E-4
4296.9  -4.264863E-4
4299.5  -2.348998E-4
4302.1  -5.677547E-5
4304.7  -4.804791E-5
4307.3  -2.228046E-4
4309.9  -1.666066E-4
4312.5  -1.937739E-4
4315.1  -1.249786E-4
4317.7  4.647337E-4
4320.3  4.367561E-5
4322.9  -3.299192E-4
4325.5  2.926360E-4
4328.1  -2.050109E-5
4330.7  -1.405859E-4
4333.3  4.956866E-5
4335.9  -3.640098E-5
4338.5  1.577400E-4
4341.1  -6.521542E-6
4343.7  -1.118389E-4
4346.3  -9.663142E-6
4348.9  2.087233E-5
4351.5  -1.375564E-5
4354.1  1.281419E-4
4356.7  2.700150E-5
4359.3  6.046140E-5
4361.9  -3.343604E-5
4364.5  1.447014E-5
4367.1  1.508222E-4
4369.7  1.928770E-5
4372.3  -2.869254E-4
4374.9  -1.684903E-4
4377.5  3.677941E-5
4380.1  1.042181E-4
4382.7  -4.722845E-5
4385.3  -4.470471E-6
4387.9  -1.507177E-4
4390.5  3.186191E-5
4393.1  1.108261E-4
4395.7  -1.589150E-4
4398.3  3.063277E-4
4400.9  -2.531707E-4
4403.5  -6.547251E-4
4406.1  -1.896373E-4
4408.7  -2.355130E-4
4411.3  -4.617287E-5
4413.9  -2.986761E-4
4416.5  -5.022584E-4
4419.1  -3.266831E-5
4421.7  1.100167E-4
4424.3  1.334350E-4
4426.9  3.248475E-5
4429.5  1.243440E-4
4432.1  -1.331016E-4
4434.7  -6.392705E-4
4437.3  2.541901E-4
4439.9  -2.502816E-5
4442.5  -1.383972E-4
4445.1  9.045322E-5
4447.7  -4.672313E-5
4450.3  -5.221035E-4
4452.9  -2.049792E-4
4455.5  2.089385E-4
4458.1  -3.004323E-4
4460.7  -1.952170E-4
4463.3  -1.093723E-4
4465.9  -2.124093E-4
4468.5  1.795718E-4
4471.1  -5.944947E-5
4473.7  -2.451091E-4
4476.3  -6.097040E-4
4478.9  -0.001107769
4481.5  -1.400561E-4
4484.1  -9.536993E-4
4486.7  -4.151057E-4
4489.3  -1.696630E-4
4491.9  -3.601442E-4
4494.5  2.584428E-4
4497.1  -6.143887E-4
4499.7  2.700585E-5
4502.3  -8.940189E-4
4504.9  -3.326519E-4
4507.5  -1.567731E-4
4510.1  -2.382279E-4
4512.7  -1.545359E-5
4515.3  1.085165E-4
4517.9  9.197601E-4
4520.5  -6.839500E-5
4523.1  -9.500325E-4
4525.7  2.319279E-4
4528.3  4.599222E-4
4530.9  2.502449E-4
4533.5  1.695880E-4
4536.1  -1.614860E-5
4538.7  -4.958008E-4
4541.3  -3.737751E-4
4543.9  -4.359864E-4
4546.5  2.016894E-4
4549.1  -2.234093E-4
4551.7  1.735865E-4
4554.3  -3.913816E-4
4556.9  -0.001345547
4559.5  -0.001452419
4562.1  -0.001319853
4564.7  -2.975714E-4
4567.3  -0.001073038
4569.9  -8.470848E-4
4572.5  -8.793144E-4
4575.1  8.142198E-5
4577.7  4.137120E-5
4580.3  -2.114883E-4
4582.9  2.932060E-4
4585.5  -1.721029E-4
4588.1  3.129998E-4
4590.7  8.338168E-4
4593.3  1.952812E-4
4595.9  -7.546274E-4
4598.5  -3.203661E-4
4601.1  -5.428248E-4
4603.7  -0.001289134
4606.3  6.134350E-7
4608.9  -9.592462E-4
4611.5  -6.657735E-4
4614.1  -0.001400806
4616.7  -6.088752E-4
4619.3  -2.997837E-4
4621.9  -0.001277891
4624.5  3.518632E-5
4627.1  -1.902622E-4
4629.7  -5.809714E-4
4632.3  -0.001403173
4634.9  -7.044812E-4
4637.5  -0.002613625
4640.1  -0.003325725
4642.7  -0.002415006
4645.3  -0.00124709
4647.9  -0.003211986
4650.5  -0.001259152
4653.1  0.001401707
4655.7  -0.002073318
4658.3  -0.009578022
4660.9  -0.007614649
4663.5  -0.00375579
4666.1  -0.007251029
4668.7  -0.03236251
4671.3  -0.07240585
4673.9  0.4469367
4676.5  0.06938
4679.1  0.0557882
4681.7  0.02972413
4684.3  0.03090453
4686.9  0.02994681
4689.5  0.02849253
4692.1  0.02408643
4694.7  0.03199508
4697.3  0.02584123
4699.9  0.02408998
4702.5  0.02321453
4705.1  0.03075479
4707.7  0.03410768
4710.3  0.04147745
4712.9  0.04898493
4715.5  0.04466386
4718.1  0.04514723
4720.7  0.04699631
4723.3  0.05054744
4725.9  0.05384833
4728.5  0.06441198
4731.1  0.05707462
4733.7  0.06771415
4736.3  0.07666832
4738.9  0.08293801
4741.5  0.08780275
4744.1  0.0900668
4746.7  0.09845196
4749.3  0.1066661
4751.9  0.1196458
4754.5  0.1404387
4757.1  0.1339099
4759.7  0.1394263
4762.3  0.1339684
4764.9  0.148832
4767.5  0.160263
4770.1  0.1763843
4772.7  0.2065036
4775.3  0.2261575
4777.9  0.2172408
4780.5  0.2201363
4783.1  0.2275422
4785.7  0.2345749
4788.3  0.2351467
4790.9  0.2645013
4793.5  0.2932115
4796.1  0.2827405
4798.7  0.2955793
4801.3  0.3018844
4803.9  0.2882523
4806.5  0.3335613
4809.1  0.3483639
4811.7  0.3881553
4814.3  0.3842052
4816.9  0.4178414
4819.5  0.4251025
4822.1  0.4086493
4824.7  0.397731
4827.3  0.440085
4829.9  0.439781
4832.5  0.4112207
4835.1  0.4762758
4837.7  0.5009413
4840.3  0.5475043
4842.9  0.5172499
4845.5  0.5835165
4848.1  0.573642
4850.7  0.5450183
4853.3  0.560622
4855.9  0.4994969
4858.5  0.4707321
4861.1  0.4720334
4863.7  0.5547085
4866.3  0.5460345
4868.9  0.5139087
4871.5  0.5750905
4874.1  0.585282
4876.7  0.590035
4879.3  0.5982576
4881.9  0.5783705
4884.5  0.5685393
4887.1  0.5651346
4889.7  0.596313
4892.3  0.6474334
4894.9  0.659619
4897.5  0.6877904
4900.1  0.6800068
4902.7  0.7742627
4905.3  0.7348437
4907.9  0.7062185
4910.5  0.7490489
4913.1  0.7981445
4915.7  0.7795464
4918.3  0.7111961
4920.9  0.7853855
4923.5  0.810452
4926.1  0.87964
4928.7  0.8923722
4931.3  0.8363771
4933.9  0.8650694
4936.5  0.8465184
4939.1  0.9088557
4941.7  0.9029207
4944.3  0.9740448
4946.9  0.9418603
4949.5  0.9207951
4952.1  0.9355406
4954.7  0.8764294
4957.3  0.9310708
4959.9  0.9358434
4962.5  0.8534732
4965.1  0.9311627
4967.7  0.8929191
4970.3  0.8968623
4972.9  0.8990362
4975.5  0.8288649
4978.1  0.8504965
4980.7  0.8231615
4983.3  0.9308529
4985.9  0.9301565
4988.5  0.9330152
4991.1  1.009324
4993.7  0.9764134
4996.3  1.008563
4998.9  0.9673787
5001.5  0.9350492
5004.1  0.9064162
5006.7  0.9282312
5009.3  0.8695251
5011.9  0.9729984
5014.5  0.9840291
5017.1  0.9294566
5019.7  0.9727302
5022.3  1.007218
5024.9  0.9662718
5027.5  1.013276
5030.1  1.029048
5032.7  0.9835244
5035.3  0.9817926
5037.9  0.8092164
5040.5  0.9951372
5043.1  1.022458
5045.7  0.9713887
5048.3  0.9900271
5050.9  0.9993547
5053.5  1.048004
5056.1  1.065322
5058.7  1.143877
5061.3  1.075268
5063.9  0.9353234
5066.5  1.02125
5069.1  1.012506
5071.7  1.054165
5074.3  1.090937
5076.9  0.9668775
5079.5  1.000093
5082.1  1.042006
5084.7  1.009497
5087.3  1.030579
5089.9  1.116727
5092.5  1.083997
5095.1  1.015794
5097.7  1.049361
5100.3  1.001832
5102.9  0.9655359
5105.5  0.9892856
5108.1  0.9877915
5110.7  0.9950423
5113.3  1.033605
5115.9  1.0615
5118.5  1.019322
5121.1  0.9560145
5123.7  0.9247875
5126.3  0.9592402
5128.9  0.9737592
5131.5  1.035378
5134.1  0.9753053
5136.7  0.941976
5139.3  0.9861462
5141.9  1.018743
5144.5  0.9388783
5147.1  0.9352936
5149.7  0.950994
5152.3  0.9867747
5154.9  1.037811
5157.5  1.022636
5160.1  0.9933339
5162.7  0.8725196
5165.3  0.8368663
5167.9  0.8059759
5170.5  0.8059816
5173.1  0.934693
5175.7  1.031007
5178.3  0.9531845
5180.9  0.8742889
5183.5  0.8782363
5186.1  0.9343807
5188.7  0.9568695
5191.3  0.9774908
5193.9  0.9950529
5196.5  1.054464
5199.1  1.069672
5201.7  1.02677
5204.3  0.9478585
5206.9  0.9263741
5209.5  1.034553
5212.1  0.9872497
5214.7  0.9360311
5217.3  1.061262
5219.9  1.04879
5222.5  0.9498791
5225.1  0.9836308
5227.7  1.007312
5230.3  0.9912824
5232.9  1.046956
5235.5  1.107494
5238.1  1.113862
5240.7  1.08501
5243.3  1.094608
5245.9  1.095381
5248.5  1.04176
5251.1  1.120262
5253.7  1.118525
5256.3  1.073926
5258.9  1.029464
5261.5  0.930115
5264.1  0.8593274
5266.7  0.8371355
5269.3  0.8584453
5271.9  0.8764763
5274.5  0.9604689
5277.1  1.017859
5279.7  0.9144094
5282.3  0.9827709
5284.9  1.137638
5287.5  1.082545
5290.1  1.100245
5292.7  0.962655
5295.3  0.9430012
5297.9  0.9812877
5300.5  0.9802659
5303.1  1.067664
5305.7  1.089506
5308.3  1.098141
5310.9  1.105696
5313.5  1.061817
5316.1  1.053827
5318.7  1.118497
5321.3  1.028056
5323.9  0.9506981
5326.5  0.9516925
5329.1  0.994406
5331.7  1.086648
5334.3  1.106257
5336.9  1.060444
5339.5  1.00328
5342.1  1.094666
5344.7  1.053554
5347.3  1.051039
5349.9  1.106154
5352.5  1.115743
5355.1  1.136186
5357.7  1.128741
5360.3  1.147215
5362.9  1.053602
5365.5  1.029238
5368.1  0.9649404
5370.7  1.034158
5373.3  1.122059
5375.9  1.095178
5378.5  1.08131
5381.1  1.082007
5383.7  1.073673
5386.3  1.043682
5388.9  1.013354
5391.5  1.016803
5394.1  0.9708511
5396.7  0.9357067
5399.3  0.9653007
5401.9  0.9492849
5404.5  0.9694268
5407.1  0.9416035
5409.7  0.9638633
5412.3  0.9858153
5414.9  1.031562
5417.5  1.121599
5420.1  1.090917
5422.7  1.025762
5425.3  1.011206
5427.9  1.044873
5430.5  1.006376
5433.1  1.030374
5435.7  1.062871
5438.3  1.088898
5440.9  1.1043
5443.5  1.038716
5446.1  1.026337
5448.7  1.027285
5451.3  0.998906
5453.9  0.9789231
5456.5  1.001613
5459.1  1.029368
5461.7  0.9588119
5464.3  1.0204
5466.9  0.9877242
5469.5  0.9849487
5472.1  1.000588
5474.7  0.9536031
5477.3  0.8867413
5479.9  0.8769441
5482.5  0.8838894
5485.1  0.9256188
5487.7  0.9264789
5490.3  0.8808987
5492.9  0.9915034
5495.5  0.9903864
5498.1  0.9492896
5500.7  0.9283747
5503.3  0.9401125
5505.9  0.9121776
5508.5  0.9438037
5511.1  0.9523502
5513.7  1.019948
5516.3  0.9680858
5518.9  0.9815168
5521.5  1.020135
5524.1  0.9789701
5526.7  0.9574338
5529.3  1.015096
5531.9  1.035158
5534.5  1.011475
5537.1  1.031542
5539.7  1.036738
5542.3  1.014138
5544.9  1.012948
5547.5  1.049585
5550.1  0.984099
5552.7  0.9906511
5555.3  0.9900582
5557.9  1.003616
5560.5  0.9636102
5563.1  0.9171185
5565.7  0.9289087
5568.3  0.8713074
5570.9  0.9264154
5573.5  0.9416232
5576.1  0.8806254
5578.7  0.8908815
5581.3  0.8551124
5583.9  0.8356417
5586.5  0.8283855
5589.1  0.7653032
5591.7  0.7742664
5594.3  0.8398695
5596.9  0.8244373
5599.5  0.7716872
5602.1  0.8424291
5604.7  0.844263
5607.3  0.9375076
5609.9  0.8569402
5612.5  0.8203495
5615.1  0.8100379
5617.7  0.8793424
5620.3  0.850136
5622.9  0.8548714
5625.5  0.9402544
5628.1  0.9049454
5630.7  0.9259318
5633.3  0.9476423
5635.9  0.9488745
5638.5  0.9113761
5641.1  0.9230075
5643.7  0.9281
5646.3  0.9594647
5648.9  0.9928893
5651.5  1.00996
5654.1  1.035473
5656.7  0.9841344
5659.3  0.9389991
5661.9  1.007135
5664.5  0.9528584
5667.1  0.9383827
5669.7  0.9973931
5672.3  1.024668
5674.9  0.9839545
5677.5  0.9717327
5680.1  0.9741138
5682.7  0.9952807
5685.3  0.9494621
5687.9  0.9425448
5690.5  0.9781134
5693.1  0.9307072
5695.7  0.961173
5698.3  0.943086
5700.9  0.8938314
5703.5  0.8983726
5706.1  0.8573043
5708.7  0.8449798
5711.3  0.846635
5713.9  0.8751991
5716.5  0.9549934
5719.1  0.9561155
5721.7  1.005521
5724.3  1.012275
5726.9  0.95786
5729.5  0.9746437
5732.1  1.025574
5734.7  1.024218
5737.3  0.999034
5739.9  0.9550396
5742.5  0.9528676
5745.1  0.9571854
5747.7  1.016612
5750.3  0.9741296
5752.9  0.9848018
5755.5  0.9933947
5758.1  0.9885367
5760.7  1.00901
5763.3  1.046495
5765.9  1.005165
5768.5  0.9680685
5771.1  1.074179
5773.7  0.9937414
5776.3  0.9391702
5778.9  0.9204113
5781.5  0.9432302
5784.1  0.9527917
5786.7  0.8943036
5789.3  0.9854585
5791.9  0.9695687
5794.5  0.9116004
5797.1  0.9157587
5799.7  0.9476195
5802.3  0.9147882
5804.9  0.933894
5807.5  0.9328705
5810.1  0.9170879
5812.7  0.9559827
5815.3  0.9172999
5817.9  0.9378149
5820.5  0.9229397
5823.1  0.9328626
5825.7  1.006838
5828.3  0.960875
5830.9  0.9545826
5833.5  0.9507949
5836.1  0.9340721
5838.7  1.016605
5841.3  0.9825884
5843.9  1.013456
5846.5  0.9468703
5849.1  0.9509751
5851.7  0.9813905
5854.3  0.9800536
5856.9  0.9224665
5859.5  0.9314624
5862.1  0.9488626
5864.7  0.9494166
5867.3  1.01542
5869.9  0.9965255
5872.5  1.033846
5875.1  0.9978378
5877.7  0.9921443
5880.3  0.9763561
5882.9  0.9840128
5885.5  0.788784
5888.1  0.7374423
5890.7  0.7441636
5893.3  0.7283956
5895.9  0.7440777
5898.5  0.9230995
5901.1  0.8772265
5903.7  0.90863
5906.3  0.9261921
5908.9  0.9965848
5911.5  0.9077291
5914.1  0.9525743
5916.7  0.9903902
5919.3  0.9729448
5921.9  0.9581593
5924.5  0.9455607
5927.1  0.8865397
5929.7  0.9204829
5932.3  0.9243124
5934.9  0.9474768
5937.5  0.9186823
5940.1  0.8924108
5942.7  0.9497453
5945.3  0.8995225
5947.9  0.9467625
5950.5  0.8810433
5953.1  0.8686076
5955.7  0.9009985
5958.3  0.9713518
5960.9  0.9581199
5963.5  0.9458597
5966.1  0.9477535
5968.7  1.004163
5971.3  0.9786097
5973.9  0.9322246
5976.5  1.024
5979.1  1.018171
5981.7  0.9957823
5984.3  0.9977419
5986.9  0.9969901
5989.5  1.002721
5992.1  0.9987177
5994.7  0.9973599
5997.3  0.9564333
5999.9  0.9699709
6002.5  0.9983713
6005.1  0.9688936
6007.7  1.004022
6010.3  0.9602052
6012.9  0.98033
6015.5  0.9672847
6018.1  0.9668883
6020.7  0.9620943
6023.3  0.9656115
6025.9  0.9698717
6028.5  0.9887678
6031.1  1.01295
6033.7  0.9964644
6036.3  0.9806324
6038.9  0.9711761
6041.5  0.9708474
6044.1  0.9651496
6046.7  1.006487
6049.3  0.9870904
6051.9  0.9640294
6054.5  0.9689732
6057.1  0.974959
6059.7  0.948951
6062.3  0.9449061
6064.9  0.9539363
6067.5  0.9611011
6070.1  0.9843593
6072.7  0.9771145
6075.3  0.9545572
6077.9  0.9482147
6080.5  0.9511673
6083.1  0.9591386
6085.7  0.953681
6088.3  0.9364219
6090.9  0.9685494
6093.5  0.9663697
6096.1  0.9694518
6098.7  0.9491009
6101.3  0.9392635
6103.9  0.9630743
6106.5  1.000615
6109.1  0.9920653
6111.7  0.9759954
6114.3  0.976966
6116.9  0.9620566
6119.5  0.9383819
6122.1  0.9516188
6124.7  0.9631121
6127.3  0.9573633
6129.9  0.9669579
6132.5  0.9531525
6135.1  0.9046112
6137.7  0.915925
6140.3  0.9258173
6142.9  0.9367169
6145.5  0.9204178
6148.1  0.9366867
6150.7  0.9373432
6153.3  0.904323
6155.9  0.9062855
6158.5  0.8789915
6161.1  0.8495879
6163.7  0.870177
6166.3  0.8667568
6168.9  0.8665593
6171.5  0.8779876
6174.1  0.9021634
6176.7  0.891393
6179.3  0.9365659
6181.9  0.9119785
6184.5  0.8776379
6187.1  0.8867427
6189.7  0.8869215
6192.3  0.9177263
6194.9  0.9139501
6197.5  0.9066468
6200.1  0.9020656
6202.7  0.9186471
6205.3  0.955845
6207.9  0.9421948
6210.5  0.9319484
6213.1  0.9087998
6215.7  0.9067512
6218.3  0.907645
6220.9  0.9318721
6223.5  0.9464105
6226.1  0.954542
6228.7  0.9545333
6231.3  0.9543542
6233.9  0.9521335
6236.5  0.9617323
6239.1  0.9903046
6241.7  0.9020477
6244.3  0.926707
6246.9  0.9887062
6249.5  0.9597223
6252.1  0.9391249
6254.7  0.9085135
6257.3  0.9512095
6259.9  0.9552498
6262.5  0.9777428
6265.1  0.9747991
6267.7  0.9962125
6270.3  0.9355586
6272.9  0.9779034
6275.5  0.95724
6278.1  0.8720143
6280.7  0.8916416
6283.3  0.9120312
6285.9  0.9508325
6288.5  0.9500355
6291.1  0.950545
6293.7  0.8834551
6296.3  0.9122104
6298.9  0.947485
6301.5  0.9438151
6304.1  0.9852578
6306.7  0.9980209
6309.3  0.9144984
6311.9  0.9477262
6314.5  0.9196116
6317.1  0.9005083
6319.7  0.9303147
6322.3  0.9221461
6324.9  0.9604104
6327.5  0.9680103
6330.1  0.9811324
6332.7  0.9615917
6335.3  0.9454969
6337.9  0.9491192
6340.5  0.9602864
6343.1  0.9559311
6345.7  0.9626997
6348.3  0.9820299
6350.9  0.9794639
6353.5  0.9823513
6356.1  0.964788
6358.7  0.9287868
6361.3  0.9300125
6363.9  0.9612162
6366.5  1.002027
6369.1  1.015268
6371.7  1.023899
6374.3  1.010547
6376.9  1.015275
6379.5  1.012673
6382.1  1.013195
6384.7  1.02929
6387.3  1.028064
6389.9  1.023928
6392.5  1.01386
6395.1  1.013734
6397.7  1.000251
6400.3  1.00316
6402.9  1.015423
6405.5  0.9995567
6408.1  0.9937316
6410.7  0.9978195
6413.3  1.000242
6415.9  0.9797922
6418.5  0.9896879
6421.1  1.028748
6423.7  1.031257
6426.3  1.009195
6428.9  0.9926233
6431.5  1.015826
6434.1  1.011889
6436.7  0.987832
6439.3  1.007254
6441.9  1.030725
6444.5  1.012802
6447.1  0.9857295
6449.7  0.9779734
6452.3  0.9795094
6454.9  0.9929774
6457.5  0.9831868
6460.1  0.9878033
6462.7  0.9972813
6465.3  1.002697
6467.9  1.010343
6470.5  1.017287
6473.1  1.039361
6475.7  1.023077
6478.3  1.014495
6480.9  1.020492
6483.5  1.030647
6486.1  1.0329
6488.7  1.015535
6491.3  0.9572656
6493.9  0.9353859
6496.5  0.9578029
6499.1  0.9905179
6501.7  1.018005
6504.3  1.046617
6506.9  1.057327
6509.5  1.044095
6512.1  1.049341
6514.7  1.034834
6517.3  1.028261
6519.9  1.048147
6522.5  1.029891
6525.1  1.031211
6527.7  1.035629
6530.3  1.02116
6532.9  1.048368
6535.5  1.055755
6538.1  1.045815
6540.7  1.028903
6543.3  1.030576
6545.9  1.04437
6548.5  1.04785
6551.1  1.007974
6553.7  0.99085
6556.3  0.9516184
6558.9  0.8492491
6561.5  0.8199
6564.1  0.9037648
6566.7  0.9030908
6569.3  0.9751245
6571.9  0.9959984
6574.5  1.019044
6577.1  1.026944
6579.7  1.028112
6582.3  1.019624
6584.9  1.03438
6587.5  1.008221
6590.1  0.9873042
6592.7  0.9994581
6595.3  1.005527
6597.9  1.008566
6600.5  1.019992
6603.1  1.027269
6605.7  1.008944
6608.3  1.015731
6610.9  1.032681
6613.5  1.040265
6616.1  1.044289
6618.7  1.048726
6621.3  1.03797
6623.9  1.04567
6626.5  1.037075
6629.1  1.024827
6631.7  0.9916231
6634.3  1.020481
6636.9  1.039227
6639.5  1.039846
6642.1  1.041138
6644.7  1.03745
6647.3  1.059986
6649.9  1.064255
6652.5  1.081889
6655.1  1.078977
6657.7  1.050161
6660.3  1.025705
6662.9  1.025422
6665.5  1.055981
6668.1  1.0649
6670.7  1.07601
6673.3  1.066069
6675.9  1.046637
6678.5  1.060624
6681.1  1.068602
6683.7  1.074268
6686.3  1.075102
6688.9  1.081986
6691.5  1.072063
6694.1  1.045654
6696.7  1.060349
6699.3  1.061906
6701.9  1.03847
6704.5  0.9481334
6707.1  0.9506209
6709.7  1.051808
6712.3  1.001207
6714.9  1.018993
6717.5  1.068311
6720.1  1.047293
6722.7  1.038902
6725.3  1.05615
6727.9  1.062101
6730.5  1.058618
6733.1  1.052176
6735.7  1.034247
6738.3  1.022081
6740.9  1.048885
6743.5  1.03598
6746.1  1.037513
6748.7  1.029957
6751.3  1.040883
6753.9  1.04473
6756.5  1.061813
6759.1  1.054653
6761.7  1.052813
6764.3  1.054499
6766.9  1.053496
6769.5  1.045481
6772.1  1.057957
6774.7  1.061115
6777.3  1.064201
6779.9  1.048166
6782.5  1.047631
6785.1  1.05986
6787.7  1.053491
6790.3  1.053926
6792.9  1.061908
6795.5  1.072197
6798.1  1.071505
6800.7  1.050459
6803.3  1.047375
6805.9  1.054581
6808.5  1.055835
6811.1  1.065103
6813.7  1.067385
6816.3  1.071327
6818.9  1.075147
6821.5  1.075859
6824.1  1.072129
6826.7  1.074483
6829.3  1.084468
6831.9  1.077626
6834.5  1.042842
6837.1  1.028913
6839.7  0.9669415
6842.3  1.046935
6844.9  1.053305
6847.5  1.071937
6850.1  1.055223
6852.7  1.035493
6855.3  1.047718
6857.9  1.041821
6860.5  1.034643
6863.1  0.9067492
6865.7  0.8671164
6868.3  0.8040991
6870.9  0.8314051
6873.5  0.8612613
6876.1  0.942468
6878.7  0.9402125
6881.3  0.9457036
6883.9  0.9417979
6886.5  0.9476213
6889.1  0.9387143
6891.7  0.9406313
6894.3  0.9531689
6896.9  0.9659535
6899.5  0.9665969
6902.1  0.9700033
6904.7  0.977271
6907.3  0.9532745
6909.9  0.9976842
6912.5  0.9684146
6915.1  0.9809814
6917.7  1.020847
6920.3  0.9923755
6922.9  1.019747
6925.5  1.028477
6928.1  1.016272
6930.7  1.017824
6933.3  1.030751
6935.9  1.044706
6938.5  1.048172
6941.1  1.017765
6943.7  1.013734
6946.3  1.027674
6948.9  1.020516
6951.5  0.9950247
6954.1  1.030847
6956.7  1.052791
6959.3  1.014975
6961.9  1.033879
6964.5  1.040234
6967.1  1.049194
6969.7  1.051604
6972.3  1.009689
6974.9  0.9801754
6977.5  0.9927722
6980.1  1.013114
6982.7  1.019516
6985.3  1.041864
6987.9  1.049486
6990.5  1.044491
6993.1  1.035155
6995.7  1.010843
6998.3  1.022003
7000.9  1.003879
7003.5  1.009587
7006.1  1.000508
7008.7  1.014736
7011.3  0.9968305
7013.9  1.004547
7016.5  1.01338
7019.1  1.005558
7021.7  1.009466
7024.3  1.00374
7026.9  1.02615
7029.5  1.015792
7032.1  1.008136
7034.7  1.022852
7037.3  1.020244
7039.9  1.027269
7042.5  1.06286
7045.1  1.055313
7047.7  1.038651
7050.3  1.028838
7052.9  1.024343
7055.5  1.027907
7058.1  1.02211
7060.7  1.025867
7063.3  1.015114
7065.9  1.019141
7068.5  1.027628
7071.1  1.030799
7073.7  1.034894
7076.3  1.033573
7078.9  1.026266
7081.5  1.012484
7084.1  1.026935
7086.7  1.031356
7089.3  1.032722
7091.9  1.014688
7094.5  1.028202
7097.1  1.043837
7099.7  1.049423
7102.3  1.036926
7104.9  1.033342
7107.5  1.031009
7110.1  1.011982
7112.7  1.015375
7115.3  1.025412
7117.9  0.9952649
7120.5  1.011972
7123.1  1.010806
7125.7  1.005492
7128.3  0.9986156
7130.9  0.9956428
7133.5  1.033421
7136.1  1.029333
7138.7  1.012342
7141.3  1.002684
7143.9  0.9876888
7146.5  0.9971822
7149.1  0.9926677
7151.7  0.9892715
7154.3  1.008267
7156.9  1.004931
7159.5  0.9825479
7162.1  0.9735341
7164.7  0.9769428
7167.3  0.9802119
7169.9  0.9903612
7172.5  1.002666
7175.1  0.9905934
7177.7  0.9525432
7180.3  0.939757
7182.9  0.9220648
7185.5  0.9211785
7188.1  0.9302021
7190.7  0.942786
7193.3  0.959848
7195.9  0.955768
7198.5  0.9707038
7201.1  0.9707817
7203.7  0.9528158
7206.3  0.9577307
7208.9  0.9744434
7211.5  0.9782217
7214.1  0.9878411
7216.7  0.9802931
7219.3  0.9638994
7221.9  0.9619428
7224.5  0.9604797
7227.1  0.9732095
7229.7  0.9812733
7232.3  0.9927038
7234.9  0.9745842
7237.5  0.9815395
7240.1  0.9811032
7242.7  0.9819586
7245.3  0.9950244
7247.9  0.9733155
7250.5  0.9699772
7253.1  0.9976913
7255.7  0.988794
7258.3  0.970422
7260.9  0.9687321
7263.5  0.9877856
7266.1  0.9989657
7268.7  0.9790965
7271.3  0.9807143
7273.9  0.9637621
7276.5  0.9818956
7279.1  0.9569914
7281.7  0.9559798
7284.3  0.9417217
7286.9  0.9294682
7289.5  0.9364125
7292.1  0.9662282
7294.7  0.9732861
7297.3  0.969938
7299.9  0.9788851
7302.5  0.9595786
7305.1  0.9530324
7307.7  0.9387375
7310.3  0.9603621
7312.9  0.957072
7315.5  0.9542989
7318.1  0.971531
7320.7  0.9738311
7323.3  0.9402384
7325.9  0.9563417
7328.5  0.9474841
7331.1  0.9573652
7333.7  0.9680967
7336.3  0.9857113
7338.9  0.9698241
7341.5  0.9521552
7344.1  0.9525287
7346.7  0.9415517
7349.3  0.9534866
7351.9  0.9441475
7354.5  0.9390735
7357.1  0.9446527
7359.7  0.9434964
7362.3  0.9468517
7364.9  0.9526818
7367.5  0.9501634
7370.1  0.9615099
7372.7  0.952765
7375.3  0.9770948
7377.9  0.9714572
7380.5  1.055193
7383.1  0.9195711
7385.7  0.907016
7388.3  0.935763
7390.9  0.9349602
7393.5  0.9301212
7396.1  0.9540113
7398.7  0.9480188
7401.3  0.9376502
7403.9  0.9405904
7406.5  0.9401596
7409.1  0.9307977
7411.7  0.9137905
7414.3  0.9298592
7416.9  0.9260159
7419.5  0.9141697
7422.1  0.9271932
7424.7  0.9488204
7427.3  0.9552304
7429.9  0.9635194
7432.5  0.9720932
7435.1  0.953185
7437.7  0.9544235
7440.3  0.9453765
7442.9  0.9451432
7445.5  0.9454595
7448.1  0.9657214
7450.7  0.9785984
7453.3  0.9711356
7455.9  0.9748146
7458.5  1.034644
7461.1  0.972414
7463.7  0.9725412
7466.3  0.9679908
7468.9  0.9779507
7471.5  1.048298
7474.1  0.9658561
7476.7  0.9638338
7479.3  1.073474
7481.9  0.9630315
7484.5  0.9742035
7487.1  0.9744641
7489.7  1.045696
7492.3  0.9484813
7494.9  0.9659336
7497.5  0.9776789
7500.1  1.077956
7502.7  1.07228
7505.3  1.040441
7507.9  1.020773
7510.5  1.068425
7513.1  0.9818972
7515.7  0.9991943
7518.3  1.066773
7520.9  0.9739759
7523.5  0.9735274
7526.1  1.042275
7528.7  0.976563
7531.3  0.984919
7533.9  1.0786
7536.5  1.057012
7539.1  1.002274
7541.7  0.9896041
7544.3  0.9759105
7546.9  0.9848027
7549.5  0.987661
7552.1  1.040936
7554.7  1.042284
7557.3  1.0333
7559.9  0.9833236
7562.5  0.985347
7565.1  1.021718
7567.7  1.035905
7570.3  1.021993
7572.9  1.020385
7575.5  1.009394
7578.1  1.039596
7580.7  0.9783075
7583.3  0.9988084
7585.9  0.9560792
7588.5  0.9100887
7591.1  0.6814911
7593.7  0.5155396
7596.3  0.3964858
7598.9  0.317946
7601.5  0.2999727
7604.1  0.2934149
7606.7  0.33924
7609.3  0.4463452
7611.9  0.6074656
7614.5  0.679022
7617.1  0.7039343
7619.7  0.6343101
7622.3  0.6070182
7624.9  0.5412908
7627.5  0.5364366
7630.1  0.5565309
7632.7  0.5722166
7635.3  0.602846
7637.9  0.6273697
7640.5  0.6562514
7643.1  0.6859637
7645.7  0.7222739
7648.3  0.7293005
7650.9  0.7628243
7653.5  0.7781165
7656.1  0.7793416
7658.7  0.7986341
7661.3  0.8317855
7663.9  0.8589427
7666.5  0.8805321
7669.1  0.9104002
7671.7  0.9346886
7674.3  0.9646648
7676.9  0.9672584
7679.5  0.972564
7682.1  0.9786833
7684.7  0.9676573
7687.3  0.9618962
7689.9  0.9684665
7692.5  0.9668365
7695.1  0.96299
7697.7  0.9737734
7700.3  0.9985839
7702.9  1.000489
7705.5  0.9906413
7708.1  0.968318
7710.7  0.9628209
7713.3  0.968596
7715.9  0.9784549
7718.5  0.9735671
7721.1  0.9769271
7723.7  0.9907892
7726.3  0.9859732
7728.9  0.9812865
7731.5  0.9966685
7734.1  1.009771
7736.7  0.9965866
7739.3  0.989992
7741.9  0.9739778
7744.5  0.9603848
7747.1  0.9695457
7749.7  0.9910917
7752.3  0.9965582
7754.9  0.9895028
7757.5  0.9918912
7760.1  0.9977956
7762.7  1.003768
7765.3  1.013731
7767.9  0.9994242
7770.5  0.993403
7773.1  1.000984
7775.7  0.9845181
7778.3  0.9837552
7780.9  1.012682
7783.5  0.9967002
7786.1  0.9873691
7788.7  1.021019
7791.3  1.022122
7793.9  1.002182
7796.5  1.000791
7799.1  1.01035
7801.7  1.006406
7804.3  1.000987
7806.9  1.001205
7809.5  1.001894
7812.1  1.017523
7814.7  1.032926
7817.3  1.034907
7819.9  1.031268
7822.5  1.02164
7825.1  1.026139
7827.7  1.008808
7830.3  0.9990333
7832.9  1.000254
7835.5  1.016628
7838.1  1.025711
7840.7  1.02363
7843.3  1.025033
7845.9  1.014586
7848.5  1.010179
7851.1  1.016407
7853.7  1.030315
7856.3  1.031729
7858.9  1.038463
7861.5  1.044586
7864.1  1.038683
7866.7  1.023088
7869.3  1.016278
7871.9  1.016149
7874.5  1.01507
7877.1  1.005691
7879.7  1.0034
7882.3  1.023753
7884.9  1.029362
7887.5  1.019725
7890.1  1.009361
7892.7  1.018303
7895.3  1.019381
7897.9  1.009245
7900.5  1.010341
7903.1  1.009082
7905.7  1.022308
7908.3  1.018395
7910.9  0.9942695
7913.5  0.9858864
7916.1  0.9821436
7918.7  0.9992737
7921.3  0.9879276
7923.9  0.9863842
7926.5  0.9705595
7929.1  0.9781541
7931.7  0.9912311
7934.3  0.9703641
7936.9  0.9757527
7939.5  0.9649602
7942.1  0.9624627
7944.7  0.9881271
7947.3  0.9996592
7949.9  1.015508
7952.5  1.015106
7955.1  1.014179
7957.7  1.015307
7960.3  1.02327
7962.9  1.040703
7965.5  1.040407
7968.1  1.02321
7970.7  1.034508
7973.3  1.031048
7975.9  1.030152
7978.5  1.037689
7981.1  1.034913
7983.7  1.039944
7986.3  1.047503
7988.9  1.029101
7991.5  1.024344
7994.1  1.02328
7996.7  1.012194
7999.3  1.022081
8001.9  1.033244
8004.5  1.032856
8007.1  1.037357
8009.7  1.033727
8012.3  1.048438
8014.9  1.051279
8017.5  1.044401
8020.1  1.036957
8022.7  1.012692
8025.3  1.009171
8027.9  1.021582
8030.5  1.037188
8033.1  1.040547
8035.7  1.046959
8038.3  1.047891
8040.9  1.013321
8043.5  0.9934697
8046.1  0.9893134
8048.7  1.004543
8051.3  1.012928
8053.9  1.027956
8056.5  1.029016
8059.1  1.036913
8061.7  1.040139
8064.3  1.01554
8066.9  0.9993936
8069.5  1.001984
8072.1  1.007443
8074.7  1.012171
8077.3  0.9947597
8079.9  1.001802
8082.5  0.9983425
8085.1  0.9858931
8087.7  0.9866058
8090.3  0.9637551
8092.9  0.9739109
8095.5  0.9777539
8098.1  0.9885013
8100.7  0.9869969
8103.3  0.9810342
8105.9  0.9771158
8108.5  0.9785354
8111.1  0.9818466
8113.7  0.9839447
8116.3  0.9877761
8118.9  0.999378
8121.5  0.9970949
8124.1  0.9888263
8126.7  0.9730621
8129.3  0.9767214
8131.9  0.9751964
8134.5  0.972901
8137.1  0.9728289
8139.7  0.9749422
8142.3  0.9758446
8144.9  0.9677981
8147.5  0.9631678
8150.1  0.9590037
8152.7  0.9779077
8155.3  0.9732913
8157.9  0.9464011
8160.5  0.9610129
8163.1  0.9686349
8165.7  0.9618431
8168.3  0.961609
8170.9  0.9749916
8173.5  0.9652284
8176.1  0.9604926
8178.7  0.9428116
8181.3  0.9458991
8183.9  0.9598044
8186.5  0.9679627
8189.1  0.9404047
8191.7  0.9130766
8194.3  0.9415717
8196.9  0.9530283
8199.5  0.9788089
8202.1  0.9866383
8204.7  0.988293
8207.3  0.9890677
8209.9  0.9638553
8212.5  0.9754674
8215.1  0.9679983
8217.7  0.9655592
8220.3  0.9797834
8222.9  0.975524
8225.5  0.9616916
8228.1  0.9568496
8230.7  0.9765899
8233.3  0.9777592
8235.9  0.9929016
8238.5  1.002175
8241.1  1.021536
8243.7  1.02801
8246.3  1.022684
8248.9  1.018989
8251.5  1.013614
8254.1  1.005361
8256.7  1.016829
8259.3  1.017449
8261.9  1.023441
8264.5  1.02861
8267.1  1.022457
8269.7  1.00483
8272.3  0.9906048
8274.9  0.9944307
8277.5  0.9977847
8280.1  1.004452
8282.7  1.001877
8285.3  1.010587
8287.9  1.012719
8290.5  1.000634
8293.1  0.9872114
8295.7  0.9888903
8298.3  0.9866919
8300.9  0.9768258
8303.5  0.9819168
8306.1  0.9790947
8308.7  0.9734111
8311.3  0.9838771
8313.9  0.984211
8316.5  0.975518
8319.1  0.9843618
8321.7  0.981118
8324.3  0.9703748
8326.9  0.9583737
8329.5  0.9420589
8332.1  0.9422985
8334.7  0.9496094
8337.3  0.9695421
8339.9  0.9757901
8342.5  0.9634047
8345.1  0.9808822
8347.7  1.002027
8350.3  1.001618
8352.9  0.9892025
8355.5  0.9801793
8358.1  0.9870934
8360.7  0.9838894
8363.3  0.9980255
8365.9  1.001641
8368.5  0.9911593
8371.1  1.005902
8373.7  0.993358
8376.3  0.9927422
8378.9  0.9836188
8381.5  0.9601049
8384.1  0.9609789
8386.7  0.9811096
8389.3  1.008298
8391.9  1.008677
8394.5  0.9965791
8397.1  0.9921905
8399.7  0.9903842
8402.3  1.00665
8404.9  1.016646
8407.5  1.011943
8410.1  1.003366
8412.7  1.013248
8415.3  1.011615
8417.9  0.9925701
8420.5  0.9914884
8423.1  0.9731206
8425.7  1.013393
8428.3  1.024617
8430.9  0.9989764
8433.5  0.9946166
8436.1  0.9934559
8438.7  0.9978209
8441.3  0.9834896
8443.9  0.997725
8446.5  1.013123
8449.1  1.042054
8451.7  1.032885
8454.3  1.035175
8456.9  1.050782
8459.5  1.049181
8462.1  1.007104
8464.7  0.9904
8467.3  0.989684
8469.9  1.006192
8472.5  1.04872
8475.1  1.034222
8477.7  1.025923
8480.3  1.044441
8482.9  1.054789
8485.5  1.03739
8488.1  1.025018
8490.7  1.00045
8493.3  0.9025376
8495.9  0.8806887
8498.5  0.9164556
8501.1  0.974554
8503.7  1.012148
8506.3  1.013762
8508.9  1.002186
8511.5  0.9789175
8514.1  0.9896224
8516.7  1.010384
8519.3  1.029126
8521.9  1.011938
8524.5  1.016862
8527.1  1.017519
8529.7  1.001665
8532.3  0.9636915
8534.9  0.8909539
8537.5  0.78603
8540.1  0.7287402
8542.7  0.803713
8545.3  0.870725
8547.9  0.936579
8550.5  0.9738443
8553.1  0.9735299
8555.7  0.974281
8558.3  0.9875217
8560.9  0.9903678
8563.5  1.000559
8566.1  1.011046
8568.7  1.017153
8571.3  1.01537
8573.9  1.007449
8576.5  1.002785
8579.1  0.9791653
8581.7  0.9822799
8584.3  0.9944187
8586.9  1.004397
8589.5  1.006343
8592.1  0.9825691
8594.7  0.9768828
8597.3  0.9823693
8599.9  0.9861006
8602.5  1.005291
8605.1  1.011837
8607.7  0.9973722
8610.3  0.9865525
8612.9  0.9806654
8615.5  0.9713079
8618.1  0.9634178
8620.7  0.9707122
8623.3  0.9847124
8625.9  0.9921231
8628.5  0.9985109
8631.1  1.01165
8633.7  1.015201
8636.3  1.003017
8638.9  0.9819266
8641.5  0.9845305
8644.1  0.9596566
8646.7  0.9561781
8649.3  0.9776566
8651.9  0.9725204
8654.5  0.9284234
8657.1  0.8101109
8659.7  0.7253402
8662.3  0.809968
8664.9  0.8745312
8667.5  0.904044
8670.1  0.9169196
8672.7  0.9683819
8675.3  0.9895644
8677.9  0.978631
8680.5  0.9914525
8683.1  0.9770225
8685.7  0.9334297
8688.3  0.9725966
8690.9  0.9884483
8693.5  1.009953
8696.1  1.008971
8698.7  1.004996
8701.3  1.004167
8703.9  1.001326
8706.5  0.983472
8709.1  0.9829608
8711.7  1.009133
8714.3  1.0145
8716.9  1.037854
8719.5  1.04512
8722.1  1.038486
8724.7  1.007849
8727.3  1.015154
8729.9  1.00229
8732.5  0.9857025
8735.1  1.007567
8737.7  1.022362
8740.3  1.020688
8742.9  1.0362
8745.5  1.036543
8748.1  1.00966
8750.7  1.00744
8753.3  1.01381
8755.9  1.02064
8758.5  1.035581
8761.1  1.046359
8763.7  1.048992
8766.3  1.056321
8768.9  1.025499
8771.5  1.023682
8774.1  1.033219
8776.7  1.016461
8779.3  1.021522
8781.9  1.034267
8784.5  1.042217
8787.1  1.033204
8789.7  1.024792
8792.3  1.039522
8794.9  1.052932
8797.5  1.054539
8800.1  1.017999
8802.7  0.9772543
8805.3  0.9471991
8807.9  1.006006
8810.5  1.028125
8813.1  1.055643
8815.7  1.06143
8818.3  1.036099
8820.9  1.007938
8823.5  1.0078
8826.1  1.023601
8828.7  1.027182
8831.3  1.020251
8833.9  0.9792407
8836.5  1.0466
8839.1  1.032072
8841.7  1.068743
8844.3  1.040999
8846.9  1.051491
8849.5  1.069058
8852.1  1.057582
8854.7  1.056219
8857.3  1.050338
8859.9  1.047873
8862.5  1.031161
8865.1  1.000258
8867.7  1.024814
8870.3  1.020561
8872.9  1.020484
8875.5  0.9988193
8878.1  1.001487
8880.7  0.9956798
8883.3  1.029867
8885.9  1.040666
8888.5  1.025362
8891.1  1.012539
8893.7  1.051548
8896.3  1.024174
8898.9  0.9990253
8901.5  1.015242
8904.1  1.037661
8906.7  1.062609
8909.3  1.017495
8911.9  1.032853
8914.5  0.986178
8917.1  0.9855775
8919.7  0.9911281
8922.3  0.9786822
8924.9  1.04068
8927.5  1.051678
8930.1  1.002272
8932.7  1.01067
8935.3  1.043703
8937.9  1.017744
8940.5  0.9978389
8943.1  0.9927233
8945.7  1.001731
8948.3  0.9835905
8950.9  1.024505
8953.5  1.001633
8956.1  1.003473
8958.7  1.033516
8961.3  0.9794239
8963.9  0.9715985
8966.5  0.9997889
8969.1  0.9903026
8971.7  0.9874462
8974.3  0.9851928
8976.9  1.008336
8979.5  1.022932
8982.1  1.005342
8984.7  0.9817209
8987.3  0.9787039
8989.9  0.956097
8992.5  0.9576514
8995.1  0.9251037
8997.7  0.9559803
9000.3  0.9368877
9002.9  0.9969771
9005.5  0.9805685
9008.1  0.9663253
9010.7  0.9618387
9013.3  0.9464958
9015.9  0.9559492
9018.5  0.9367062
9021.1  0.8941559
9023.7  0.9593384
9026.3  0.9509918
9028.9  1.017475
9031.5  1.035033
9034.1  1.044619
9036.7  1.028923
9039.3  1.044571
9041.9  1.027537
9044.5  1.014462
9047.1  0.9894335
9049.7  0.9845558
9052.3  1.00923
9054.9  1.007385
9057.5  0.9932659
9060.1  0.9903927
9062.7  1.007102
9065.3  0.9706414
9067.9  0.962488
9070.5  0.930235
9073.1  0.9332213
9075.7  0.9523341
9078.3  0.9689286
9080.9  0.9760146
9083.5  0.9497271
9086.1  0.9351526
9088.7  0.9376993
9091.3  0.949688
9093.9  0.9274939
9096.5  0.8851861
9099.1  0.9314873
9101.7  0.9057567
9104.3  0.9538137
9106.9  0.9736625
9109.5  0.9749882
9112.1  0.956398
9114.7  0.9095287
9117.3  0.8885117
9119.9  0.9353334
9122.5  0.9324196
9125.1  0.9411363
9127.7  0.9367071
9130.3  0.9292929
9132.9  0.9475434
9135.5  0.9479542
9138.1  0.9244811
9140.7  0.9185107
9143.3  0.9038712
9145.9  0.893681
9148.5  0.8743911
9151.1  0.8311788
9153.7  0.8388543
9156.3  0.8574406
9158.9  0.9059824
9161.5  0.9116424
9164.1  0.8855866
9166.7  0.8698111
9169.3  0.8622094
9171.9  0.8544419
9174.5  0.8413834
9177.1  0.8552077
9179.7  0.8838738
9182.3  0.8782368
9184.9  0.826893
9187.5  0.8449373
9190.1  0.8551154
9192.7  0.833572
9195.3  0.8461407
9197.9  0.8510227
9200.5  0.8716192
9203.1  0.8296592
9205.7  0.8525561
9208.3  0.8218523
9210.9  0.8030612
9213.5  0.7756943
9216.1  0.8091963
9218.7  0.8375828
9221.3  0.8513746
9223.9  0.8448844
9226.5  0.8140568
9229.1  0.8232694
9231.7  0.8283907
9234.3  0.8180921
9236.9  0.8176339
9239.5  0.8057558
9242.1  0.8361421
9244.7  0.8472389
9247.3  0.8358889
9249.9  0.8283485
9252.5  0.7994354
9255.1  0.7626308
9257.7  0.7709383
9260.3  0.7702342
9262.9  0.7855765
9265.5  0.8172767
9268.1  0.7948145
9270.7  0.8481522
9273.3  0.8291525
9275.9  0.8015766
9278.5  0.7756312
9281.1  0.7921547
9283.7  0.7411314
9286.3  0.7393011
9288.9  0.7425906
9291.5  0.7295463
9294.1  0.7308722
9296.7  0.732768
9299.3  0.7495398
9301.9  0.7433681
9304.5  0.7058387
9307.1  0.7044979
9309.7  0.679989
9312.3  0.6221782
9314.9  0.6389874
9317.5  0.6490551
9320.1  0.6179609
9322.7  0.6403131
9325.3  0.6804187
9327.9  0.6711538
9330.5  0.6382322
9333.1  0.6370441
9335.7  0.6065644
9338.3  0.5706743
9340.9  0.5266547
9343.5  0.6179949
9346.1  0.6500498
9348.7  0.6066084
9351.3  0.6062402
9353.9  0.5718377
9356.5  0.6244551
9359.1  0.641304
9361.7  0.6284605
9364.3  0.6084647
9366.9  0.5891662
9369.5  0.625272
9372.1  0.6109934
9374.7  0.5769443
9377.3  0.579478
9379.9  0.6118563
9382.5  0.6040434
9385.1  0.6463957
9387.7  0.6814421
9390.3  0.6841857
9392.9  0.676428
9395.5  0.6739728
9398.1  0.6749747
9400.7  0.6569108
9403.3  0.6361969
9405.9  0.6115668
9408.5  0.6018091
9411.1  0.5872853
9413.7  0.6026395
9416.3  0.6220024
9418.9  0.6244127
9421.5  0.5701757
9424.1  0.5440411
9426.7  0.5666004
9429.3  0.6088252
9431.9  0.6160879
9434.5  0.5546849
9437.1  0.5286479
9439.7  0.5506439
9442.3  0.58566
9444.9  0.6108244
9447.5  0.6105232
9450.1  0.5775518
9452.7  0.5582594
9455.3  0.5458302
9457.9  0.5508884
9460.5  0.5924661
9463.1  0.6041672
9465.7  0.6097468
9468.3  0.6168061
9470.9  0.6169187
9473.5  0.6024804
9476.1  0.5680054
9478.7  0.5840296
9481.3  0.594635
9483.9  0.6090383
9486.5  0.612699
9489.1  0.5813134
9491.7  0.5531535
9494.3  0.5441589
9496.9  0.5390587
9499.5  0.5834713
9502.1  0.6104189
9504.7  0.6229289
9507.3  0.605919
9509.9  0.5850119
9512.5  0.5667638
9515.1  0.5342861
9517.7  0.5154623
9520.3  0.5405547
9522.9  0.5363753
9525.5  0.5575515
9528.1  0.5956847
9530.7  0.5932
9533.3  0.5852125
9535.9  0.5786632
9538.5  0.5296964
9541.1  0.5085323
9543.7  0.5237901
9546.3  0.5431367
9548.9  0.5400012
9551.5  0.542055
9554.1  0.5661954
9556.7  0.5784614
9559.3  0.5528895
9561.9  0.5376849
9564.5  0.5380701
9567.1  0.5445175
9569.7  0.5573679
9572.3  0.5530608
9574.9  0.5393853
9577.5  0.5375844
9580.1  0.5447771
9582.7  0.5495893
9585.3  0.5389611
9587.9  0.5368974
9590.5  0.5537992
9593.1  0.5565168
9595.7  0.5483196
9598.3  0.5410234
9600.9  0.5275508
9603.5  0.5375041
9606.1  0.5590227
9608.7  0.574667
9611.3  0.5844123
9613.9  0.5518116
9616.5  0.532272
9619.1  0.5247294
9621.7  0.5064729
9624.3  0.5244608
9626.9  0.5426843
9629.5  0.5427917
9632.1  0.5060161
9634.7  0.5215212
9637.3  0.5185905
9639.9  0.5135149
9642.5  0.5067627
9645.1  0.5169009
9647.7  0.5069648
9650.3  0.5226684
9652.9  0.5279632
9655.5  0.5215282
9658.1  0.5267873
9660.7  0.5234425
9663.3  0.5333241
9665.9  0.5360456
9668.5  0.5411978
9671.1  0.5308693
9673.7  0.519935
9676.3  0.4883122
9678.9  0.4877467
9681.5  0.5178592
9684.1  0.5128891
9686.7  0.4881301
9689.3  0.4928979
9691.9  0.5192838
9694.5  0.4863248
9697.1  0.4912299
9699.7  0.5076616
9702.3  0.5024117
9704.9  0.4844581
9707.5  0.5092662
9710.1  0.4718678
9712.7  0.4727519
9715.3  0.4734667
9717.9  0.4618552
9720.5  0.4459885
9723.1  0.4549341
9725.7  0.4532816
9728.3  0.4483247
9730.9  0.4421845
9733.5  0.433011
9736.1  0.42563
9738.7  0.4257414
9741.3  0.4168757
9743.9  0.4147773
9746.5  0.4321294
9749.1  0.435178
9751.7  0.4300312
9754.3  0.4282164
9756.9  0.4168956
9759.5  0.4021362
9762.1  0.4262383
9764.7  0.4021089
9767.3  0.394266
9769.9  0.4115995
9772.5  0.4137444
9775.1  0.4239606
9777.7  0.4346075
9780.3  0.4318794
9782.9  0.4276547
9785.5  0.4332947
9788.1  0.4246721
9790.7  0.4100285
9793.3  0.4049117
9795.9  0.3879705
9798.5  0.4306614
9801.1  0.428153
9803.7  0.4274294
9806.3  0.4087625
9808.9  0.3878615
9811.5  0.379247
9814.1  0.377764
9816.7  0.3717695
9819.3  0.3755572
9821.9  0.3699038
9824.5  0.3689744
9827.1  0.3767603
9829.7  0.3914794
9832.3  0.3890828
9834.9  0.3723175
9837.5  0.3581128
9840.1  0.3590209
9842.7  0.3838441
9845.3  0.383705
9847.9  0.3695339
9850.5  0.3710646
9853.1  0.3627293
9855.7  0.3661662
9858.3  0.3677967
9860.9  0.3537056
9863.5  0.3779286
9866.1  0.3904896
9868.7  0.3514857
9871.3  0.3590919
9873.9  0.356472
9876.5  0.3872819
9879.1  0.3340746
9881.7  0.3340552
9884.3  0.3553824
9886.9  0.3383974
9889.5  0.3421396
9892.1  0.34998
9894.7  0.3411674
9897.3  0.334462
9899.9  0.3284892
9902.5  0.3278466
9905.1  0.3277627
9907.7  0.3405989
9910.3  0.3367447
9912.9  0.3185298
9915.5  0.3229966
9918.1  0.3230335
9920.7  0.3105865
9923.3  0.3199249
9925.9  0.3173322
9928.5  0.3176706
9931.1  0.3122877
9933.7  0.3002339
9936.3  0.3009295
9938.9  0.3004098
9941.5  0.3041252
9944.1  0.2946893
9946.7  0.2869807
9949.3  0.2836572
9951.9  0.2870272
9954.5  0.2954075
9957.1  0.2869469
9959.7  0.286882
9962.3  0.3372608
9964.9  0.2680739
9967.5  0.2690773
9970.1  0.2638066
9972.7  0.2560568
9975.3  0.2577517
9977.9  0.2655093
9980.5  0.2610073
9983.1  0.2610548
9985.7  0.267522
9988.3  0.269661
9990.9  0.2634542
9993.5  0.2605678
9996.1  0.2639667
9998.7  0.2647373
