3501.3  -15.85817
3503.9  -28.48674
3506.5  -3.525054
3509.1  13.91257
3511.7  -12.44581
3514.3  -16.30785
3516.9  -12.8042
3519.5  -4.405533
3522.1  -18.96537
3524.7  -7.876674
3527.3  10.36737
3529.9  2.962873
3532.5  -4.213234
3535.1  -6.77218
3537.7  18.38759
3540.3  4.092916
3542.9  3.976434
3545.5  2.813394
3548.1  1.900022
3550.7  21.52607
3553.3  0.4816601
3555.9  13.82039
3558.5  9.919623
3561.1  24.91958
3563.7  12.92022
3566.3  -2.430927
3568.9  -5.991994
3571.5  10.58677
3574.1  13.96427
3576.7  2.079418
3579.3  8.313381
3581.9  7.249413
3584.5  2.525477
3587.1  -12.3538
3589.7  7.536438
3592.3  -9.197214
3594.9  -8.30828
3597.5  10.20731
3600.1  -20.28046
3602.7  -2.299289
3605.3  -5.758587
3607.9  -7.038639
3610.5  4.053418
3613.1  -6.167795
3615.7  -16.58325
3618.3  10.60981
3620.9  -2.872456
3623.5  -6.215023
3626.1  27.96891
3628.7  -8.090987
3631.3  6.250155
3633.9  -1.752346
3636.5  -2.370768
3639.1  -21.3327
3641.7  -10.37553
3644.3  17.98841
3646.9  15.91108
3649.5  1.52284
3652.1  7.748338
3654.7  3.758777
3657.3  -13.88747
3659.9  -2.119907
3662.5  7.647768
3665.1  12.47389
3667.7  -11.01902
3670.3  -0.05491275
3672.9  15.67399
3675.5  5.541431
3678.1  8.33534
3680.7  -16.59495
3683.3  14.77832
3685.9  1.388559
3688.5  -17.01224
3691.1  13.06578
3693.7  -8.408504
3696.3  -8.68976
3698.9  -15.53305
3701.5  -16.26585
3704.1  -28.61512
3706.7  4.534482
3709.3  -27.07251
3711.9  11.16295
3714.5  0.1241126
3717.1  -3.686933
3719.7  19.26456
3722.3  -2.355921
3724.9  -18.56741
3727.5  -2.910117
3730.1  -3.456347
3732.7  19.50761
3735.3  -3.924551
3737.9  -6.944759
3740.5  -12.23228
3743.1  23.15439
3745.7  16.74556
3748.3  10.46016
3750.9  9.989877
3753.5  5.504543
3756.1  -9.232766
3758.7  0.7622134
3761.3  15.03588
3763.9  5.540442
3766.5  9.292786
3769.1  -10.48443
3771.7  -24.12076
3774.3  -34.23368
3776.9  -1.736296
3779.5  -28.24475
3782.1  -14.16411
3784.7  -26.25211
3787.3  -24.67443
3789.9  22.96824
3792.5  2.375095
3795.1  -4.266001
3797.7  -11.92397
3800.3  8.023758
3802.9  -10.54997
3805.5  7.745687
3808.1  4.110178
3810.7  29.42981
3813.3  -2.33092
3815.9  13.58556
3818.5  4.380245
3821.1  10.52593
3823.7  22.32713
3826.3  25.60846
3828.9  -6.202373
3831.5  -14.41092
3834.1  -11.19628
3836.7  16.53904
3839.3  29.24197
3841.9  2.217117
3844.5  7.536936
3847.1  -4.735054
3849.7  13.12763
3852.3  16.63662
3854.9  -6.987757
3857.5  4.140751
3860.1  39.15652
3862.7  19.33536
3865.3  -21.20785
3867.9  -10.33776
3870.5  21.83363
3873.1  -6.23918
3875.7  -8.239419
3878.3  9.246767
3880.9  2.964049
3883.5  -3.24653
3886.1  -11.99213
3888.7  32.94553
3891.3  3.658096
3893.9  19.19206
3896.5  -6.493439
3899.1  6.563877
3901.7  3.273639
3904.3  16.6306
3906.9  -30.83415
3909.5  18.5741
3912.1  23.31986
3914.7  -13.7681
3917.3  50.61783
3919.9  29.8478
3922.5  -6.413161
3925.1  6.0486
3927.7  -14.53695
3930.3  -39.63775
3932.9  -9.820941
3935.5  -13.00158
3938.1  -15.41313
3940.7  5.574428
3943.3  9.999611
3945.9  31.065
3948.5  32.7213
3951.1  -1.881066
3953.7  -13.17605
3956.3  9.283667
3958.9  -24.05268
3961.5  -35.63566
3964.1  -3.533312
3966.7  8.586417
3969.3  -22.2465
3971.9  36.21188
3974.5  -22.16096
3977.1  -2.41344
3979.7  18.52365
3982.3  -10.28497
3984.9  -32.62426
3987.5  -35.71942
3990.1  -34.63647
3992.7  99.79889
3995.3  -124.2673
3997.9  257.8323
4000.5  743.8236
4003.1  20.02406
4005.7  42.18923
4008.3  5.995912
4010.9  16.04179
4013.5  -102.7213
4016.1  6.195614
4018.7  17.44174
4021.3  28.69616
4023.9  -6.114601
4026.5  -13.77479
4029.1  17.84255
4031.7  -12.93023
4034.3  -29.45027
4036.9  -3.354486
4039.5  -3.267557
4042.1  -11.99793
4044.7  16.81928
4047.3  1.938623
4049.9  -26.99872
4052.5  -7.554502
4055.1  -0.05828658
4057.7  -0.8692718
4060.3  0.9372074
4062.9  16.88105
4065.5  -27.06723
4068.1  -11.02731
4070.7  13.32539
4073.3  -11.06593
4075.9  3.066199
4078.5  -13.98263
4081.1  -27.90048
4083.7  20.72781
4086.3  38.12611
4088.9  16.94345
4091.5  -1.683464
4094.1  17.81249
4096.7  53.65178
4099.3  24.58035
4101.9  26.39925
4104.5  10.8399
4107.1  -9.254521
4109.7  -16.28783
4112.3  55.18742
4114.9  3.042861
4117.5  4.418192
4120.1  24.882
4122.7  21.25887
4125.3  9.574453
4127.9  -13.98884
4130.5  8.739685
4133.1  -20.85929
4135.7  67.56841
4138.3  1.758713
4140.9  30.83509
4143.5  21.03205
4146.1  8.952683
4148.7  2.964072
4151.3  -20.88499
4153.9  37.38811
4156.5  21.67225
4159.1  -20.59488
4161.7  -10.79739
4164.3  -11.07695
4166.9  6.093842
4169.5  28.82604
4172.1  42.35329
4174.7  34.01473
4177.3  -21.09939
4179.9  -54.36462
4182.5  -7.970222
4185.1  18.75803
4187.7  4.682776
4190.3  6.725931
4192.9  3.059235
4195.5  7.261875
4198.1  22.37385
4200.7  -2.446857
4203.3  -6.484956
4205.9  -12.83075
4208.5  32.69229
4211.1  4.514525
4213.7  -24.72972
4216.3  -42.94424
4218.9  -2.79368
4221.5  23.39788
4224.1  -12.18219
4226.7  -18.74386
4229.3  25.31453
4231.9  21.23754
4234.5  -5.526614
4237.1  3.225362
4239.7  14.13147
4242.3  -9.397461
4244.9  -14.51406
4247.5  -3.51681
4250.1  -1.402783
4252.7  14.43755
4255.3  30.48462
4257.9  9.044766
4260.5  -12.01969
4263.1  -25.16593
4265.7  -12.05789
4268.3  -3.384419
4270.9  -9.465014
4273.5  1.648842
4276.1  -12.58408
4278.7  -22.54507
4281.3  -16.4409
4283.9  0.9000532
4286.5  18.28629
4289.1  -24.48437
4291.7  -11.6673
4294.3  4.745473
4296.9  1.183161
4299.5  3.66134
4302.1  39.18433
4304.7  0.2466409
4307.3  51.63295
4309.9  29.6819
4312.5  -3.844375
4315.1  18.53578
4317.7  56.13242
4320.3  8.700924
4322.9  -7.048702
4325.5  29.45466
4328.1  -29.76453
4330.7  23.1976
4333.3  -32.44733
4335.9  -31.36679
4338.5  -22.93182
4341.1  -22.61216
4343.7  10.19213
4346.3  -2.906022
4348.9  -13.29904
4351.5  -11.71719
4354.1  26.27073
4356.7  -2.54626
4359.3  -23.79522
4361.9  12.30885
4364.5  -9.247932
4367.1  -23.99083
4369.7  5.446667
4372.3  4.199826
4374.9  18.05243
4377.5  33.53702
4380.1  -14.56409
4382.7  -22.46077
4385.3  -23.03658
4387.9  -4.505693
4390.5  7.458046
4393.1  4.268646
4395.7  19.62558
4398.3  -29.19673
4400.9  -38.22653
4403.5  -24.93762
4406.1  -15.31018
4408.7  2.527097
4411.3  18.5072
4413.9  -6.966114
4416.5  8.964449
4419.1  15.12267
4421.7  18.73438
4424.3  23.6059
4426.9  7.008469
4429.5  -16.17197
4432.1  -3.976205
4434.7  14.34593
4437.3  3.958067
4439.9  16.86276
4442.5  -11.2425
4445.1  -24.71759
4447.7  16.25971
4450.3  16.54345
4452.9  10.40836
4455.5  25.9667
4458.1  8.460169
4460.7  27.86064
4463.3  -16.77143
4465.9  -6.915894
4468.5  -17.72142
4471.1  0.4112562
4473.7  -32.75648
4476.3  -38.23493
4478.9  11.51793
4481.5  -12.95956
4484.1  -6.901123
4486.7  26.83526
4489.3  10.91108
4491.9  -6.086642
4494.5  -43.64068
4497.1  24.08863
4499.7  25.66202
4502.3  38.82851
4504.9  -3.632891
4507.5  -32.04767
4510.1  -7.348696
4512.7  -14.94568
4515.3  11.1156
4517.9  8.136369
4520.5  -10.39954
4523.1  -20.79104
4525.7  6.07961
4528.3  -4.190649
4530.9  11.61312
4533.5  10.3934
4536.1  -5.674167
4538.7  -15.00738
4541.3  26.58463
4543.9  -9.968372
4546.5  15.22686
4549.1  -4.951554
4551.7  -12.16992
4554.3  18.78758
4556.9  17.07547
4559.5  -5.40693
4562.1  -5.822961
4564.7  13.45182
4567.3  9.898148
4569.9  -17.03048
4572.5  7.540015
4575.1  22.72472
4577.7  43.37755
4580.3  48.9345
4582.9  12.20149
4585.5  -18.94106
4588.1  -15.55782
4590.7  -10.70284
4593.3  -67.34759
4595.9  -13.58429
4598.5  -10.56841
4601.1  -16.89196
4603.7  -20.24272
4606.3  24.91301
4608.9  15.61754
4611.5  22.45015
4614.1  -5.772375
4616.7  18.06737
4619.3  11.52183
4621.9  -24.87271
4624.5  -4.740424
4627.1  -11.50589
4629.7  31.39626
4632.3  32.91409
4634.9  -20.14349
4637.5  -23.92566
4640.1  -19.79732
4642.7  12.46711
4645.3  -11.42278
4647.9  -5.418818
4650.5  -1.992343
4653.1  -2.179171
4655.7  -31.89309
4658.3  -7.104319
4660.9  25.78556
4663.5  -14.09103
4666.1  -13.57349
4668.7  13.70349
4671.3  9.087537
4673.9  5.918693
4676.5  -12.62189
4679.1  -0.8759535
4681.7  -13.50681
4684.3  67.33975
4686.9  6.014318
4689.5  12.34169
4692.1  24.91727
4694.7  23.69448
4697.3  -1.299446
4699.9  -12.48138
4702.5  -19.01142
4705.1  15.58336
4707.7  -6.555671
4710.3  26.21751
4712.9  -24.1616
4715.5  -18.86941
4718.1  -0.1950211
4720.7  6.106361
4723.3  -59.24495
4725.9  -8.36347
4728.5  -12.77084
4731.1  -9.47661
4733.7  5.341441
4736.3  7.749125
4738.9  9.045451
4741.5  25.00835
4744.1  -18.67449
4746.7  11.82327
4749.3  -7.904262
4751.9  93.38644
4754.5  -2.186851
4757.1  -34.57359
4759.7  -32.02411
4762.3  -55.37005
4764.9  -43.87736
4767.5  -6.088004
4770.1  39.30249
4772.7  -37.8807
4775.3  -66.82059
4777.9  18.3129
4780.5  7.547868
4783.1  -6.821824
4785.7  -84.30731
4788.3  3.528572
4790.9  -28.05223
4793.5  -84.21019
4796.1  -63.70744
4798.7  -33.56052
4801.3  -57.20011
4803.9  22.92999
4806.5  -23.98145
4809.1  -100.178
4811.7  -51.70911
4814.3  -63.68631
4816.9  -53.70982
4819.5  -31.41126
4822.1  -53.17386
4824.7  -82.02244
4827.3  -14.38118
4829.9  -16.81437
4832.5  -13.93652
4835.1  -59.41176
4837.7  -76.92809
4840.3  -8.04996
4842.9  -11.13016
4845.5  -64.61633
4848.1  -97.06313
4850.7  -26.34504
4853.3  187.6561
4855.9  -74.64306
4858.5  -27.44555
4861.1  115.0214
4863.7  -91.29192
4866.3  -55.65747
4868.9  -51.75667
4871.5  -51.14569
4874.1  -141.3612
4876.7  -51.66467
4879.3  -146.0211
4881.9  -75.20021
4884.5  -72.11808
4887.1  73.18919
4889.7  -232.6933
4892.3  98.13942
4894.9  15.87516
4897.5  -207.9068
4900.1  -19.10867
4902.7  71.01044
4905.3  -96.79967
4907.9  -98.34743
4910.5  58.93637
4913.1  -104.0471
4915.7  -79.99939
4918.3  -60.64663
4920.9  -168.4099
4923.5  -128.5437
4926.1  -307.0482
4928.7  -186.2999
4931.3  -111.4476
4933.9  -191.0246
4936.5  -182.6657
4939.1  -344.2675
4941.7  -34.83476
4944.3  -77.95992
4946.9  -36.16893
4949.5  -55.80387
4952.1  -213.6261
4954.7  -86.00648
4957.3  -144.6265
4959.9  -205.9957
4962.5  -187.3616
4965.1  -146.4278
4967.7  -137.9281
4970.3  -101.9039
4972.9  -209.1064
4975.5  -115.9123
4978.1  -133.3468
4980.7  -81.17571
4983.3  -46.37909
4985.9  -77.04539
4988.5  -253.6244
4991.1  -78.15556
4993.7  -182.4502
4996.3  -136.3649
4998.9  7.052445
5001.5  -128.9128
5004.1  -170.8179
5006.7  -169.35
5009.3  -308.7387
5011.9  -6.07321
5014.5  -110.7068
5017.1  -221.9529
5019.7  -185.8406
5022.3  -95.3535
5024.9  -22.05538
5027.5  -23.65338
5030.1  -268.1931
5032.7  49.15845
5035.3  -298.3526
5037.9  -148.7823
5040.5  -366.6178
5043.1  -161.85
5045.7  -46.94739
5048.3  -176.0716
5050.9  -197.1576
5053.5  -171.125
5056.1  -304.6904
5058.7  -81.68176
5061.3  9.124972
5063.9  -101.6646
5066.5  -216.0104
5069.1  -25.64679
5071.7  52.43983
5074.3  -271.1918
5076.9  -72.85918
5079.5  -188.6825
5082.1  -193.7692
5084.7  -161.2442
5087.3  -128.9319
5089.9  -216.0493
5092.5  -277.3553
5095.1  -163.8674
5097.7  -201.06
5100.3  -165.0768
5102.9  -190.7731
5105.5  -83.01103
5108.1  -250.2076
5110.7  -227.536
5113.3  -285.253
5115.9  -222.6796
5118.5  -179.2033
5121.1  -215.4323
5123.7  -46.15677
5126.3  -478.1784
5128.9  -194.907
5131.5  -382.7233
5134.1  -244.1396
5136.7  -151.3783
5139.3  -315.9369
5141.9  -244.672
5144.5  -139.483
5147.1  -10.82588
5149.7  -99.39221
5152.3  -218.9092
5154.9  -261.2051
5157.5  -200.0223
5160.1  -19.19728
5162.7  -34.09561
5165.3  -222.4322
5167.9  -191.4154
5170.5  -241.8281
5173.1  -211.0793
5175.7  -210.1092
5178.3  -116.1326
5180.9  57.50694
5183.5  -92.02785
5186.1  -520.0866
5188.7  -265.438
5191.3  -244.2166
5193.9  -265.3217
5196.5  -111.1272
5199.1  -126.6378
5201.7  -228.6175
5204.3  -69.53593
5206.9  -170.415
5209.5  -183.007
5212.1  -155.2165
5214.7  -288.4049
5217.3  -296.3673
5219.9  -164.744
5222.5  -269.1316
5225.1  -387.4988
5227.7  -196.664
5230.3  -280.2318
5232.9  -258.2661
5235.5  -268.7577
5238.1  -156.4816
5240.7  -157.2742
5243.3  -121.0336
5245.9  -182.0066
5248.5  -190.8183
5251.1  -245.7775
5253.7  -242.0236
5256.3  -214.7984
5258.9  -206.0892
5261.5  -232.0599
5264.1  -209.8289
5266.7  -286.5732
5269.3  -254.4161
5271.9  -95.72584
5274.5  -117.2686
5277.1  -131.919
5279.7  -413.5769
5282.3  -277.3009
5284.9  -192.9044
5287.5  -319.2575
5290.1  -227.6381
5292.7  -328.0779
5295.3  -450.5365
5297.9  -138.4861
5300.5  -179.244
5303.1  -209.0444
5305.7  -183.5219
5308.3  -94.64389
5310.9  -201.2619
5313.5  -235.4604
5316.1  -156.6441
5318.7  -351.9988
5321.3  -108.5981
5323.9  -92.62218
5326.5  -165.5625
5329.1  -198.6269
5331.7  -193.4791
5334.3  -130.7554
5336.9  -125.109
5339.5  -1087.953
5342.1  -907.7709
5344.7  -337.8374
5347.3  -245.8173
5349.9  -344.2411
5352.5  -276.5853
5355.1  -237.421
5357.7  -172.9026
5360.3  -242.4339
5362.9  -249.0481
5365.5  -239.298
5368.1  -213.34
5370.7  -166.5479
5373.3  -205.2364
5375.9  -1014.093
5378.5  -41.91138
5381.1  -210.0363
5383.7  -500.0224
5386.3  -294.3353
5388.9  -129.2035
5391.5  -137.3864
5394.1  -286.8741
5396.7  -210.1771
5399.3  -100.6244
5401.9  -226.5434
5404.5  -142.09
5407.1  -239.6693
5409.7  -275.322
5412.3  -304.8634
5414.9  -168.1609
5417.5  -263.91
5420.1  -191.6443
5422.7  -109.5974
5425.3  -201.051
5427.9  -154.0284
5430.5  -125.0915
5433.1  -545.5068
5435.7  -1428.747
5438.3  -218.4771
5440.9  -153.1465
5443.5  -194.486
5446.1  -194.8853
5448.7  -120.4491
5451.3  -170.9283
5453.9  -304.3209
5456.5  -221.7652
5459.1  -176.6732
5461.7  -372.8337
5464.3  -280.5336
5466.9  -296.4898
5469.5  -289.5656
5472.1  -207.9107
5474.7  -56.28449
5477.3  -297.561
5479.9  -166.3476
5482.5  -125.8682
5485.1  -207.5316
5487.7  -142.1557
5490.3  -246.6302
5492.9  -220.2687
5495.5  -443.0262
5498.1  -147.3501
5500.7  -108.379
5503.3  -133.2525
5505.9  -213.4665
5508.5  -200.6664
5511.1  -177.8085
5513.7  -283.3314
5516.3  -282.4706
5518.9  -197.321
5521.5  -268.6858
5524.1  -194.3835
5526.7  -207.6798
5529.3  -294.9115
5531.9  -110.5936
5534.5  -234.41
5537.1  -294.5807
5539.7  -84.02837
5542.3  -210.0199
5544.9  -125.6793
5547.5  -229.6078
5550.1  -192.4762
5552.7  -269.8962
5555.3  -64.6235
5557.9  -227.2518
5560.5  -303.1558
5563.1  -227.0301
5565.7  -189.7019
5568.3  -135.0033
5570.9  -266.6464
5573.5  -139.4709
5576.1  -207.5161
5578.7  -334.2908
5581.3  307.4832
5583.9  189.6395
5586.5  -114.8347
5589.1  -11.04163
5591.7  -331.5461
5594.3  -287.6989
5596.9  -225.2915
5599.5  -327.2498
5602.1  -508.0405
5604.7  -369.4732
5607.3  -161.6114
5609.9  -302.1515
5612.5  -187.9455
5615.1  -252.0879
5617.7  -222.598
5620.3  -51.87797
5622.9  -251.856
5625.5  -109.7767
5628.1  -307.5779
5630.7  -271.3378
5633.3  -49.23905
5635.9  -158.8266
5638.5  -118.3808
5641.1  -156.9511
5643.7  -296.4978
5646.3  -245.6263
5648.9  -275.5889
5651.5  -185.7105
5654.1  -428.04
5656.7  -552.0823
5659.3  -211.7529
5661.9  -175.2253
5664.5  -298.5912
5667.1  -447.3107
5669.7  -307.6329
5672.3  -206.0888
5674.9  -285.2079
5677.5  -303.8333
5680.1  -210.4783
5682.7  0.
5685.3  -74.85403
5687.9  -277.2818
5690.5  -340.5371
5693.1  -244.4478
5695.7  -253.9056
5698.3  -437.2175
5700.9  -284.5909
5703.5  -154.2341
5706.1  -132.0336
5708.7  -185.6055
5711.3  -214.6395
5713.9  -238.3863
5716.5  -165.5611
5719.1  -356.2716
5721.7  -283.2425
5724.3  -34.48425
5726.9  -198.1517
5729.5  -243.253
5732.1  -249.7847
5734.7  -314.312
5737.3  -247.3918
5739.9  -158.1277
5742.5  -210.9821
5745.1  -236.1257
5747.7  -196.9809
5750.3  -128.1009
5752.9  16.21444
5755.5  -159.1945
5758.1  -178.7735
5760.7  -315.7634
5763.3  -539.0804
5765.9  -292.3288
5768.5  -238.5982
5771.1  -197.7436
5773.7  -206.3801
5776.3  -79.65836
5778.9  -171.5787
5781.5  -117.7708
5784.1  -161.1288
5786.7  -106.5003
5789.3  -66.52087
5791.9  -40.32294
5794.5  1.172135
5797.1  -206.4598
5799.7  -194.6529
5802.3  -127.6253
5804.9  -241.5478
5807.5  -246.4001
5810.1  -159.5289
5812.7  -299.0184
5815.3  -140.1613
5817.9  -267.918
5820.5  -220.738
5823.1  -141.8882
5825.7  -328.3907
5828.3  -187.9405
5830.9  -97.01852
5833.5  -139.5183
5836.1  -168.2735
5838.7  -224.8914
5841.3  -142.6806
5843.9  -177.5575
5846.5  -223.593
5849.1  -203.5048
5851.7  -135.6757
5854.3  -161.5491
5856.9  -158.256
5859.5  -147.0359
5862.1  -106.0749
5864.7  -179.2318
5867.3  -213.22
5869.9  -166.7856
5872.5  -159.7089
5875.1  -411.745
5877.7  -253.5941
5880.3  -167.2186
5882.9  -334.0767
5885.5  -82.11401
5888.1  -429.0951
5890.7  36.88869
5893.3  -163.3923
5895.9  -235.6688
5898.5  -91.30304
5901.1  63.32543
5903.7  -335.1523
5906.3  -217.1096
5908.9  -219.6666
5911.5  -158.7046
5914.1  -113.09
5916.7  -190.8948
5919.3  -126.3164
5921.9  -147.197
5924.5  -104.1976
5927.1  -110.8946
5929.7  -57.80108
5932.3  -191.3196
5934.9  -210.5964
5937.5  -123.113
5940.1  -200.5891
5942.7  -114.1187
5945.3  -247.6947
5947.9  -238.5619
5950.5  -56.69067
5953.1  -161.8979
5955.7  -200.9699
5958.3  -92.22551
5960.9  -192.8584
5963.5  -145.9638
5966.1  -191.3976
5968.7  -109.0832
5971.3  -275.6946
5973.9  -233.2904
5976.5  -273.2502
5979.1  -40.34173
5981.7  -170.5959
5984.3  -258.5924
5986.9  -172.2362
5989.5  -177.7113
5992.1  -110.4361
5994.7  -231.9906
5997.3  -193.2466
5999.9  -180.4743
6002.5  -170.553
6005.1  -198.6746
6007.7  -36.3956
6010.3  -86.3678
6012.9  -204.2463
6015.5  -148.8715
6018.1  -216.1673
6020.7  -118.1766
6023.3  -114.9911
6025.9  -267.9447
6028.5  -212.8683
6031.1  45.9198
6033.7  34.75291
6036.3  -251.878
6038.9  -293.8801
6041.5  -223.7248
6044.1  -261.5442
6046.7  -157.501
6049.3  -235.8126
6051.9  -203.2633
6054.5  -177.0134
6057.1  -135.4703
6059.7  -29.65066
6062.3  -266.1921
6064.9  -207.7488
6067.5  -127.6126
6070.1  -190.0515
6072.7  -248.9034
6075.3  -90.44118
6077.9  -49.13402
6080.5  -241.0872
6083.1  -70.36245
6085.7  -176.6647
6088.3  -149.998
6090.9  -95.93036
6093.5  -7.886612
6096.1  -94.05523
6098.7  -156.3417
6101.3  -32.78016
6103.9  -39.1949
6106.5  -265.182
6109.1  -129.1605
6111.7  -116.6213
6114.3  -164.9632
6116.9  -118.2375
6119.5  -209.6536
6122.1  -317.2251
6124.7  -287.7947
6127.3  -111.0196
6129.9  -164.1666
6132.5  -157.6829
6135.1  -55.47458
6137.7  -257.3488
6140.3  -124.4661
6142.9  -210.7225
6145.5  -91.548
6148.1  -92.0252
6150.7  -231.5329
6153.3  -148.9323
6155.9  -100.3276
6158.5  -207.6408
6161.1  -329.2907
6163.7  -216.6028
6166.3  -291.2351
6168.9  -122.9532
6171.5  -96.21214
6174.1  -128.0875
6176.7  -87.93387
6179.3  -220.3348
6181.9  -163.978
6184.5  -123.3741
6187.1  -129.498
6189.7  -233.994
6192.3  -141.3761
6194.9  -157.1591
6197.5  -96.3269
6200.1  -221.6743
6202.7  -286.9612
6205.3  -143.9981
6207.9  -110.5689
6210.5  -82.42414
6213.1  -216.3916
6215.7  -168.8998
6218.3  -161.8934
6220.9  -198.2316
6223.5  -131.7389
6226.1  -285.0262
6228.7  -281.4804
6231.3  -263.2316
6233.9  -247.9142
6236.5  -43.78516
6239.1  -38.48376
6241.7  -139.039
6244.3  -36.54391
6246.9  50.63628
6249.5  -101.4727
6252.1  -163.2148
6254.7  -187.5749
6257.3  -140.1592
6259.9  -113.6173
6262.5  -131.6441
6265.1  -157.1838
6267.7  -132.4038
6270.3  -88.34197
6272.9  -143.0365
6275.5  -169.5848
6278.1  -186.1773
6280.7  -245.8679
6283.3  -140.3827
6285.9  -144.9128
6288.5  -213.0184
6291.1  -15.81969
6293.7  -294.3821
6296.3  -141.2279
6298.9  -149.4495
6301.5  -169.9598
6304.1  0.1212094
6306.7  10.46436
6309.3  -94.37389
6311.9  -59.68805
6314.5  -200.686
6317.1  -261.2179
6319.7  -187.2338
6322.3  -118.8329
6324.9  -158.4734
6327.5  -113.7129
6330.1  -156.5041
6332.7  -29.81717
6335.3  -37.75601
6337.9  -171.6495
6340.5  -168.4745
6343.1  -79.7178
6345.7  -70.20368
6348.3  -157.9777
6350.9  1.943177
6353.5  -113.906
6356.1  -5.057888
6358.7  -102.386
6361.3  -275.7227
6363.9  -83.08514
6366.5  33.94788
6369.1  22.81302
6371.7  -33.81479
6374.3  -132.8882
6376.9  -79.92951
6379.5  -57.2874
6382.1  19.94214
6384.7  -155.7032
6387.3  -225.649
6389.9  -147.2379
6392.5  -5.783395
6395.1  -78.64164
6397.7  -73.86172
6400.3  61.55952
6402.9  -78.00613
6405.5  -149.2096
6408.1  -72.84392
6410.7  -86.30346
6413.3  -245.9962
6415.9  -130.0859
6418.5  59.39274
6421.1  -77.29538
6423.7  -107.7365
6426.3  -177.3354
6428.9  -180.5495
6431.5  -33.88312
6434.1  -51.30569
6436.7  -126.3084
6439.3  77.97176
6441.9  -29.44079
6444.5  -80.81255
6447.1  -120.601
6449.7  -81.37917
6452.3  106.8206
6454.9  43.53333
6457.5  -106.8462
6460.1  -142.5094
6462.7  -116.5074
6465.3  43.33224
6467.9  23.88986
6470.5  -69.88206
6473.1  11.69622
6475.7  -18.99283
6478.3  -75.57329
6480.9  -38.3782
6483.5  -10.48128
6486.1  -39.80479
6488.7  -42.76423
6491.3  63.66508
6493.9  68.19065
6496.5  -179.5517
6499.1  -115.5464
6501.7  109.7536
6504.3  54.71352
6506.9  -47.7288
6509.5  49.96608
6512.1  -85.07051
6514.7  -154.6921
6517.3  -131.1899
6519.9  -157.4492
6522.5  -164.9343
6525.1  -40.50422
6527.7  -75.8636
6530.3  -24.25126
6532.9  80.29884
6535.5  -5.442361
6538.1  -200.5867
6540.7  3.710182
6543.3  42.64809
6545.9  -8.096313
6548.5  35.36563
6551.1  119.9419
6553.7  82.0546
6556.3  -43.37808
6558.9  61.68454
6561.5  -95.79906
6564.1  115.741
6566.7  104.0867
6569.3  155.7318
6571.9  -54.15322
6574.5  77.10258
6577.1  -87.24458
6579.7  15.53878
6582.3  68.10968
6584.9  39.40781
6587.5  -64.88969
6590.1  27.5904
6592.7  7.818933
6595.3  75.68765
6597.9  -160.2005
6600.5  -169.9484
6603.1  -0.8606383
6605.7  -94.22382
6608.3  -124.8731
6610.9  27.88553
6613.5  119.9622
6616.1  -246.0949
6618.7  131.2098
6621.3  60.98111
6623.9  100.9535
6626.5  56.15021
6629.1  -41.26265
6631.7  129.2965
6634.3  87.74123
6636.9  -99.06591
6639.5  131.2291
6642.1  74.36093
6644.7  -77.73906
6647.3  84.20798
6649.9  -4.278557
6652.5  59.04171
6655.1  87.28615
6657.7  24.3222
6660.3  96.24744
6662.9  -61.74517
6665.5  122.0691
6668.1  139.8572
6670.7  135.314
6673.3  41.86893
6675.9  -50.2683
6678.5  94.0294
6681.1  178.4213
6683.7  213.481
6686.3  62.40334
6688.9  -1.130436
6691.5  -69.69737
6694.1  50.69081
6696.7  214.1996
6699.3  140.8943
6701.9  101.0626
6704.5  47.00835
6707.1  7.838262
6709.7  58.33812
6712.3  -28.73323
6714.9  52.48549
6717.5  103.4726
6720.1  190.0657
6722.7  202.4097
6725.3  296.6961
6727.9  228.8637
6730.5  86.0431
6733.1  97.8576
6735.7  108.5185
6738.3  136.8636
6740.9  126.1865
6743.5  40.04803
6746.1  95.05791
6748.7  185.9067
6751.3  84.94675
6753.9  -82.94154
6756.5  159.0493
6759.1  188.466
6761.7  91.93597
6764.3  174.1178
6766.9  126.0419
6769.5  184.5104
6772.1  180.2651
6774.7  -36.15657
6777.3  110.7495
6779.9  260.2024
6782.5  184.5301
6785.1  252.1938
6787.7  262.808
6790.3  158.9233
6792.9  205.105
6795.5  133.3317
6798.1  41.61446
6800.7  122.8585
6803.3  350.5787
6805.9  225.1625
6808.5  227.567
6811.1  212.6009
6813.7  95.26904
6816.3  102.176
6818.9  178.6665
6821.5  260.5092
6824.1  271.2838
6826.7  317.5653
6829.3  193.3463
6831.9  273.4334
6834.5  374.1636
6837.1  327.9059
6839.7  314.6085
6842.3  344.5659
6844.9  310.2765
6847.5  277.1239
6850.1  275.2422
6852.7  225.1773
6855.3  358.5953
6857.9  80.8161
6860.5  270.4772
6863.1  293.0312
6865.7  219.6077
6868.3  151.4007
6870.9  159.0399
6873.5  317.9548
6876.1  126.0033
6878.7  333.7684
6881.3  266.6966
6883.9  222.2003
6886.5  220.9232
6889.1  268.9722
6891.7  324.0148
6894.3  113.9035
6896.9  192.1501
6899.5  294.8948
6902.1  353.8534
6904.7  310.7672
6907.3  427.3867
6909.9  216.583
6912.5  385.3513
6915.1  310.2031
6917.7  122.8205
6920.3  352.7371
6922.9  185.42
6925.5  289.4213
6928.1  307.4894
6930.7  276.8526
6933.3  289.8128
6935.9  352.4377
6938.5  349.1394
6941.1  409.499
6943.7  295.5732
6946.3  260.2706
6948.9  291.0683
6951.5  327.94
6954.1  285.8294
6956.7  382.3317
6959.3  333.3991
6961.9  308.1837
6964.5  328.7681
6967.1  323.9186
6969.7  223.754
6972.3  410.776
6974.9  212.7968
6977.5  236.7467
6980.1  361.2026
6982.7  478.4245
6985.3  498.3275
6987.9  457.8319
6990.5  456.9828
6993.1  419.8478
6995.7  251.8901
6998.3  314.1547
7000.9  435.2259
7003.5  445.091
7006.1  474.6647
7008.7  398.3195
7011.3  470.8838
7013.9  471.1969
7016.5  412.7937
7019.1  431.0084
7021.7  385.4323
7024.3  467.4953
7026.9  389.6911
7029.5  438.7744
7032.1  385.9503
7034.7  312.3801
7037.3  324.631
7039.9  289.4386
7042.5  216.4834
7045.1  427.6617
7047.7  386.3165
7050.3  441.7573
7052.9  305.3586
7055.5  331.9045
7058.1  507.5713
7060.7  380.7092
7063.3  318.6674
7065.9  517.0306
7068.5  494.7415
7071.1  498.5269
7073.7  447.6585
7076.3  424.6238
7078.9  518.3264
7081.5  411.9797
7084.1  396.6591
7086.7  567.4188
7089.3  452.3559
7091.9  359.1453
7094.5  518.6877
7097.1  422.2572
7099.7  437.6201
7102.3  495.0002
7104.9  495.8102
7107.5  555.4199
7110.1  696.0435
7112.7  637.5226
7115.3  498.7341
7117.9  574.1567
7120.5  560.5754
7123.1  583.0408
7125.7  598.83
7128.3  583.2237
7130.9  462.7265
7133.5  408.9543
7136.1  442.8377
7138.7  562.5356
7141.3  533.8736
7143.9  615.611
7146.5  669.386
7149.1  728.1796
7151.7  596.9927
7154.3  518.1355
7156.9  549.3555
7159.5  503.2341
7162.1  439.0589
7164.7  519.3445
7167.3  719.4543
7169.9  552.4603
7172.5  435.3946
7175.1  466.9755
7177.7  555.4389
7180.3  637.9524
7182.9  596.8169
7185.5  561.1671
7188.1  655.5809
7190.7  609.3042
7193.3  511.2761
7195.9  388.5736
7198.5  578.8717
7201.1  677.4922
7203.7  475.44
7206.3  665.9398
7208.9  607.9142
7211.5  589.7412
7214.1  621.2347
7216.7  673.5497
7219.3  645.4722
7221.9  554.844
7224.5  657.9944
7227.1  642.8652
7229.7  693.256
7232.3  588.7549
7234.9  480.0498
7237.5  680.9001
7240.1  626.4647
7242.7  643.0938
7245.3  628.2281
7247.9  525.0878
7250.5  489.8702
7253.1  628.7994
7255.7  607.9799
7258.3  713.6231
7260.9  650.437
7263.5  547.7389
7266.1  686.4703
7268.7  725.8914
7271.3  613.2127
7273.9  718.0159
7276.5  761.405
7279.1  719.2155
7281.7  626.5355
7284.3  620.6761
7286.9  782.3419
7289.5  606.876
7292.1  756.9338
7294.7  1018.838
7297.3  789.6132
7299.9  801.6418
7302.5  770.6431
7305.1  450.4513
7307.7  490.1255
7310.3  611.8539
7312.9  962.4686
7315.5  651.8369
7318.1  825.6746
7320.7  708.9002
7323.3  802.7616
7325.9  982.6206
7328.5  813.8934
7331.1  769.3912
7333.7  749.778
7336.3  896.3723
7338.9  833.8347
7341.5  820.6758
7344.1  828.053
7346.7  626.8794
7349.3  742.0511
7351.9  672.192
7354.5  727.6625
7357.1  717.392
7359.7  813.8901
7362.3  786.6011
7364.9  748.7123
7367.5  655.3971
7370.1  1025.35
7372.7  1067.788
7375.3  934.4219
7377.9  832.8731
7380.5  770.8273
7383.1  835.8753
7385.7  767.847
7388.3  941.0912
7390.9  934.1937
7393.5  977.5535
7396.1  717.9448
7398.7  747.1234
7401.3  889.2193
7403.9  870.433
7406.5  760.5656
7409.1  957.6095
7411.7  738.7666
7414.3  867.2113
7416.9  721.4485
7419.5  756.783
7422.1  971.4866
7424.7  783.3735
7427.3  821.5014
7429.9  820.0003
7432.5  875.8434
7435.1  1070.063
7437.7  796.2628
7440.3  862.384
7442.9  942.3782
7445.5  986.0738
7448.1  796.7026
7450.7  747.596
7453.3  923.743
7455.9  971.9653
7458.5  1154.038
7461.1  1132.962
7463.7  958.048
7466.3  1203.412
7468.9  827.6777
7471.5  816.0156
7474.1  1077.484
7476.7  792.4457
7479.3  1100.715
7481.9  1099.636
7484.5  1033.798
7487.1  997.2949
7489.7  1005.428
7492.3  991.8638
7494.9  963.8718
7497.5  1050.161
7500.1  1035.445
7502.7  925.9614
7505.3  1000.496
7507.9  1133.641
7510.5  962.3616
7513.1  973.9753
7515.7  1040.918
7518.3  1043.318
7520.9  1043.313
7523.5  978.6056
7526.1  1017.32
7528.7  1036.669
7531.3  1053.68
7533.9  1039.282
7536.5  1065.355
7539.1  1071.647
7541.7  1084.178
7544.3  977.4873
7546.9  1111.732
7549.5  1129.929
7552.1  1099.261
7554.7  1007.802
7557.3  1008.961
7559.9  1172.865
7562.5  1201.723
7565.1  1171.759
7567.7  1106.64
7570.3  1094.185
7572.9  1185.718
7575.5  1129.26
7578.1  1155.321
7580.7  1251.355
7583.3  1184.688
7585.9  1224.88
7588.5  1120.845
7591.1  955.6492
7593.7  796.4257
7596.3  465.3672
7598.9  384.9957
7601.5  360.5052
7604.1  283.4352
7606.7  375.5479
7609.3  384.3539
7611.9  521.0452
7614.5  793.5421
7617.1  921.266
7619.7  886.2159
7622.3  711.2239
7624.9  606.4899
7627.5  648.1205
7630.1  619.5399
7632.7  695.2013
7635.3  745.9148
7637.9  796.7211
7640.5  794.0399
7643.1  779.3145
7645.7  762.6101
7648.3  804.3676
7650.9  910.4919
7653.5  881.1144
7656.1  880.7433
7658.7  841.2711
7661.3  816.582
7663.9  824.1884
7666.5  962.5522
7669.1  1046.182
7671.7  1143.765
7674.3  1217.272
7676.9  1260.971
7679.5  1248.797
7682.1  1307.86
7684.7  1378.276
7687.3  1243.409
7689.9  1033.661
7692.5  1012.001
7695.1  901.6433
7697.7  911.4971
7700.3  1122.112
7702.9  1159.441
7705.5  1239.203
7708.1  1223.641
7710.7  1225.526
7713.3  1256.259
7715.9  1330.962
7718.5  1401.163
7721.1  1291.501
7723.7  1228.943
7726.3  1255.401
7728.9  1350.134
7731.5  1360.6
7734.1  1252.218
7736.7  1344.425
7739.3  1478.907
7741.9  1632.418
7744.5  1332.262
7747.1  1265.819
7749.7  1515.403
7752.3  1405.789
7754.9  1440.905
7757.5  1350.083
7760.1  1452.621
7762.7  1394.037
7765.3  1384.71
7767.9  1480.485
7770.5  1565.989
7773.1  1435.187
7775.7  1355.176
7778.3  1445.743
7780.9  1525.673
7783.5  1573.291
7786.1  1430.13
7788.7  1475.168
7791.3  1586.525
7793.9  1420.443
7796.5  1506.438
7799.1  1511.159
7801.7  1574.724
7804.3  1547.796
7806.9  1577.182
7809.5  1567.859
7812.1  1607.803
7814.7  1486.592
7817.3  1762.259
7819.9  1754.001
7822.5  1690.559
7825.1  1616.868
7827.7  1616.014
7830.3  1761.412
7832.9  1748.927
7835.5  1578.624
7838.1  1530.193
7840.7  1656.124
7843.3  1673.293
7845.9  1591.551
7848.5  1656.141
7851.1  1694.961
7853.7  1600.311
7856.3  1576.842
7858.9  1565.187
7861.5  1665.994
7864.1  1757.623
7866.7  1656.867
7869.3  1572.282
7871.9  1732.056
7874.5  1719.172
7877.1  1666.657
7879.7  1498.333
7882.3  1713.947
7884.9  1988.088
7887.5  1766.041
7890.1  1718.019
7892.7  1485.72
7895.3  1533.519
7897.9  1701.741
7900.5  1680.55
7903.1  1692.467
7905.7  1651.056
7908.3  1739.092
7910.9  1581.565
7913.5  1494.564
7916.1  1599.581
7918.7  1476.975
7921.3  1506.457
7923.9  1633.048
7926.5  1620.192
7929.1  1620.747
7931.7  1663.981
7934.3  1500.97
7936.9  1614.587
7939.5  1781.538
7942.1  1666.192
7944.7  1768.241
7947.3  1803.691
7949.9  1679.463
7952.5  1800.987
7955.1  1861.937
7957.7  1698.607
7960.3  1673.899
7962.9  1872.165
7965.5  1685.781
7968.1  1809.302
7970.7  1818.299
7973.3  1890.285
7975.9  1982.109
7978.5  1798.416
7981.1  1707.161
7983.7  1684.02
7986.3  1761.454
7988.9  1675.404
7991.5  1764.243
7994.1  1944.248
7996.7  2023.287
7999.3  1847.783
8001.9  1668.488
8004.5  2032.795
8007.1  1923.095
8009.7  2021.811
8012.3  1730.069
8014.9  2030.097
8017.5  1824.297
8020.1  1750.299
8022.7  1849.026
8025.3  1850.429
8027.9  2032.543
8030.5  2029.24
8033.1  1904.436
8035.7  2103.518
8038.3  1871.437
8040.9  1688.368
8043.5  1887.567
8046.1  1865.908
8048.7  1803.324
8051.3  2016.733
8053.9  1837.439
8056.5  2014.394
8059.1  2128.836
8061.7  2106.412
8064.3  1949.142
8066.9  1981.169
8069.5  1987.082
8072.1  1982.22
8074.7  1895.854
8077.3  1876.221
8079.9  2029.98
8082.5  2028.767
8085.1  1811.041
8087.7  1996.483
8090.3  1924.241
8092.9  1864.293
8095.5  2038.987
8098.1  1924.682
8100.7  1879.312
8103.3  2043.801
8105.9  2084.397
8108.5  1909.408
8111.1  1826.843
8113.7  1915.695
8116.3  2018.309
8118.9  2122.752
8121.5  2191.014
8124.1  2088.578
8126.7  1968.727
8129.3  1965.85
8131.9  1947.132
8134.5  1941.017
8137.1  1977.101
8139.7  1867.001
8142.3  1795.956
8144.9  1951.51
8147.5  2184.301
8150.1  2056.059
8152.7  1944.754
8155.3  2016.526
8157.9  1915.899
8160.5  2026.461
8163.1  1898.121
8165.7  2028.076
8168.3  1898.377
8170.9  2004.022
8173.5  1866.869
8176.1  1905.316
8178.7  1827.849
8181.3  1893.128
8183.9  1975.121
8186.5  2067.476
8189.1  2104.266
8191.7  2141.402
8194.3  2083.013
8196.9  2055.477
8199.5  2046.637
8202.1  2101.464
8204.7  2238.514
8207.3  2043.656
8209.9  2119.021
8212.5  2135.735
8215.1  2171.213
8217.7  2011.89
8220.3  2102.54
8222.9  2194.177
8225.5  2036.764
8228.1  1958.111
8230.7  1925.906
8233.3  2109.637
8235.9  2316.071
8238.5  2384.946
8241.1  2288.458
8243.7  2193.392
8246.3  2259.912
8248.9  2233.153
8251.5  2262.925
8254.1  2304.199
8256.7  2390.159
8259.3  2242.774
8261.9  2289.665
8264.5  2368.076
8267.1  2370.909
8269.7  2439.451
8272.3  2244.414
8274.9  2272.57
8277.5  2256.178
8280.1  1985.176
8282.7  2073.771
8285.3  2416.842
8287.9  2457.195
8290.5  2270.441
8293.1  2098.534
8295.7  2270.784
8298.3  2332.077
8300.9  2209.55
8303.5  2398.061
8306.1  2296.817
8308.7  2261.874
8311.3  2293.112
8313.9  2362.198
8316.5  2237.863
8319.1  2417.929
8321.7  2267.048
8324.3  2235.635
8326.9  2327.369
8329.5  2339.561
8332.1  2492.61
8334.7  2342.605
8337.3  2213.666
8339.9  2341.574
8342.5  2523.626
8345.1  2306.824
8347.7  2393.638
8350.3  2169.572
8352.9  1996.538
8355.5  2672.132
8358.1  2308.349
8360.7  2557.617
8363.3  2529.113
8365.9  2233.919
8368.5  2287.961
8371.1  2221.384
8373.7  2510.609
8376.3  2445.227
8378.9  2573.262
8381.5  2353.316
8384.1  2318.647
8386.7  2555.012
8389.3  2547.429
8391.9  2216.36
8394.5  2389.844
8397.1  2547.922
8399.7  2349.698
8402.3  2650.089
8404.9  2509.192
8407.5  2463.673
8410.1  2473.48
8412.7  2402.976
8415.3  2420.449
8417.9  2562.244
8420.5  2447.104
8423.1  2182.57
8425.7  2297.602
8428.3  2536.332
8430.9  2510.848
8433.5  2571.155
8436.1  2845.274
8438.7  2693.069
8441.3  2667.63
8443.9  2849.177
8446.5  2798.166
8449.1  2680.447
8451.7  2604.344
8454.3  2561.165
8456.9  2520.712
8459.5  2545.543
8462.1  2429.12
8464.7  2529.668
8467.3  2938.081
8469.9  2786.02
8472.5  2896.357
8475.1  2932.839
8477.7  2693.453
8480.3  2729.922
8482.9  2642.87
8485.5  2736.487
8488.1  2723.889
8490.7  2498.005
8493.3  2289.154
8495.9  2484.666
8498.5  2272.959
8501.1  2801.738
8503.7  2927.137
8506.3  2826.174
8508.9  2837.656
8511.5  2618.929
8514.1  2709.822
8516.7  2853.723
8519.3  2937.281
8521.9  2760.216
8524.5  2909.449
8527.1  2753.721
8529.7  2825.962
8532.3  2687.632
8534.9  2279.103
8537.5  1926.178
8540.1  1845.952
8542.7  2055.547
8545.3  2621.493
8547.9  2697.593
8550.5  2534.378
8553.1  2712.519
8555.7  2708.094
8558.3  2621.253
8560.9  2756.438
8563.5  2917.708
8566.1  2864.886
8568.7  2796.388
8571.3  2786.17
8573.9  2732.452
8576.5  2854.813
8579.1  2932.429
8581.7  2773.466
8584.3  2915.891
8586.9  3060.395
8589.5  2953.808
8592.1  2886.691
8594.7  2937.299
8597.3  2918.398
8599.9  2860.482
8602.5  2770.607
8605.1  2786.636
8607.7  3014.142
8610.3  2766.208
8612.9  2659.841
8615.5  2949.844
8618.1  2739.131
8620.7  2690.657
8623.3  2750.696
8625.9  2730.277
8628.5  2932.277
8631.1  2736.922
8633.7  3106.156
8636.3  2837.229
8638.9  2872.027
8641.5  2820.831
8644.1  2743.144
8646.7  2628.03
8649.3  2941.23
8651.9  2600.48
8654.5  2354.426
8657.1  2332.697
8659.7  2149.395
8662.3  2452.758
8664.9  2701.593
8667.5  3148.883
8670.1  2997.656
8672.7  2975.097
8675.3  3019.542
8677.9  3028.302
8680.5  3067.272
8683.1  3123.184
8685.7  3172.641
8688.3  3089.403
8690.9  3139.422
8693.5  3260.252
8696.1  3120.989
8698.7  3023.739
8701.3  3081.008
8703.9  3173.144
8706.5  3175.927
8709.1  3071.203
8711.7  3099.201
8714.3  3149.43
8716.9  3225.303
8719.5  3321.75
8722.1  3304.441
8724.7  3198.522
8727.3  3132.532
8729.9  3247.485
8732.5  3345.179
8735.1  3234.905
8737.7  3241.676
8740.3  3249.194
8742.9  3191.474
8745.5  3128.274
8748.1  3171.748
8750.7  3071.65
8753.3  3180.548
8755.9  3024.821
8758.5  2942.365
8761.1  2859.542
8763.7  3026.288
8766.3  3182.931
8768.9  3048.068
8771.5  3135.893
8774.1  3515.793
8776.7  3426.876
8779.3  3282.243
8781.9  3397.147
8784.5  3380.95
8787.1  3362.957
8789.7  3351.606
8792.3  3349.2
8794.9  3254.829
8797.5  3397.088
8800.1  3116.215
8802.7  3122.851
8805.3  3053.155
8807.9  3237.187
8810.5  3381.519
8813.1  3310.083
8815.7  3422.956
8818.3  3287.534
8820.9  2658.905
8823.5  3131.734
8826.1  3618.562
8828.7  3630.731
8831.3  3561.616
8833.9  3671.754
8836.5  3463.295
8839.1  3391.65
8841.7  3414.567
8844.3  3252.416
8846.9  3318.514
8849.5  3398.479
8852.1  3504.962
8854.7  3187.47
8857.3  3505.392
8859.9  3097.396
8862.5  3066.313
8865.1  3210.111
8867.7  3271.013
8870.3  3179.274
8872.9  3190.273
8875.5  3192.007
8878.1  3063.141
8880.7  2813.709
8883.3  3185.681
8885.9  3491.295
8888.5  3534.865
8891.1  3483.459
8893.7  3162.802
8896.3  2991.865
8898.9  3358.111
8901.5  3378.555
8904.1  3284.683
8906.7  3104.924
8909.3  3421.759
8911.9  2959.159
8914.5  2563.95
8917.1  3140.401
8919.7  3505.173
8922.3  3449.686
8924.9  3692.805
8927.5  3606.508
8930.1  3392.39
8932.7  3349.766
8935.3  3329.018
8937.9  3363.145
8940.5  3215.583
8943.1  3309.906
8945.7  3327.157
8948.3  3189.083
8950.9  3120.159
8953.5  3208.48
8956.1  3280.23
8958.7  3028.659
8961.3  3365.381
8963.9  3517.341
8966.5  3218.22
8969.1  3140.635
8971.7  3093.841
8974.3  3167.743
8976.9  3190.988
8979.5  3351.74
8982.1  3045.844
8984.7  3179.315
8987.3  2894.47
8989.9  2814.861
8992.5  2793.93
8995.1  3063.242
8997.7  3278.579
9000.3  3441.333
9002.9  3125.301
9005.5  3012.902
9008.1  3101.945
9010.7  3035.293
9013.3  3035.699
9015.9  3020.355
9018.5  3124.645
9021.1  3315.112
9023.7  3231.396
9026.3  3180.451
9028.9  3281.958
9031.5  3187.522
9034.1  3251.623
9036.7  3453.521
9039.3  3344.797
9041.9  3204.925
9044.5  3348.032
9047.1  3465.05
9049.7  3415.687
9052.3  3288.289
9054.9  3246.219
9057.5  3132.393
9060.1  3136.497
9062.7  3273.263
9065.3  3300.472
9067.9  3271.364
9070.5  3133.472
9073.1  3166.488
9075.7  3069.233
9078.3  3115.583
9080.9  2913.281
9083.5  2749.606
9086.1  2882.786
9088.7  3080.983
9091.3  3032.384
9093.9  3015.49
9096.5  2958.948
9099.1  3064.046
9101.7  3004.285
9104.3  2811.997
9106.9  2938.659
9109.5  2927.462
9112.1  3036.529
9114.7  2989.226
9117.3  2890.92
9119.9  3034.121
9122.5  3187.72
9125.1  2983.521
9127.7  2785.727
9130.3  2847.298
9132.9  2826.734
9135.5  2837.648
9138.1  3006.479
9140.7  2952.885
9143.3  2962.775
9145.9  2987.625
9148.5  2803.525
9151.1  2757.337
9153.7  2703.135
9156.3  2777.669
9158.9  2876.614
9161.5  2832.507
9164.1  2721.823
9166.7  2747.381
9169.3  2780.39
9171.9  2775.615
9174.5  2812.06
9177.1  2781.885
9179.7  2815.949
9182.3  2881.822
9184.9  2994.853
9187.5  2732.654
9190.1  2968.058
9192.7  2780.608
9195.3  2910.697
9197.9  2800.509
9200.5  2869.329
9203.1  2846.675
9205.7  2989.825
9208.3  2828.802
9210.9  2720.034
9213.5  2796.461
9216.1  2991.314
9218.7  2958.023
9221.3  2720.352
9223.9  2743.988
9226.5  2924.624
9229.1  2821.856
9231.7  2730.586
9234.3  2892.133
9236.9  2884.751
9239.5  2882.775
9242.1  2720.271
9244.7  2674.162
9247.3  2809.365
9249.9  2760.465
9252.5  2766.091
9255.1  2751.35
9257.7  3060.23
9260.3  3054.406
9262.9  2817.496
9265.5  2878.551
9268.1  2918.255
9270.7  2645.114
9273.3  2825.932
9275.9  2756.334
9278.5  2687.983
9281.1  2657.351
9283.7  2596.139
9286.3  2665.641
9288.9  2695.741
9291.5  2656.891
9294.1  2465.254
9296.7  2383.537
9299.3  2281.665
9301.9  2156.864
9304.5  2203.768
9307.1  2090.227
9309.7  2591.137
9312.3  2377.978
9314.9  1884.659
9317.5  1969.021
9320.1  1811.744
9322.7  1916.717
9325.3  2101.776
9327.9  2218.685
9330.5  2254.11
9333.1  1783.222
9335.7  1740.731
9338.3  1730.697
9340.9  1447.597
9343.5  1498.026
9346.1  2052.672
9348.7  2100.472
9351.3  1841.626
9353.9  1674.708
9356.5  1733.285
9359.1  2036.407
9361.7  2096.56
9364.3  2080.111
9366.9  1704.246
9369.5  1354.917
9372.1  1717.318
9374.7  2036.14
9377.3  1859.13
9379.9  1990.355
9382.5  2125.822
9385.1  1970.054
9387.7  2113.078
9390.3  2478.135
9392.9  2326.955
9395.5  2148.46
9398.1  2080.75
9400.7  2233.697
9403.3  2211.363
9405.9  2001.729
9408.5  1930.649
9411.1  2049.664
9413.7  2106.402
9416.3  2059.115
9418.9  2072.713
9421.5  1902.599
9424.1  1847.145
9426.7  1856.772
9429.3  1942.499
9431.9  1892.112
9434.5  1819.995
9437.1  1798.445
9439.7  1507.93
9442.3  1806.944
9444.9  2172.27
9447.5  2069.444
9450.1  1889.008
9452.7  1744.398
9455.3  1685.559
9457.9  1740.032
9460.5  1965.007
9463.1  2049.142
9465.7  1831.658
9468.3  1973.071
9470.9  2025.186
9473.5  2010.311
9476.1  1685.348
9478.7  1726.475
9481.3  1826.473
9483.9  1894.665
9486.5  2108.841
9489.1  2044.185
9491.7  1647.604
9494.3  1541.395
9496.9  1434.401
9499.5  1449.709
9502.1  1711.216
9504.7  2105.437
9507.3  2260.941
9509.9  2095.844
9512.5  1922.099
9515.1  1807.875
9517.7  1667.622
9520.3  1477.108
9522.9  1674.993
9525.5  1954.01
9528.1  1818.4
9530.7  1900.583
9533.3  1776.651
9535.9  1766.682
9538.5  1740.119
9541.1  1670.446
9543.7  1602.196
9546.3  1801.324
9548.9  1866.416
9551.5  1781.734
9554.1  1637.537
9556.7  1658.766
9559.3  1786.133
9561.9  1596.684
9564.5  1517.368
9567.1  1623.174
9569.7  1822.774
9572.3  1843.83
9574.9  1683.785
9577.5  1767.184
9580.1  1860.289
9582.7  1858.668
9585.3  1727.785
9587.9  1671.774
9590.5  1680.6
9593.1  1661.78
9595.7  1594.64
9598.3  1668.355
9600.9  1843.056
9603.5  1692.92
9606.1  1629.717
9608.7  1835.136
9611.3  1850.223
9613.9  1801.629
9616.5  1690.705
9619.1  1678.
9621.7  1714.844
9624.3  1721.217
9626.9  1605.335
9629.5  1677.112
9632.1  1649.
9634.7  1370.91
9637.3  1616.289
9639.9  1712.945
9642.5  1606.053
9645.1  1672.972
9647.7  1706.535
9650.3  1763.044
9652.9  1910.203
9655.5  1629.879
9658.1  1540.943
9660.7  1577.67
9663.3  1723.096
9665.9  1617.86
9668.5  1490.634
9671.1  1721.786
9673.7  1736.895
9676.3  1603.281
9678.9  1561.96
9681.5  1479.869
9684.1  1525.786
9686.7  1469.133
9689.3  1525.475
9691.9  1612.364
9694.5  1561.433
9697.1  1561.889
9699.7  1652.043
9702.3  1606.457
9704.9  1611.083
9707.5  1504.921
9710.1  1514.704
9712.7  1630.194
9715.3  1809.201
9717.9  1731.811
9720.5  1447.852
9723.1  1576.617
9725.7  1238.604
9728.3  1457.804
9730.9  1533.352
9733.5  1593.035
9736.1  1441.052
9738.7  1275.759
9741.3  1497.445
9743.9  1522.988
9746.5  1457.156
9749.1  1484.458
9751.7  1417.175
9754.3  1453.255
9756.9  1456.777
9759.5  1411.634
9762.1  1448.032
9764.7  1477.539
9767.3  1472.593
9769.9  1401.309
9772.5  1366.735
9775.1  1463.496
9777.7  1374.332
9780.3  1345.142
9782.9  1238.404
9785.5  1596.315
9788.1  1336.041
9790.7  1496.237
9793.3  1430.221
9795.9  1115.353
9798.5  1084.945
9801.1  1422.506
9803.7  1267.451
9806.3  1284.933
9808.9  1367.926
9811.5  1345.979
9814.1  1398.634
9816.7  1451.784
9819.3  1255.761
9821.9  1233.15
9824.5  1193.942
9827.1  1152.37
9829.7  1208.628
9832.3  1197.203
9834.9  1245.067
9837.5  1270.538
9840.1  1274.931
9842.7  1352.732
9845.3  1262.085
9847.9  1175.263
9850.5  1261.952
9853.1  1185.596
9855.7  1096.885
9858.3  1175.056
9860.9  1225.061
9863.5  1225.506
9866.1  1444.021
9868.7  1399.407
9871.3  1178.754
9873.9  1218.142
9876.5  1217.768
9879.1  865.6573
9881.7  862.204
9884.3  1195.268
9886.9  1125.24
9889.5  1354.066
9892.1  1150.272
9894.7  1041.963
9897.3  967.2196
9899.9  988.0317
9902.5  914.625
9905.1  1091.159
9907.7  1163.65
9910.3  1338.041
9912.9  1180.701
9915.5  1002.708
9918.1  1116.896
9920.7  886.3288
9923.3  600.9478
9925.9  908.2532
9928.5  978.8422
9931.1  994.4354
9933.7  981.7236
9936.3  903.717
9938.9  1398.583
9941.5  1207.839
9944.1  1002.255
9946.7  930.9971
9949.3  916.6703
9951.9  1014.413
9954.5  613.2336
9957.1  1150.806
9959.7  972.4796
9962.3  938.0042
9964.9  715.503
9967.5  664.7091
9970.1  587.2024
9972.7  780.2321
9975.3  808.3078
9977.9  816.0553
9980.5  749.1606
9983.1  790.0591
9985.7  846.2527
9988.3  764.9529
9990.9  766.4658
9993.5  796.8585
9996.1  734.3479
9998.7  717.9709
