3501.3  -0.009492122
3503.9  -0.01709843
3506.5  -0.002121703
3509.1  0.008397179
3511.7  -0.007532822
3514.3  -0.009897881
3516.9  -0.007793101
3519.5  -0.002688877
3522.1  -0.01160781
3524.7  -0.004834483
3527.3  0.006381107
3529.9  0.001828784
3532.5  -0.002607889
3535.1  -0.004203664
3537.7  0.01144595
3540.3  0.002554993
3542.9  0.002489329
3545.5  0.001766253
3548.1  0.001196235
3550.7  0.01359128
3553.3  3.049830E-4
3555.9  0.008776004
3558.5  0.006317059
3561.1  0.01591498
3563.7  0.008275276
3566.3  -0.001561471
3568.9  -0.003859978
3571.5  0.006839598
3574.1  0.009047757
3576.7  0.001351207
3579.3  0.005417731
3581.9  0.004738097
3584.5  0.00165542
3587.1  -0.008121404
3589.7  0.004968946
3592.3  -0.006081693
3594.9  -0.005509994
3597.5  0.006789309
3600.1  -0.01352907
3602.7  -0.001538374
3605.3  -0.003864245
3607.9  -0.004737178
3610.5  0.002736132
3613.1  -0.00417573
3615.7  -0.01126058
3618.3  0.007225865
3620.9  -0.001962134
3623.5  -0.004258076
3626.1  0.01921958
3628.7  -0.005576598
3631.3  0.004320764
3633.9  -0.001215049
3636.5  -0.001648804
3639.1  -0.01488107
3641.7  -0.007259542
3644.3  0.01262422
3646.9  0.01120023
3649.5  0.001075224
3652.1  0.005487479
3654.7  0.002670131
3657.3  -0.009895405
3659.9  -0.001515144
3662.5  0.005482773
3665.1  0.008970129
3667.7  -0.007948275
3670.3  -3.973188E-5
3672.9  0.01137584
3675.5  0.004034281
3678.1  0.006087099
3680.7  -0.01215648
3683.3  0.01085937
3685.9  0.001023513
3688.5  -0.01257891
3691.1  0.009691063
3693.7  -0.006256217
3696.3  -0.006485751
3698.9  -0.01162976
3701.5  -0.01221674
3704.1  -0.02155961
3706.7  0.00342722
3709.3  -0.02052648
3711.9  0.008490611
3714.5  9.470053E-5
3717.1  -0.002822156
3719.7  0.014793
3722.3  -0.001814855
3724.9  -0.01434891
3727.5  -0.002256146
3730.1  -0.002688225
3732.7  0.01522112
3735.3  -0.003072058
3737.9  -0.005453755
3740.5  -0.009637129
3743.1  0.01830114
3745.7  0.01327858
3748.3  0.008321464
3750.9  0.00797322
3753.5  0.004407679
3756.1  -0.007417168
3758.7  6.143319E-4
3761.3  0.01215845
3763.9  0.004494892
3766.5  0.007563962
3769.1  -0.008562081
3771.7  -0.01976328
3774.3  -0.0281422
3776.9  -0.00143208
3779.5  -0.02337347
3782.1  -0.01176033
3784.7  -0.02186964
3787.3  -0.0206241
3789.9  0.01926231
3792.5  0.001998562
3795.1  -0.003601772
3797.7  -0.01010131
3800.3  0.006820227
3802.9  -0.008997862
3805.5  0.006628544
3808.1  0.003529326
3810.7  0.02535679
3813.3  -0.002015176
3815.9  0.01178541
3818.5  0.003812854
3821.1  0.009193904
3823.7  0.01956874
3826.3  0.02252198
3828.9  -0.005473656
3831.5  -0.01276177
3834.1  -0.009949361
3836.7  0.01474814
3839.3  0.02616628
3841.9  0.001990837
3844.5  0.006791354
3847.1  -0.004281582
3849.7  0.01191204
3852.3  0.01514917
3854.9  -0.006385407
3857.5  0.003797171
3860.1  0.0360345
3862.7  0.01785678
3865.3  -0.01965564
3867.9  -0.009615232
3870.5  0.02038006
3873.1  -0.00584462
3875.7  -0.007746004
3878.3  0.008724227
3880.9  0.002806606
3883.5  -0.00308516
3886.1  -0.01143722
3888.7  0.03153475
3891.3  0.003514151
3893.9  0.01850387
3896.5  -0.006283398
3899.1  0.006374745
3901.7  0.003190941
3904.3  0.01626991
3906.9  -0.03027623
3909.5  0.01830517
3912.1  0.02306701
3914.7  -0.01366918
3917.3  0.05044042
3919.9  0.02985364
3922.5  -0.006438291
3925.1  0.006094955
3927.7  -0.01470313
3930.3  -0.04024107
3932.9  -0.01000787
3935.5  -0.0132989
3938.1  -0.01582508
3940.7  0.005745052
3943.3  0.01034474
3945.9  0.0322592
3948.5  0.0341085
3951.1  -0.001968293
3953.7  -0.01383975
3956.3  0.009788674
3958.9  -0.02545849
3961.5  -0.03786366
3964.1  -0.003768707
3966.7  0.00919388
3969.3  -0.02391271
3971.9  0.03907528
3974.5  -0.02400645
3977.1  -0.002624628
3979.7  0.02022337
3982.3  -0.01127276
3984.9  -0.0358981
3987.5  -0.03945874
3990.1  -0.03841356
3992.7  0.1111201
3995.3  -0.1389133
3997.9  0.2893666
4000.5  0.8381261
4003.1  0.02265291
4005.7  0.04791923
4008.3  0.006837607
4010.9  0.01836737
4013.5  -0.1180875
4016.1  0.007151233
4018.7  0.02021363
4021.3  0.03339183
4023.9  -0.00714416
4026.5  -0.01615989
4029.1  0.02101774
4031.7  -0.01529376
4034.3  -0.03497692
4036.9  -0.004000431
4039.5  -0.003912881
4042.1  -0.01442704
4044.7  0.0203086
4047.3  0.002350566
4049.9  -0.03287255
4052.5  -0.00923659
4055.1  -7.156400E-5
4057.7  -0.001071782
4060.3  0.001160423
4062.9  0.02099009
4065.5  -0.03379853
4068.1  -0.01382826
4070.7  0.01678133
4073.3  -0.01399548
4075.9  0.003894558
4078.5  -0.01783652
4081.1  -0.03574382
4083.7  0.02666955
4086.3  0.04926774
4088.9  0.02198998
4091.5  -0.002194396
4094.1  0.02332
4096.7  0.07054827
4099.3  0.03246335
4101.9  0.03501914
4104.5  0.01444284
4107.1  -0.01238512
4109.7  -0.02189442
4112.3  0.07451428
4114.9  0.004126829
4117.5  0.00601892
4120.1  0.03404903
4122.7  0.02922203
4125.3  0.01322027
4127.9  -0.01940304
4130.5  0.0121773
4133.1  -0.02919628
4135.7  0.09500581
4138.3  0.002484191
4140.9  0.04375471
4143.5  0.02998172
4146.1  0.01282122
4148.7  0.004264538
4151.3  -0.03018767
4153.9  0.05429343
4156.5  0.03161858
4159.1  -0.03018756
4161.7  -0.01590098
4164.3  -0.01638955
4166.9  0.009059125
4169.5  0.04305612
4172.1  0.06356199
4174.7  0.05129133
4177.3  -0.03196827
4179.9  -0.08276466
4182.5  -0.01219227
4185.1  0.02883322
4187.7  0.007232813
4190.3  0.01043904
4192.9  0.004771249
4195.5  0.01138113
4198.1  0.03523719
4200.7  -0.003872575
4203.3  -0.0103142
4205.9  -0.02050806
4208.5  0.05251323
4211.1  0.007287737
4213.7  -0.04012031
4216.3  -0.07001981
4218.9  -0.004577953
4221.5  0.03853505
4224.1  -0.02016494
4226.7  -0.03118389
4229.3  0.04232992
4231.9  0.03569398
4234.5  -0.009336216
4237.1  0.005476698
4239.7  0.02411922
4242.3  -0.01612237
4244.9  -0.02502982
4247.5  -0.006096434
4250.1  -0.002444461
4252.7  0.02529062
4255.3  0.05368182
4257.9  0.01601152
4260.5  -0.0213907
4263.1  -0.04502452
4265.7  -0.02168799
4268.3  -0.006120014
4270.9  -0.01720751
4273.5  0.003013787
4276.1  -0.02312596
4278.7  -0.04165648
4281.3  -0.03054341
4283.9  0.001681241
4286.5  0.03434517
4289.1  -0.04623975
4291.7  -0.02215606
4294.3  0.009061607
4296.9  0.002271864
4299.5  0.007069684
4302.1  0.07608566
4304.7  4.816092E-4
4307.3  0.1013923
4309.9  0.05861745
4312.5  -0.007635328
4315.1  0.03702449
4317.7  0.1127657
4320.3  0.01758017
4322.9  -0.01432423
4325.5  0.06020465
4328.1  -0.06119257
4330.7  0.04797072
4333.3  -0.06749233
4335.9  -0.06562947
4338.5  -0.04826478
4341.1  -0.04787485
4343.7  0.02170771
4346.3  -0.006226453
4348.9  -0.02866595
4351.5  -0.02540879
4354.1  0.05731365
4356.7  -0.005588876
4359.3  -0.05254816
4361.9  0.02734908
4364.5  -0.02067467
4367.1  -0.05396581
4369.7  0.01232807
4372.3  0.009565259
4374.9  0.04137278
4377.5  0.07734436
4380.1  -0.03380058
4382.7  -0.05245813
4385.3  -0.05414597
4387.9  -0.01065815
4390.5  0.01775536
4393.1  0.010228
4395.7  0.0473295
4398.3  -0.07087027
4400.9  -0.09339606
4403.5  -0.06132886
4406.1  -0.03790085
4408.7  0.006297424
4411.3  0.04642657
4413.9  -0.01759198
4416.5  0.02279077
4419.1  0.03870701
4421.7  0.04827689
4424.3  0.06124534
4426.9  0.01830805
4429.5  -0.04253659
4432.1  -0.01053084
4434.7  0.03825892
4437.3  0.01062943
4439.9  0.04560308
4442.5  -0.03061838
4445.1  -0.0677944
4447.7  0.04491417
4450.3  0.0460252
4452.9  0.02916529
4455.5  0.0732877
4458.1  0.02405134
4460.7  0.0797835
4463.3  -0.04838057
4465.9  -0.02009759
4468.5  -0.05188075
4471.1  0.001212965
4473.7  -0.09733716
4476.3  -0.1144732
4478.9  0.03474547
4481.5  -0.03939228
4484.1  -0.02113768
4486.7  0.08282797
4489.3  0.03393836
4491.9  -0.01907967
4494.5  -0.1378715
4497.1  0.07670149
4499.7  0.08235887
4502.3  0.1256079
4504.9  -0.01184638
4507.5  -0.1053457
4510.1  -0.0243522
4512.7  -0.04993121
4515.3  0.03744007
4517.9  0.0276315
4520.5  -0.03561063
4523.1  -0.07178844
4525.7  0.02116846
4528.3  -0.01471468
4530.9  0.04112432
4533.5  0.0371202
4536.1  -0.02043999
4538.7  -0.05452969
4541.3  0.09743859
4543.9  -0.0368572
4546.5  0.05679767
4549.1  -0.01863411
4551.7  -0.0462091
4554.3  0.07197933
4556.9  0.06601363
4559.5  -0.02109416
4562.1  -0.02292619
4564.7  0.05345326
4567.3  0.03969891
4569.9  -0.0689464
4572.5  0.03081389
4575.1  0.09375411
4577.7  0.1806774
4580.3  0.2057933
4582.9  0.05181271
4585.5  -0.08122078
4588.1  -0.06737214
4590.7  -0.04680935
4593.3  -0.2975023
4595.9  -0.06061395
4598.5  -0.04763718
4601.1  -0.07692222
4603.7  -0.0931344
4606.3  0.1158173
4608.9  0.07336685
4611.5  0.1065823
4614.1  -0.02769721
4616.7  0.08762547
4619.3  0.05648678
4621.9  -0.1232766
4624.5  -0.02375455
4627.1  -0.05829923
4629.7  0.1608694
4632.3  0.1705587
4634.9  -0.1055763
4637.5  -0.126847
4640.1  -0.1061824
4642.7  0.06765299
4645.3  -0.06272127
4647.9  -0.0301105
4650.5  -0.01120461
4653.1  -0.01240488
4655.7  -0.1837882
4658.3  -0.04144909
4660.9  0.1523332
4663.5  -0.08430224
4666.1  -0.08224776
4668.7  0.08411145
4671.3  0.0565093
4673.9  0.03729136
4676.5  -0.08058938
4679.1  -0.005668497
4681.7  -0.08860029
4684.3  0.4478314
4686.9  0.04055638
4689.5  0.0844003
4692.1  0.1728376
4694.7  0.1667342
4697.3  -0.009277853
4699.9  -0.09043626
4702.5  -0.1398176
4705.1  0.1163472
4707.7  -0.04969833
4710.3  0.2018499
4712.9  -0.1889576
4715.5  -0.1499297
4718.1  -0.001574682
4720.7  0.05011532
4723.3  -0.4943242
4725.9  -0.07096134
4728.5  -0.110213
4731.1  -0.08320546
4733.7  0.04772567
4736.3  0.07047784
4738.9  0.08376347
4741.5  0.2358616
4744.1  -0.179429
4746.7  0.115766
4749.3  -0.07889311
4751.9  0.9504671
4754.5  -0.02270347
4757.1  -0.366256
4759.7  -0.3462889
4762.3  -0.6113921
4764.9  -0.4949222
4767.5  -0.07017712
4770.1  0.4631768
4772.7  -0.4566028
4775.3  -0.82418
4777.9  0.2312419
4780.5  0.09762105
4783.1  -0.09041812
4785.7  -1.145752
4788.3  0.0491971
4790.9  -0.401495
4793.5  -1.23801
4796.1  -0.9626784
4798.7  -0.5216139
4801.3  -0.9150874
4803.9  0.3778781
4806.5  -0.4074341
4809.1  -1.756163
4811.7  -0.9361973
4814.3  -1.191984
4816.9  -1.040303
4819.5  -0.6303055
4822.1  -1.106724
4824.7  -1.772938
4827.3  -0.3232729
4829.9  -0.393651
4832.5  -0.3403563
4835.1  -1.51616
4837.7  -2.055264
4840.3  -0.2256177
4842.9  -0.3279906
4845.5  -2.007009
4848.1  -3.18647
4850.7  -0.9169108
4853.3  6.947772
4855.9  -2.951271
4858.5  -1.163956
4861.1  5.258657
4863.7  -4.525846
4866.3  -3.012493
4868.9  -3.083469
4871.5  -3.387124
4874.1  -10.5335
4876.7  -4.398418
4879.3  -14.48925
4881.9  -8.936811
4884.5  -10.67351
4887.1  14.33927
4889.7  -67.30653
4892.3  54.03943
4894.9  88.16154
4897.5  143.304
4900.1  6.212041
4902.7  -15.1225
4905.3  15.3413
4907.9  12.41952
4910.5  -6.189503
4913.1  9.356548
4915.7  6.292794
4918.3  4.241126
4920.9  10.60435
4923.5  7.363133
4926.1  16.13605
4928.7  9.046244
4931.3  5.030665
4933.9  8.057365
4936.5  7.232152
4939.1  12.84528
4941.7  1.229216
4944.3  2.609823
4946.9  1.151906
4949.5  1.695062
4952.1  6.203259
4954.7  2.392473
4957.3  3.861414
4959.9  5.288106
4962.5  4.632012
4965.1  3.491456
4967.7  3.176405
4970.3  2.269509
4972.9  4.509119
4975.5  2.42282
4978.1  2.704572
4980.7  1.599172
4983.3  0.8882776
4985.9  1.435857
4988.5  4.603077
4991.1  1.382449
4993.7  3.147645
4996.3  2.296172
4998.9  -0.1159812
5001.5  2.071867
5004.1  2.684608
5006.7  2.604146
5009.3  4.647722
5011.9  0.08954868
5014.5  1.599659
5017.1  3.144372
5019.7  2.582448
5022.3  1.300279
5024.9  0.2952611
5027.5  0.3109952
5030.1  3.464529
5032.7  -0.624159
5035.3  3.724625
5037.9  1.826888
5040.5  4.429217
5043.1  1.924507
5045.7  0.5495993
5048.3  2.02995
5050.9  2.239221
5053.5  1.915167
5056.1  3.361072
5058.7  0.8883562
5061.3  -0.09786994
5063.9  1.075595
5066.5  2.254862
5069.1  0.264208
5071.7  -0.5332601
5074.3  2.722816
5076.9  0.7224049
5079.5  1.847876
5082.1  1.874817
5084.7  1.541618
5087.3  1.218307
5089.9  2.018051
5092.5  2.561404
5095.1  1.496484
5097.7  1.816011
5100.3  1.474919
5102.9  1.686386
5105.5  0.7261113
5108.1  2.166029
5110.7  1.949733
5113.3  2.419824
5115.9  1.870355
5118.5  1.490531
5121.1  1.774672
5123.7  0.3766302
5126.3  3.865448
5128.9  1.561073
5131.5  3.037537
5134.1  1.920305
5136.7  1.18017
5139.3  2.441642
5141.9  1.874636
5144.5  1.059632
5147.1  0.08155433
5149.7  0.7425654
5152.3  1.622151
5154.9  1.919991
5157.5  1.45859
5160.1  0.1388912
5162.7  0.2447692
5165.3  1.584615
5167.9  1.353352
5170.5  1.697037
5173.1  1.470348
5175.7  1.452947
5178.3  0.7973109
5180.9  -0.3920138
5183.5  0.6229391
5186.1  3.496099
5188.7  1.772107
5191.3  1.619407
5193.9  1.747606
5196.5  0.7271351
5199.1  0.8232229
5201.7  1.476571
5204.3  0.4462506
5206.9  1.086764
5209.5  1.159804
5212.1  0.9776317
5214.7  1.805477
5217.3  1.844177
5219.9  1.019048
5222.5  1.654977
5225.1  2.36902
5227.7  1.195427
5230.3  1.693734
5232.9  1.552214
5235.5  1.606312
5238.1  0.9301291
5240.7  0.9297691
5243.3  0.7116874
5245.9  1.06454
5248.5  1.110224
5251.1  1.422574
5253.7  1.393664
5256.3  1.230622
5258.9  1.174801
5261.5  1.316286
5264.1  1.184348
5266.7  1.609672
5269.3  1.422194
5271.9  0.5325707
5274.5  0.6493608
5277.1  0.7270949
5279.7  2.269035
5282.3  1.514469
5284.9  1.048808
5287.5  1.728066
5290.1  1.226737
5292.7  1.760323
5295.3  2.406991
5297.9  0.7367159
5300.5  0.9495279
5303.1  1.102783
5305.7  0.9641601
5308.3  0.4952026
5310.9  1.048818
5313.5  1.222146
5316.1  0.8098507
5318.7  1.812747
5321.3  0.5571108
5323.9  0.4733428
5326.5  0.8429118
5329.1  1.00748
5331.7  0.9777487
5334.3  0.6583645
5336.9  0.6276619
5339.5  5.438694
5342.1  4.521956
5344.7  1.677023
5347.3  1.216024
5349.9  1.697099
5352.5  1.358957
5355.1  1.162635
5357.7  0.843898
5360.3  1.179403
5362.9  1.207671
5365.5  1.156687
5368.1  1.027959
5370.7  0.7999925
5373.3  0.9827872
5375.9  4.841237
5378.5  0.1994795
5381.1  0.9967
5383.7  2.3658
5386.3  1.388557
5388.9  0.6077754
5391.5  0.6444286
5394.1  1.341834
5396.7  0.980355
5399.3  0.4680643
5401.9  1.050927
5404.5  0.657382
5407.1  1.105893
5409.7  1.267074
5412.3  1.399393
5414.9  0.7699226
5417.5  1.205254
5420.1  0.8730372
5422.7  0.4980398
5425.3  0.911404
5427.9  0.6965616
5430.5  0.5643551
5433.1  2.455296
5435.7  6.415807
5438.3  0.9788296
5440.9  0.6845828
5443.5  0.8674339
5446.1  0.8673002
5448.7  0.5348707
5451.3  0.7574019
5453.9  1.345624
5456.5  0.9785358
5459.1  0.777961
5461.7  1.638391
5464.3  1.230312
5466.9  1.297715
5469.5  1.264933
5472.1  0.9064839
5474.7  0.2449325
5477.3  1.292469
5479.9  0.7212045
5482.5  0.5447118
5485.1  0.8965107
5487.7  0.6130102
5490.3  1.061679
5492.9  0.9465728
5495.5  1.900625
5498.1  0.6310937
5500.7  0.4634221
5503.3  0.5688603
5505.9  0.9098507
5508.5  0.8539571
5511.1  0.7555186
5513.7  1.20207
5516.3  1.196634
5518.9  0.8346905
5521.5  1.134937
5524.1  0.8199204
5526.7  0.8747867
5529.3  1.240525
5531.9  0.4645806
5534.5  0.9834104
5537.1  1.234243
5539.7  0.3516172
5542.3  0.8777339
5544.9  0.5246087
5547.5  0.9572759
5550.1  0.8015248
5552.7  1.122628
5555.3  0.2684967
5557.9  0.9431381
5560.5  1.256793
5563.1  0.9402027
5565.7  0.7848011
5568.3  0.5579445
5570.9  1.100911
5573.5  0.5752814
5576.1  0.8551416
5578.7  1.37629
5581.3  -1.264782
5583.9  -0.7793676
5586.5  0.4715369
5589.1  0.04530168
5591.7  1.359167
5594.3  1.178488
5596.9  0.9221461
5599.5  1.338479
5602.1  2.07643
5604.7  1.509033
5607.3  0.6596201
5609.9  1.232431
5612.5  0.7661171
5615.1  1.02695
5617.7  0.9062818
5620.3  0.2110954
5622.9  1.024263
5625.5  0.4462128
5628.1  1.249594
5630.7  1.101833
5633.3  0.1998558
5635.9  0.6443782
5638.5  0.4800856
5641.1  0.6362546
5643.7  1.201507
5646.3  0.995012
5648.9  1.11602
5651.5  0.7518196
5654.1  1.732359
5656.7  2.233791
5659.3  0.8565698
5661.9  0.7086532
5664.5  1.207335
5667.1  1.808349
5669.7  1.243477
5672.3  0.8329148
5674.9  1.152545
5677.5  1.227697
5680.1  0.8504177
5682.7  0.
5685.3  0.3024166
5687.9  1.120233
5690.5  1.375807
5693.1  0.9876306
5695.7  1.0259
5698.3  1.766705
5700.9  1.150087
5703.5  0.6233646
5706.1  0.533713
5708.7  0.7503866
5711.3  0.867928
5713.9  0.9641501
5716.5  0.6697617
5719.1  1.44162
5721.7  1.146424
5724.3  0.1396157
5726.9  0.8025037
5729.5  0.9854906
5732.1  1.012311
5734.7  1.274305
5737.3  1.003392
5739.9  0.6416173
5742.5  0.8564565
5745.1  0.9589683
5747.7  0.8003784
5750.3  0.5207671
5752.9  -0.0659511
5755.5  0.6478693
5758.1  0.7279652
5760.7  1.286551
5763.3  2.197789
5765.9  1.192561
5768.5  0.9740068
5771.1  0.8077796
5773.7  0.843652
5776.3  0.3258679
5778.9  0.7024214
5781.5  0.4825099
5784.1  0.6606714
5786.7  0.4370348
5789.3  0.2732032
5791.9  0.1657498
5794.5  -0.004822365
5797.1  0.8501778
5799.7  0.8023006
5802.3  0.5265315
5804.9  0.9974974
5807.5  1.018547
5810.1  0.6601158
5812.7  1.238597
5815.3  0.5811934
5817.9  1.112155
5820.5  0.9173207
5823.1  0.590311
5825.7  1.367812
5828.3  0.783731
5830.9  0.4050623
5833.5  0.5832167
5836.1  0.7042963
5838.7  0.9424626
5841.3  0.5987124
5843.9  0.7460442
5846.5  0.9407316
5849.1  0.8573838
5851.7  0.5724083
5854.3  0.6825299
5856.9  0.6695793
5859.5  0.6230166
5862.1  0.4501265
5864.7  0.7617149
5867.3  0.907553
5869.9  0.7110175
5872.5  0.6819288
5875.1  1.76091
5877.7  1.086321
5880.3  0.717503
5882.9  1.435877
5885.5  0.3535339
5888.1  1.850637
5890.7  -0.1593771
5893.3  0.7071966
5895.9  1.021876
5898.5  0.396625
5901.1  -0.2756025
5903.7  1.461398
5906.3  0.9485019
5908.9  0.9615409
5911.5  0.6960642
5914.1  0.4969949
5916.7  0.8406236
5919.3  0.557389
5921.9  0.6508798
5924.5  0.461716
5927.1  0.4924415
5929.7  0.2572289
5932.3  0.8532858
5934.9  0.9413461
5937.5  0.5515416
5940.1  0.900679
5942.7  0.5135947
5945.3  1.117362
5947.9  1.078709
5950.5  0.2569527
5953.1  0.7355877
5955.7  0.9153545
5958.3  0.4211003
5960.9  0.8828025
5963.5  0.6698447
5966.1  0.8806064
5968.7  0.5031918
5971.3  1.275109
5973.9  1.081866
5976.5  1.270596
5979.1  0.1880987
5981.7  0.7976235
5984.3  1.212432
5986.9  0.8098273
5989.5  0.8379603
5992.1  0.5222448
5994.7  1.100278
5997.3  0.9192362
5999.9  0.8610508
6002.5  0.8161795
6005.1  0.9536657
6007.7  0.1752451
6010.3  0.4171638
6012.9  0.9896498
6015.5  0.7236476
6018.1  1.054167
6020.7  0.57819
6023.3  0.5644658
6025.9  1.319684
6028.5  1.05197
6031.1  -0.2277064
6033.7  -0.1729285
6036.3  1.25771
6038.9  1.472631
6041.5  1.12509
6044.1  1.320033
6046.7  0.7978238
6049.3  1.198923
6051.9  1.037292
6054.5  0.9067433
6057.1  0.6965891
6059.7  0.1530517
6062.3  1.379396
6064.9  1.080788
6067.5  0.6665345
6070.1  0.9966575
6072.7  1.310599
6075.3  0.4781768
6077.9  0.2608601
6080.5  1.285352
6083.1  0.3767309
6085.7  0.9499531
6088.3  0.8100645
6090.9  0.5203473
6093.5  0.04296862
6096.1  0.5147403
6098.7  0.8594999
6101.3  0.1810378
6103.9  0.2174681
6106.5  1.478225
6109.1  0.7234012
6111.7  0.6563008
6114.3  0.9328443
6116.9  0.6718901
6119.5  1.197263
6122.1  1.820633
6124.7  1.660081
6127.3  0.6436661
6129.9  0.9567235
6132.5  0.9237429
6135.1  0.3267011
6137.7  1.523682
6140.3  0.740908
6142.9  1.261222
6145.5  0.5509647
6148.1  0.5569323
6150.7  1.409148
6153.3  0.9116079
6155.9  0.6176523
6158.5  1.285785
6161.1  2.051148
6163.7  1.357287
6166.3  1.835994
6168.9  0.7798623
6171.5  0.6140286
6174.1  0.82258
6176.7  0.5682911
6179.3  1.433088
6181.9  1.073455
6184.5  0.8129495
6187.1  0.85897
6189.7  1.562533
6192.3  0.9504811
6194.9  1.063864
6197.5  0.6566129
6200.1  1.5217
6202.7  1.983926
6205.3  1.002732
6207.9  0.7755795
6210.5  0.5824403
6213.1  1.540569
6215.7  1.211588
6218.3  1.170254
6220.9  1.444078
6223.5  0.9672582
6226.1  2.109441
6228.7  2.100044
6231.3  1.979984
6233.9  1.880247
6236.5  0.3348707
6239.1  0.2968335
6241.7  1.081697
6244.3  0.2867925
6246.9  -0.4009126
6249.5  0.8106314
6252.1  1.315752
6254.7  1.526103
6257.3  1.151011
6259.9  0.9419072
6262.5  1.101871
6265.1  1.328496
6267.7  1.130153
6270.3  0.7616408
6272.9  1.245777
6275.5  1.492296
6278.1  1.655523
6280.7  2.209631
6283.3  1.275293
6285.9  1.330925
6288.5  1.978283
6291.1  0.1485826
6293.7  2.796779
6296.3  1.357445
6298.9  1.453558
6301.5  1.673034
6304.1  -0.001207816
6306.7  -0.1055775
6309.3  0.9642609
6311.9  0.6177438
6314.5  2.104329
6317.1  2.775698
6319.7  2.016639
6322.3  1.297655
6324.9  1.754959
6327.5  1.277381
6330.1  1.783828
6332.7  0.3449271
6335.3  0.4434075
6337.9  2.047123
6340.5  2.041041
6343.1  0.9813516
6345.7  0.8784595
6348.3  2.009996
6350.9  -0.02514798
6353.5  1.499986
6356.1  0.06779861
6358.7  1.397569
6361.3  3.834093
6363.9  1.177485
6366.5  -0.4905446
6369.1  -0.3362649
6371.7  0.5086854
6374.3  2.041209
6376.9  1.254287
6379.5  0.9189172
6382.1  -0.3271658
6384.7  2.61416
6387.3  3.879563
6389.9  2.594026
6392.5  0.1044843
6395.1  1.457994
6397.7  1.40636
6400.3  -1.204784
6402.9  1.570577
6405.5  3.093515
6408.1  1.556693
6410.7  1.903075
6413.3  5.603516
6415.9  3.064753
6418.5  -1.449093
6421.1  1.955802
6423.7  2.831361
6426.3  4.848347
6428.9  5.144401
6431.5  1.008103
6434.1  1.597289
6436.7  4.124388
6439.3  -2.677187
6441.9  1.06598
6444.5  3.095365
6447.1  4.90415
6449.7  3.527432
6452.3  -4.958154
6454.9  -2.175246
6457.5  5.782817
6460.1  8.415297
6462.7  7.571342
6465.3  -3.131779
6467.9  -1.94554
6470.5  6.520649
6473.1  -1.278323
6475.7  2.506412
6478.3  12.59452
6480.9  8.686842
6483.5  3.70337
6486.1  32.16898
6488.7  -118.5732
6491.3  32.42931
6493.9  19.09348
6496.5  -34.6303
6499.1  -16.98468
6501.7  13.02451
6504.3  5.441528
6506.9  -4.083321
6509.5  3.749143
6512.1  -5.682234
6514.7  -9.307383
6517.3  -7.179002
6519.9  -7.898853
6522.5  -7.636676
6525.1  -1.740819
6527.7  -3.041636
6530.3  -0.9109852
6532.9  2.836841
6535.5  -0.1814386
6538.1  -6.329578
6540.7  0.1111147
6543.3  1.215205
6545.9  -0.2199735
6548.5  0.9180858
6551.1  2.980561
6553.7  1.955218
6556.3  -0.9926928
6558.9  1.357695
6561.5  -2.030767
6564.1  2.365918
6566.7  2.05417
6569.3  2.970453
6571.9  -0.9993562
6574.5  1.377949
6577.1  -1.511364
6579.7  0.2611458
6582.3  1.111386
6584.9  0.6248229
6587.5  -1.000426
6590.1  0.4139047
6592.7  0.1142101
6595.3  1.077134
6597.9  -2.222541
6600.5  -2.299802
6603.1  -0.01136618
6605.7  -1.215057
6608.3  -1.573127
6610.9  0.3433474
6613.5  1.444296
6616.1  -2.898414
6618.7  1.512333
6621.3  0.6881409
6623.9  1.115752
6626.5  0.6080255
6629.1  -0.4379313
6631.7  1.345438
6634.3  0.8954738
6636.9  -0.9919341
6639.5  1.289533
6642.1  0.7173294
6644.7  -0.7363936
6647.3  0.7835075
6649.9  -0.03911306
6652.5  0.5304347
6655.1  0.7708579
6657.7  0.211201
6660.3  0.8219596
6662.9  -0.5187179
6665.5  1.009013
6668.1  1.137716
6670.7  1.08353
6673.3  0.3300883
6675.9  -0.3902628
6678.5  0.7190105
6681.1  1.344032
6683.7  1.584505
6686.3  0.4564478
6688.9  -0.008149931
6691.5  -0.4953617
6694.1  0.3552264
6696.7  1.480248
6699.3  0.9603251
6701.9  0.6795017
6704.5  0.3118286
6707.1  0.05130558
6709.7  0.3768449
6712.3  -0.1831986
6714.9  0.3303416
6717.5  0.6429735
6720.1  1.166198
6722.7  1.226466
6725.3  1.775611
6727.9  1.35293
6730.5  0.502493
6733.1  0.5646445
6735.7  0.6187282
6738.3  0.7711694
6740.9  0.7027273
6743.5  0.2204524
6746.1  0.5172812
6748.7  1.000193
6751.3  0.4518878
6753.9  -0.4363089
6756.5  0.8274331
6759.1  0.9697402
6761.7  0.4679189
6764.3  0.8766606
6766.9  0.627834
6769.5  0.9093499
6772.1  0.8791033
6774.7  -0.1744905
6777.3  0.5289555
6779.9  1.230031
6782.5  0.8634467
6785.1  1.168155
6787.7  1.205139
6790.3  0.7215269
6792.9  0.9220188
6795.5  0.5935098
6798.1  0.1834433
6800.7  0.5363612
6803.3  1.515874
6805.9  0.9643374
6808.5  0.9654467
6811.1  0.8935088
6813.7  0.3966695
6816.3  0.4215012
6818.9  0.7302875
6821.5  1.05512
6824.1  1.088824
6826.7  1.263132
6829.3  0.7621854
6831.9  1.068343
6834.5  1.44904
6837.1  1.258789
6839.7  1.197249
6842.3  1.299935
6844.9  1.160532
6847.5  1.027697
6850.1  1.012073
6852.7  0.8210146
6855.3  1.296534
6857.9  0.2897689
6860.5  0.9617926
6863.1  1.033436
6865.7  0.7681704
6868.3  0.5252919
6870.9  0.5473456
6873.5  1.085487
6876.1  0.426742
6878.7  1.121434
6881.3  0.8890184
6883.9  0.7348894
6886.5  0.7249743
6889.1  0.8758141
6891.7  1.046914
6894.3  0.3652116
6896.9  0.6114029
6899.5  0.9312185
6902.1  1.108979
6904.7  0.9666493
6907.3  1.319491
6909.9  0.6637103
6912.5  1.172186
6915.1  0.9366745
6917.7  0.3681569
6920.3  1.049663
6922.9  0.5477828
6925.5  0.8488895
6928.1  0.8954384
6930.7  0.8004882
6933.3  0.8320347
6935.9  1.004704
6938.5  0.9883306
6941.1  1.151114
6943.7  0.8251031
6946.3  0.7215424
6948.9  0.8013799
6951.5  0.8967259
6954.1  0.7762618
6956.7  1.031317
6959.3  0.8932668
6961.9  0.8201714
6964.5  0.8691137
6967.1  0.8506057
6969.7  0.5836905
6972.3  1.06451
6974.9  0.5478421
6977.5  0.6055263
6980.1  0.9178505
6982.7  1.207866
6985.3  1.250022
6987.9  1.141086
6990.5  1.131709
6993.1  1.033145
6995.7  0.6159239
6998.3  0.7633413
7000.9  1.050898
7003.5  1.068014
7006.1  1.131904
7008.7  0.9439731
7011.3  1.109071
7013.9  1.103004
7016.5  0.9603901
7019.1  0.9966698
7021.7  0.8858823
7024.3  1.068018
7026.9  0.8849242
7029.5  0.9904245
7032.1  0.8659977
7034.7  0.6967623
7037.3  0.7198106
7039.9  0.6380014
7042.5  0.4743913
7045.1  0.9316859
7047.7  0.8367197
7050.3  0.9512582
7052.9  0.6537504
7055.5  0.7065003
7058.1  1.074244
7060.7  0.8011541
7063.3  0.6667867
7065.9  1.075724
7068.5  1.023548
7071.1  1.025588
7073.7  0.9157879
7076.3  0.8638248
7078.9  1.048592
7081.5  0.8288393
7084.1  0.7936184
7086.7  1.129033
7089.3  0.895161
7091.9  0.7068338
7094.5  1.015286
7097.1  0.8220592
7099.7  0.8473747
7102.3  0.9533322
7104.9  0.9497812
7107.5  1.058295
7110.1  1.319189
7112.7  1.201877
7115.3  0.9352682
7117.9  1.071044
7120.5  1.040228
7123.1  1.076265
7125.7  1.099658
7128.3  1.065445
7130.9  0.8409491
7133.5  0.7393962
7136.1  0.7965471
7138.7  1.006675
7141.3  0.9505123
7143.9  1.090468
7146.5  1.179716
7149.1  1.276854
7151.7  1.041553
7154.3  0.8994405
7156.9  0.9488685
7159.5  0.8648754
7162.1  0.7508347
7164.7  0.8837348
7167.3  1.218209
7169.9  0.9308472
7172.5  0.730006
7175.1  0.77913
7177.7  0.9222132
7180.3  1.05407
7182.9  0.9813303
7185.5  0.9182611
7188.1  1.067594
7190.7  0.9874757
7193.3  0.824645
7195.9  0.6237503
7198.5  0.9248083
7201.1  1.077239
7203.7  0.7523984
7206.3  1.048911
7208.9  0.9530224
7211.5  0.9202071
7214.1  0.9648269
7216.7  1.041211
7219.3  0.9931822
7221.9  0.8497868
7224.5  1.003125
7227.1  0.9755564
7229.7  1.047205
7232.3  0.8852883
7234.9  0.7185444
7237.5  1.014551
7240.1  0.9292145
7242.7  0.9495735
7245.3  0.9234474
7247.9  0.768374
7250.5  0.7136303
7253.1  0.9119308
7255.7  0.8778123
7258.3  1.025769
7260.9  0.9308072
7263.5  0.7803819
7266.1  0.9737335
7268.7  1.025132
7271.3  0.8622136
7273.9  1.005167
7276.5  1.06127
7279.1  0.9981148
7281.7  0.8657318
7284.3  0.8539344
7286.9  1.071724
7289.5  0.8277856
7292.1  1.028046
7294.7  1.377849
7297.3  1.063307
7299.9  1.07492
7302.5  1.028977
7305.1  0.5989109
7307.7  0.6489159
7310.3  0.8066793
7312.9  1.263619
7315.5  0.8522158
7318.1  1.074993
7320.7  0.9191206
7323.3  1.036502
7325.9  1.263483
7328.5  1.042212
7331.1  0.9811723
7333.7  0.9522371
7336.3  1.133757
7338.9  1.050352
7341.5  1.029566
7344.1  1.034602
7346.7  0.7800748
7349.3  0.9196608
7351.9  0.8297226
7354.5  0.8945814
7357.1  0.8784183
7359.7  0.9925892
7362.3  0.9554808
7364.9  0.9058369
7367.5  0.7897903
7370.1  1.23071
7372.7  1.276583
7375.3  1.112736
7377.9  0.9879094
7380.5  0.9107276
7383.1  0.9837173
7385.7  0.9001291
7388.3  1.098925
7390.9  1.086633
7393.5  1.132661
7396.1  0.8286448
7398.7  0.8589966
7401.3  1.018437
7403.9  0.9930947
7406.5  0.8644217
7409.1  1.084214
7411.7  0.8332506
7414.3  0.9744049
7416.9  0.8075498
7419.5  0.8438954
7422.1  1.079223
7424.7  0.8669708
7427.3  0.9057512
7429.9  0.9007064
7432.5  0.958447
7435.1  1.166613
7437.7  0.8648766
7440.3  0.9332161
7442.9  1.016001
7445.5  1.059178
7448.1  0.8526103
7450.7  0.7971123
7453.3  0.9813089
7455.9  1.028752
7458.5  1.216997
7461.1  1.190411
7463.7  1.002964
7466.3  1.255256
7468.9  0.8602061
7471.5  0.8450187
7474.1  1.111754
7476.7  0.8147062
7479.3  1.127571
7481.9  1.122428
7484.5  1.051451
7487.1  1.010705
7489.7  1.015319
7492.3  0.9980627
7494.9  0.9664566
7497.5  1.049251
7500.1  1.030896
7502.7  0.9186456
7505.3  0.9891025
7507.9  1.116801
7510.5  0.9447466
7513.1  0.9528078
7515.7  1.014747
7518.3  1.01355
7520.9  1.010027
7523.5  0.9441025
7526.1  0.9780589
7528.7  0.9932244
7531.3  1.006049
7533.9  0.9888931
7536.5  1.010227
7539.1  1.012718
7541.7  1.021063
7544.3  0.9174479
7546.9  1.0399
7549.5  1.053336
7552.1  1.021277
7554.7  0.9331438
7557.3  0.9310672
7559.9  1.078676
7562.5  1.101505
7565.1  1.07044
7567.7  1.007571
7570.3  0.9929059
7572.9  1.072383
7575.5  1.017926
7578.1  1.037962
7580.7  1.120519
7583.3  1.057317
7585.9  1.089583
7588.5  0.9937571
7591.1  0.8445091
7593.7  0.7014952
7596.3  0.4085567
7598.9  0.3368927
7601.5  0.314434
7604.1  0.2464091
7606.7  0.3254288
7609.3  0.3319806
7611.9  0.4485905
7614.5  0.6809896
7617.1  0.7880508
7619.7  0.7556319
7622.3  0.604479
7624.9  0.513813
7627.5  0.5473267
7630.1  0.5215217
7632.7  0.5833488
7635.3  0.6239136
7637.9  0.6642957
7640.5  0.6599639
7643.1  0.6456775
7645.7  0.6298441
7648.3  0.6622403
7650.9  0.7472573
7653.5  0.7208779
7656.1  0.7183181
7658.7  0.6839808
7661.3  0.6618368
7663.9  0.6659221
7666.5  0.7752991
7669.1  0.8400455
7671.7  0.915557
7674.3  0.9713864
7676.9  1.003154
7679.5  0.990409
7682.1  1.034063
7684.7  1.086394
7687.3  0.9770871
7689.9  0.8097805
7692.5  0.7903927
7695.1  0.7020558
7697.7  0.7075702
7700.3  0.8684212
7702.9  0.8945918
7705.5  0.9532423
7708.1  0.9384299
7710.7  0.9370436
7713.3  0.9576523
7715.9  1.011552
7718.5  1.061714
7721.1  0.9756906
7723.7  0.9256566
7726.3  0.942766
7728.9  1.01089
7731.5  1.015699
7734.1  0.932018
7736.7  0.9976846
7739.3  1.094239
7741.9  1.204257
7744.5  0.9799331
7747.1  0.928324
7749.7  1.108101
7752.3  1.024936
7754.9  1.047466
7757.5  0.9785771
7760.1  1.04983
7762.7  1.004558
7765.3  0.994939
7767.9  1.06067
7770.5  1.118679
7773.1  1.022276
7775.7  0.9624993
7778.3  1.023866
7780.9  1.077365
7783.5  1.107801
7786.1  1.004111
7788.7  1.032768
7791.3  1.107558
7793.9  0.9887878
7796.5  1.045664
7799.1  1.04596
7801.7  1.086864
7804.3  1.065253
7806.9  1.082407
7809.5  1.072971
7812.1  1.097206
7814.7  1.011633
7817.3  1.195857
7819.9  1.186914
7822.5  1.140781
7825.1  1.088004
7827.7  1.084394
7830.3  1.178667
7832.9  1.167056
7835.5  1.050488
7838.1  1.015436
7840.7  1.09596
7843.3  1.104261
7845.9  1.047419
7848.5  1.086924
7851.1  1.109341
7853.7  1.044516
7856.3  1.026377
7858.9  1.016001
7861.5  1.078481
7864.1  1.134692
7866.7  1.066731
7869.3  1.00952
7871.9  1.109086
7874.5  1.097851
7877.1  1.061433
7879.7  0.9516541
7882.3  1.085662
7884.9  1.255917
7887.5  1.112643
7890.1  1.07948
7892.7  0.9310163
7895.3  0.9583963
7897.9  1.060685
7900.5  1.04468
7903.1  1.049284
7905.7  1.020886
7908.3  1.072463
7910.9  0.9727316
7913.5  0.9167868
7916.1  0.9786102
7918.7  0.9012145
7921.3  0.91678
7923.9  0.9912019
7926.5  0.9808137
7929.1  0.978574
7931.7  1.002044
7934.3  0.9015139
7936.9  0.9672212
7939.5  1.064448
7942.1  0.9929368
7944.7  1.05101
7947.3  1.069297
7949.9  0.9930667
7952.5  1.062166
7955.1  1.095273
7957.7  0.9966149
7960.3  0.9795867
7962.9  1.092794
7965.5  0.9814706
7968.1  1.050682
7970.7  1.0532
7973.3  1.092094
7975.9  1.142218
7978.5  1.033718
7981.1  0.9787652
7983.7  0.9630415
7986.3  1.004765
7988.9  0.9532561
7991.5  1.00126
7994.1  1.100628
7996.7  1.142479
7999.3  1.040747
8001.9  0.9373937
8004.5  1.139197
8007.1  1.075015
8009.7  1.127363
8012.3  0.9622725
8014.9  1.126326
8017.5  1.009619
8020.1  0.9662507
8022.7  1.018212
8025.3  1.016452
8027.9  1.113717
8030.5  1.10915
8033.1  1.038358
8035.7  1.144068
8038.3  1.015332
8040.9  0.913751
8043.5  1.019044
8046.1  1.004874
8048.7  0.9687865
8051.3  1.08078
8053.9  0.982285
8056.5  1.074252
8059.1  1.132512
8061.7  1.117851
8064.3  1.031873
8066.9  1.046278
8069.5  1.046854
8072.1  1.041761
8074.7  0.9939601
8077.3  0.9812892
8079.9  1.059144
8082.5  1.05596
8085.1  0.9403663
8087.7  1.034164
8090.3  0.9943503
8092.9  0.9610627
8095.5  1.048602
8098.1  0.9874524
8100.7  0.9618737
8103.3  1.043569
8105.9  1.061763
8108.5  0.9703141
8111.1  0.9261523
8113.7  0.9688942
8116.3  1.018376
8118.9  1.068542
8121.5  1.100299
8124.1  1.046383
8126.7  0.984014
8129.3  0.9802655
8131.9  0.9686511
8134.5  0.9633439
8137.1  0.9789534
8139.7  0.9222749
8142.3  0.8851075
8144.9  0.9595254
8147.5  1.071482
8150.1  1.006228
8152.7  0.9495431
8155.3  0.9823013
8157.9  0.93112
8160.5  0.982573
8163.1  0.9182168
8165.7  0.9788176
8168.3  0.9141085
8170.9  0.9627566
8173.5  0.8948038
8176.1  0.9111339
8178.7  0.8720843
8181.3  0.9011602
8183.9  0.9380394
8186.5  0.9796578
8189.1  0.9948153
8191.7  1.010065
8194.3  0.9802876
8196.9  0.9651297
8199.5  0.9587981
8202.1  0.9822511
8204.7  1.04394
8207.3  0.9509127
8209.9  0.9837529
8212.5  0.9892765
8215.1  1.003445
8217.7  0.92772
8220.3  0.9673421
8222.9  1.007236
8225.5  0.9328815
8228.1  0.8948491
8230.7  0.8781635
8233.3  0.9597933
8235.9  1.051361
8238.5  1.080216
8241.1  1.034208
8243.7  0.9890433
8246.3  1.016778
8248.9  1.002512
8251.5  1.013629
8254.1  1.029836
8256.7  1.065896
8259.3  0.9979643
8261.9  1.016586
8264.5  1.049087
8267.1  1.048036
8269.7  1.075967
8272.3  0.9877735
8274.9  0.9979761
8277.5  0.9886122
8280.1  0.8679661
8282.7  0.9047243
8285.3  1.0521
8287.9  1.06734
8290.5  0.984077
8293.1  0.9075941
8295.7  0.9799619
8298.3  1.004235
8300.9  0.9494153
8303.5  1.028192
8306.1  0.9826591
8308.7  0.9656242
8311.3  0.9768547
8313.9  1.004122
8316.5  0.9492293
8319.1  1.023409
8321.7  0.9574926
8324.3  0.9422067
8326.9  0.9787732
8329.5  0.9818015
8332.1  1.043801
8334.7  0.9788968
8337.3  0.923052
8339.9  0.974314
8342.5  1.047838
8345.1  0.9557915
8347.7  0.9896628
8350.3  0.8951266
8352.9  0.8219972
8355.5  1.097828
8358.1  0.9463744
8360.7  1.046364
8363.3  1.032529
8365.9  0.9101005
8368.5  0.9301646
8371.1  0.9012081
8373.7  1.016416
8376.3  0.9878796
8378.9  1.037438
8381.5  0.9467881
8384.1  0.9308996
8386.7  1.023664
8389.3  1.018507
8391.9  0.8843026
8394.5  0.9515464
8397.1  1.012389
8399.7  0.9316975
8402.3  1.04864
8404.9  0.9908394
8407.5  0.9708625
8410.1  0.9727224
8412.7  0.9430543
8415.3  0.9479632
8417.9  1.00144
8420.5  0.9544804
8423.1  0.8495597
8425.7  0.8925087
8428.3  0.9832343
8430.9  0.9713715
8433.5  0.9926779
8436.1  1.096278
8438.7  1.035525
8441.3  1.023664
8443.9  1.091114
8446.5  1.06941
8449.1  1.02235
8451.7  0.991317
8454.3  0.9729155
8456.9  0.9556188
8459.5  0.9630909
8462.1  0.9171957
8464.7  0.9532428
8467.3  1.104923
8469.9  1.045638
8472.5  1.084874
8475.1  1.096344
8477.7  1.004846
8480.3  1.016421
8482.9  0.9820482
8485.5  1.014812
8488.1  1.008132
8490.7  0.9226948
8493.3  0.8438743
8495.9  0.9141328
8498.5  0.8345894
8501.1  1.026714
8503.7  1.070549
8506.3  1.031585
8508.9  1.033735
8511.5  0.9521769
8514.1  0.9832866
8516.7  1.033469
8519.3  1.061643
8521.9  0.9956901
8524.5  1.047469
8527.1  0.9894652
8529.7  1.013439
8532.3  0.9619517
8534.9  0.8141418
8537.5  0.6867307
8540.1  0.6568486
8542.7  0.7300082
8545.3  0.9291924
8547.9  0.9543126
8550.5  0.8948372
8553.1  0.9558831
8555.7  0.9524799
8558.3  0.9201574
8560.9  0.9657469
8563.5  1.020281
8566.1  0.9998835
8568.7  0.9741008
8571.3  0.9686789
8573.9  0.9481806
8576.5  0.9887438
8579.1  1.013683
8581.7  0.9568992
8584.3  1.004118
8586.9  1.051869
8589.5  1.013301
8592.1  0.9883921
8594.7  1.003808
8597.3  0.9954549
8599.9  0.9738484
8602.5  0.9414635
8605.1  0.9451175
8607.7  1.020345
8610.3  0.9346459
8612.9  0.8970105
8615.5  0.9929366
8618.1  0.9202729
8620.7  0.9022862
8623.3  0.9206868
8625.9  0.9121362
8628.5  0.9777841
8631.1  0.9109324
8633.7  1.03189
8636.3  0.9407884
8638.9  0.9505481
8641.5  0.9318622
8644.1  0.90451
8646.7  0.8649395
8649.3  0.9662201
8651.9  0.8526934
8654.5  0.7705799
8657.1  0.762053
8659.7  0.7008705
8662.3  0.7983109
8664.9  0.8776749
8667.5  1.021099
8670.1  0.9702678
8672.7  0.961191
8675.3  0.9737547
8677.9  0.9747835
8680.5  0.9855146
8683.1  1.001638
8685.7  1.015634
8688.3  0.9871767
8690.9  1.001324
8693.5  1.037963
8696.1  0.9918116
8698.7  0.9591537
8701.3  0.9755399
8703.9  1.002884
8706.5  1.001938
8709.1  0.9671401
8711.7  0.9741855
8714.3  0.9881801
8716.9  1.010153
8719.5  1.038478
8722.1  1.0312
8724.7  0.996344
8727.3  0.9740282
8729.9  1.007952
8732.5  1.036405
8735.1  1.000438
8737.7  1.00073
8740.3  1.001251
8742.9  0.9817009
8745.5  0.9605371
8748.1  0.9721437
8750.7  0.9397801
8753.3  0.9713602
8755.9  0.9221517
8758.5  0.8954155
8761.1  0.8686616
8763.7  0.9176795
8766.3  0.9634647
8768.9  0.9210036
8771.5  0.9458606
8774.1  1.058569
8776.7  1.02997
8779.3  0.9847558
8781.9  1.017429
8784.5  1.010791
8787.1  1.003639
8789.7  0.9984897
8792.3  0.9960175
8794.9  0.9662507
8797.5  1.006712
8800.1  0.9218559
8802.7  0.9221993
8805.3  0.9000391
8807.9  0.9526202
8810.5  0.9933545
8813.1  0.9706721
8815.7  1.00202
8818.3  0.9607006
8820.9  0.7756464
8823.5  0.9119897
8826.1  1.051928
8828.7  1.053633
8831.3  1.031783
8833.9  1.061846
8836.5  0.999828
8839.1  0.9774517
8841.7  0.9823558
8844.3  0.9340909
8846.9  0.9514304
8849.5  0.9726787
8852.1  1.001429
8854.7  0.9091495
8857.3  0.9981119
8859.9  0.8804267
8862.5  0.8700976
8865.1  0.9093416
8867.7  0.9250074
8870.3  0.8975282
8872.9  0.8990943
8875.5  0.8980483
8878.1  0.8603237
8880.7  0.7889212
8883.3  0.891697
8885.9  0.975579
8888.5  0.9860767
8891.1  0.9700878
8893.7  0.8792965
8896.3  0.8303655
8898.9  0.9304367
8901.5  0.9345189
8904.1  0.9070193
8906.7  0.8559344
8909.3  0.9416866
8911.9  0.8130047
8914.5  0.7032393
8917.1  0.8599004
8919.7  0.9581695
8922.3  0.9414195
8924.9  1.006077
8927.5  0.9809209
8930.1  0.92114
8932.7  0.9080454
8935.3  0.9009142
8937.9  0.9086309
8940.5  0.8673156
8943.1  0.89127
8945.7  0.8944243
8948.3  0.8558813
8950.9  0.8359926
8953.5  0.8582304
8956.1  0.8759682
8958.7  0.8074474
8961.3  0.8957337
8963.9  0.9346315
8966.5  0.8537366
8969.1  0.8317798
8971.7  0.8180353
8974.3  0.8361963
8976.9  0.8409457
8979.5  0.8818576
8982.1  0.8000585
8984.7  0.8337468
8987.3  0.7578044
8989.9  0.7357542
8992.5  0.7290878
8995.1  0.7980592
8997.7  0.8527641
9000.3  0.893636
9002.9  0.8102458
9005.5  0.7798333
9008.1  0.8015735
9010.7  0.783074
9013.3  0.7819059
9015.9  0.7766904
9018.5  0.8022056
9021.1  0.849726
9023.7  0.8269265
9026.3  0.8125728
9028.9  0.8371511
9031.5  0.8117501
9034.1  0.8267382
9036.7  0.8766558
9039.3  0.8476896
9041.9  0.8109335
9044.5  0.8457821
9047.1  0.8739372
9049.7  0.8601043
9052.3  0.8266965
9054.9  0.814812
9057.5  0.7849832
9060.1  0.7847546
9062.7  0.8176647
9065.3  0.8231457
9067.9  0.8145844
9070.5  0.7790053
9073.1  0.7859602
9075.7  0.7606081
9078.3  0.7708673
9080.9  0.7196684
9083.5  0.678158
9086.1  0.7098785
9088.7  0.7574819
9091.3  0.7443539
9093.9  0.7390363
9096.5  0.7240335
9099.1  0.7485672
9101.7  0.7328094
9104.3  0.6848256
9106.9  0.7145455
9109.5  0.7107035
9112.1  0.7360237
9114.7  0.72342
9117.3  0.6985316
9119.9  0.7319838
9122.5  0.7678356
9125.1  0.7175251
9127.7  0.6689088
9130.3  0.6826254
9132.9  0.6766372
9135.5  0.6781909
9138.1  0.7174216
9140.7  0.7035356
9143.3  0.7047942
9145.9  0.709601
9148.5  0.6648412
9151.1  0.6528735
9153.7  0.6390474
9156.3  0.6556512
9158.9  0.6779555
9161.5  0.6665285
9164.1  0.6394939
9166.7  0.6445022
9169.3  0.6512399
9171.9  0.6491196
9174.5  0.6566305
9177.1  0.6485856
9179.7  0.6555181
9182.3  0.6698225
9184.9  0.6950261
9187.5  0.6332046
9190.1  0.6866986
9192.7  0.642345
9195.3  0.6713686
9197.9  0.6449658
9200.5  0.6598067
9203.1  0.6535991
9205.7  0.6854202
9208.3  0.647518
9210.9  0.6216734
9213.5  0.6381696
9216.1  0.6815996
9218.7  0.6729907
9221.3  0.6179789
9223.9  0.6224037
9226.5  0.6623722
9229.1  0.6381308
9231.7  0.6165575
9234.3  0.6520484
9236.9  0.6494026
9239.5  0.6479797
9242.1  0.6105318
9244.7  0.5992795
9247.3  0.6286321
9249.9  0.6167616
9252.5  0.6170909
9255.1  0.6128816
9257.7  0.6806648
9260.3  0.6783522
9262.9  0.6248004
9265.5  0.6373855
9268.1  0.6452118
9270.7  0.5839484
9273.3  0.6229366
9275.9  0.606689
9278.5  0.5907634
9281.1  0.5831625
9283.7  0.5688822
9286.3  0.5832444
9288.9  0.5889549
9291.5  0.5796064
9294.1  0.5370035
9296.7  0.5184345
9299.3  0.4955424
9301.9  0.4677451
9304.5  0.4772111
9307.1  0.4519568
9309.7  0.5594392
9312.3  0.5126609
9314.9  0.4057094
9317.5  0.4232465
9320.1  0.3888672
9322.7  0.410794
9325.3  0.4497953
9327.9  0.4741183
9330.5  0.4809828
9333.1  0.3799477
9335.7  0.3703516
9338.3  0.3676787
9340.9  0.3070862
9343.5  0.3173204
9346.1  0.4341748
9348.7  0.4436378
9351.3  0.3884015
9353.9  0.3526844
9356.5  0.3644899
9359.1  0.427611
9361.7  0.4396033
9364.3  0.4355222
9366.9  0.3563085
9369.5  0.282864
9372.1  0.3580035
9374.7  0.4238537
9377.3  0.3864475
9379.9  0.4131275
9382.5  0.4406095
9385.1  0.4077361
9387.7  0.4367076
9390.3  0.511417
9392.9  0.4795275
9395.5  0.4421083
9398.1  0.4275607
9400.7  0.4583307
9403.3  0.4530978
9405.9  0.4095576
9408.5  0.3944497
9411.1  0.418167
9413.7  0.4291287
9416.3  0.4188966
9418.9  0.4210615
9421.5  0.385953
9424.1  0.3741705
9426.7  0.3755853
9429.3  0.3923677
9431.9  0.381647
9434.5  0.3665797
9437.1  0.3617256
9439.7  0.3028636
9442.3  0.362406
9444.9  0.4350604
9447.5  0.4138806
9450.1  0.3772606
9452.7  0.347888
9455.3  0.3356798
9457.9  0.3460396
9460.5  0.3902299
9463.1  0.4063658
9465.7  0.3627256
9468.3  0.390181
9470.9  0.3999244
9473.5  0.3964302
9476.1  0.3318823
9478.7  0.3395046
9481.3  0.3586663
9483.9  0.3715369
9486.5  0.4129579
9489.1  0.399738
9491.7  0.3217375
9494.3  0.3005777
9496.9  0.2793237
9499.5  0.2819118
9502.1  0.3323019
9504.7  0.4082874
9507.3  0.4378339
9509.9  0.4052994
9512.5  0.3711847
9515.1  0.3486428
9517.7  0.3211499
9520.3  0.2840674
9522.9  0.3216778
9525.5  0.3747438
9528.1  0.3482548
9530.7  0.3634921
9533.3  0.3393215
9535.9  0.3369527
9538.5  0.3314297
9541.1  0.3177219
9543.7  0.3043218
9546.3  0.3416746
9548.9  0.3535354
9551.5  0.3370322
9554.1  0.3093316
9556.7  0.3129126
9559.3  0.3364786
9561.9  0.3003782
9564.5  0.2850668
9567.1  0.3045285
9569.7  0.3415094
9572.3  0.3449836
9574.9  0.3146099
9577.5  0.3297433
9580.1  0.3466442
9582.7  0.3458713
9585.3  0.3210794
9587.9  0.310249
9590.5  0.3114642
9593.1  0.307559
9595.7  0.2947333
9598.3  0.3079409
9600.9  0.3397267
9603.5  0.311631
9606.1  0.2995918
9608.7  0.336899
9611.3  0.3392109
9613.9  0.3298571
9616.5  0.3091317
9619.1  0.306396
9621.7  0.3127028
9624.3  0.3134435
9626.9  0.2919484
9629.5  0.304593
9632.1  0.299086
9634.7  0.2483148
9637.3  0.2923689
9639.9  0.3094386
9642.5  0.2897413
9645.1  0.3014111
9647.7  0.3070476
9650.3  0.3167923
9652.9  0.3427773
9655.5  0.2920851
9658.1  0.27578
9660.7  0.2819776
9663.3  0.3075608
9665.9  0.2883936
9668.5  0.2653623
9671.1  0.3061058
9673.7  0.308383
9676.3  0.2842833
9678.9  0.2765902
9681.5  0.2617075
9684.1  0.2694714
9686.7  0.2591234
9689.3  0.2687061
9691.9  0.283637
9694.5  0.274316
9697.1  0.2740351
9699.7  0.2894716
9702.3  0.2811142
9704.9  0.2815536
9707.5  0.2626556
9710.1  0.2640166
9712.7  0.2837745
9715.3  0.3145228
9717.9  0.3006749
9720.5  0.2510458
9723.1  0.2730156
9725.7  0.2142033
9728.3  0.2517829
9730.9  0.2644858
9733.5  0.2744226
9736.1  0.2479184
9738.7  0.2191957
9741.3  0.2569508
9743.9  0.2609942
9746.5  0.2493886
9749.1  0.2537318
9751.7  0.2419174
9754.3  0.2477551
9756.9  0.2480341
9759.5  0.2400371
9762.1  0.2459083
9764.7  0.2505951
9767.3  0.2494338
9769.9  0.2370534
9772.5  0.2309067
9775.1  0.246936
9777.7  0.2315928
9780.3  0.2263824
9782.9  0.2081509
9785.5  0.2679641
9788.1  0.2239857
9790.7  0.2505207
9793.3  0.2391605
9795.9  0.1862697
9798.5  0.1809595
9801.1  0.2369586
9803.7  0.2108599
9806.3  0.2134953
9808.9  0.2269947
9811.5  0.2230681
9814.1  0.2314993
9816.7  0.2399905
9819.3  0.2073224
9821.9  0.2033305
9824.5  0.1966154
9827.1  0.1895286
9829.7  0.1985288
9832.3  0.1964029
9834.9  0.2039962
9837.5  0.2079059
9840.1  0.2083608
9842.7  0.2207962
9845.3  0.2057402
9847.9  0.1913449
9850.5  0.2051995
9853.1  0.1925406
9855.7  0.1779094
9858.3  0.1903483
9860.9  0.1981989
9863.5  0.1980217
9866.1  0.233037
9868.7  0.2255535
9871.3  0.1897506
9873.9  0.1958452
9876.5  0.1955397
9879.1  0.1388265
9881.7  0.1380996
9884.3  0.1912071
9886.9  0.1797798
9889.5  0.2160693
9892.1  0.1833207
9894.7  0.1658521
9897.3  0.1537631
9899.9  0.156876
9902.5  0.1450401
9905.1  0.1728193
9907.7  0.1840715
9910.3  0.2113947
9912.9  0.1863052
9915.5  0.1580231
9918.1  0.1758006
9920.7  0.1393362
9923.3  0.09435566
9925.9  0.1424297
9928.5  0.1533095
9931.1  0.1555594
9933.7  0.1533813
9936.3  0.1410196
9938.9  0.2179714
9941.5  0.1880116
9944.1  0.1558185
9946.7  0.1445621
9949.3  0.1421625
9951.9  0.1571276
9954.5  0.09487028
9957.1  0.1778171
9959.7  0.1500785
9962.3  0.1445808
9964.9  0.1101501
9967.5  0.1022053
9970.1  0.09017751
9972.7  0.1196749
9975.3  0.1238298
9977.9  0.1248641
9980.5  0.1144888
9983.1  0.1205919
9985.7  0.1290117
9988.3  0.1164756
9990.9  0.116564
9993.5  0.1210388
9996.1  0.1114083
9998.7  0.1087915
