3501.3  0.
3503.9  0.
3506.5  0.
3509.1  0.
3511.7  0.
3514.3  0.
3516.9  0.
3519.5  0.
3522.1  0.
3524.7  0.
3527.3  0.
3529.9  0.
3532.5  0.
3535.1  0.
3537.7  0.
3540.3  0.
3542.9  0.
3545.5  0.
3548.1  0.
3550.7  0.
3553.3  0.
3555.9  0.
3558.5  0.
3561.1  0.
3563.7  0.
3566.3  0.
3568.9  0.
3571.5  0.
3574.1  0.
3576.7  0.
3579.3  0.
3581.9  0.
3584.5  0.
3587.1  0.
3589.7  0.
3592.3  0.
3594.9  0.
3597.5  0.
3600.1  0.
3602.7  0.
3605.3  0.
3607.9  0.
3610.5  0.
3613.1  0.
3615.7  0.
3618.3  0.
3620.9  0.
3623.5  0.
3626.1  0.
3628.7  0.
3631.3  0.
3633.9  0.
3636.5  0.
3639.1  0.
3641.7  0.
3644.3  0.
3646.9  0.
3649.5  0.
3652.1  0.
3654.7  0.
3657.3  0.
3659.9  0.
3662.5  0.
3665.1  0.
3667.7  0.
3670.3  0.
3672.9  0.
3675.5  0.
3678.1  0.
3680.7  0.
3683.3  0.
3685.9  0.
3688.5  0.
3691.1  0.
3693.7  0.
3696.3  0.
3698.9  0.
3701.5  0.
3704.1  0.
3706.7  0.
3709.3  0.
3711.9  0.
3714.5  0.
3717.1  0.
3719.7  0.
3722.3  0.
3724.9  0.
3727.5  0.
3730.1  0.
3732.7  0.
3735.3  0.
3737.9  0.
3740.5  0.
3743.1  0.
3745.7  0.
3748.3  0.
3750.9  0.
3753.5  0.
3756.1  0.
3758.7  0.
3761.3  0.
3763.9  0.
3766.5  0.
3769.1  0.
3771.7  0.
3774.3  0.
3776.9  0.
3779.5  0.
3782.1  0.
3784.7  0.
3787.3  0.
3789.9  0.
3792.5  0.
3795.1  0.
3797.7  0.
3800.3  0.
3802.9  0.
3805.5  0.
3808.1  0.
3810.7  0.
3813.3  0.
3815.9  0.
3818.5  0.
3821.1  0.
3823.7  0.
3826.3  0.
3828.9  0.
3831.5  0.
3834.1  0.
3836.7  0.
3839.3  0.
3841.9  0.
3844.5  0.
3847.1  0.
3849.7  0.
3852.3  0.
3854.9  0.
3857.5  0.
3860.1  0.
3862.7  0.
3865.3  0.
3867.9  0.
3870.5  0.
3873.1  0.
3875.7  0.
3878.3  0.
3880.9  0.
3883.5  0.
3886.1  0.
3888.7  0.
3891.3  0.
3893.9  0.
3896.5  0.
3899.1  0.
3901.7  0.
3904.3  0.
3906.9  0.
3909.5  0.
3912.1  0.
3914.7  0.
3917.3  0.
3919.9  0.
3922.5  0.
3925.1  0.
3927.7  0.
3930.3  0.
3932.9  0.
3935.5  0.
3938.1  0.
3940.7  0.
3943.3  0.
3945.9  0.
3948.5  0.
3951.1  0.
3953.7  0.
3956.3  0.
3958.9  0.
3961.5  0.
3964.1  0.
3966.7  0.
3969.3  0.
3971.9  0.
3974.5  0.
3977.1  0.
3979.7  0.
3982.3  0.
3984.9  0.
3987.5  0.
3990.1  0.
3992.7  0.
3995.3  0.
3997.9  0.
4000.5  0.
4003.1  0.
4005.7  0.
4008.3  0.
4010.9  0.
4013.5  0.
4016.1  0.
4018.7  0.
4021.3  0.
4023.9  0.
4026.5  0.
4029.1  0.
4031.7  0.
4034.3  0.
4036.9  0.
4039.5  0.
4042.1  0.
4044.7  0.
4047.3  0.
4049.9  0.
4052.5  0.
4055.1  0.
4057.7  0.
4060.3  0.
4062.9  0.
4065.5  0.
4068.1  0.
4070.7  0.
4073.3  0.
4075.9  0.
4078.5  0.
4081.1  0.
4083.7  0.
4086.3  0.
4088.9  0.
4091.5  0.
4094.1  0.
4096.7  0.
4099.3  0.
4101.9  0.
4104.5  0.
4107.1  0.
4109.7  0.
4112.3  0.
4114.9  0.
4117.5  0.
4120.1  0.
4122.7  0.
4125.3  0.
4127.9  0.
4130.5  0.
4133.1  0.
4135.7  0.
4138.3  0.
4140.9  0.
4143.5  0.
4146.1  0.
4148.7  0.
4151.3  0.
4153.9  0.
4156.5  0.
4159.1  0.
4161.7  0.
4164.3  0.
4166.9  0.
4169.5  0.
4172.1  0.
4174.7  0.
4177.3  0.
4179.9  0.
4182.5  0.
4185.1  0.
4187.7  0.
4190.3  0.
4192.9  0.
4195.5  0.
4198.1  0.
4200.7  0.
4203.3  0.
4205.9  0.
4208.5  0.
4211.1  0.
4213.7  0.
4216.3  -3.695623E-4
4218.9  -5.987521E-4
4221.5  -3.760368E-5
4224.1  -2.572231E-4
4226.7  -3.288741E-4
4229.3  -1.947940E-4
4231.9  -2.849411E-4
4234.5  -1.591159E-4
4237.1  -2.268144E-4
4239.7  3.426097E-4
4242.3  3.043822E-4
4244.9  -2.090514E-4
4247.5  -1.848837E-4
4250.1  2.416284E-4
4252.7  -1.239851E-4
4255.3  -1.746069E-4
4257.9  -2.204460E-4
4260.5  -4.908529E-4
4263.1  -4.204940E-5
4265.7  -2.758718E-4
4268.3  -2.351418E-4
4270.9  -4.263624E-4
4273.5  -3.333066E-4
4276.1  -3.720957E-4
4278.7  2.903613E-5
4281.3  -3.183204E-4
4283.9  -2.244966E-4
4286.5  1.959290E-5
4289.1  -1.437284E-4
4291.7  -2.123382E-4
4294.3  -1.316383E-4
4296.9  -2.982850E-5
4299.5  -2.761046E-5
4302.1  -7.285549E-5
4304.7  -4.755925E-4
4307.3  -2.413473E-4
4309.9  -2.048673E-4
4312.5  -1.283411E-4
4315.1  -1.165132E-4
4317.7  -5.237741E-4
4320.3  -6.133047E-4
4322.9  -3.202599E-4
4325.5  -4.605522E-4
4328.1  -6.910327E-5
4330.7  -3.097745E-4
4333.3  -4.179010E-4
4335.9  -4.265304E-4
4338.5  -6.174078E-4
4341.1  -8.319227E-5
4343.7  -5.367373E-4
4346.3  7.553243E-6
4348.9  7.856147E-5
4351.5  -4.598780E-4
4354.1  -4.422231E-4
4356.7  9.401931E-5
4359.3  -3.114468E-4
4361.9  -2.967542E-4
4364.5  -2.680107E-4
4367.1  -2.996014E-4
4369.7  -3.349489E-4
4372.3  -3.043051E-4
4374.9  -1.851851E-4
4377.5  -1.912552E-4
4380.1  1.303157E-4
4382.7  -1.333039E-4
4385.3  -5.630656E-4
4387.9  -2.925824E-4
4390.5  -2.363075E-4
4393.1  -2.575852E-4
4395.7  -1.160139E-4
4398.3  -2.077997E-4
4400.9  -1.910162E-4
4403.5  -9.127471E-5
4406.1  -2.344417E-4
4408.7  -2.924778E-4
4411.3  5.360521E-5
4413.9  -5.882300E-4
4416.5  -5.232422E-4
4419.1  -3.411145E-4
4421.7  -2.825518E-4
4424.3  -4.290231E-4
4426.9  -5.914448E-4
4429.5  -3.257074E-4
4432.1  -4.487873E-4
4434.7  -4.416549E-5
4437.3  -3.546863E-4
4439.9  3.692757E-5
4442.5  -4.518671E-4
4445.1  -6.116179E-4
4447.7  -6.619638E-4
4450.3  -4.652851E-4
4452.9  -4.587229E-4
4455.5  -9.161159E-5
4458.1  -4.155911E-4
4460.7  -3.603858E-4
4463.3  -2.834902E-4
4465.9  -1.880441E-4
4468.5  -4.938452E-4
4471.1  -4.704904E-4
4473.7  -4.952776E-4
4476.3  -6.365054E-4
4478.9  -3.433993E-4
4481.5  -3.211748E-4
4484.1  -1.130953E-4
4486.7  -1.229227E-4
4489.3  -3.414845E-4
4491.9  -4.955697E-4
4494.5  -3.103730E-4
4497.1  -6.572419E-5
4499.7  -3.490364E-4
4502.3  -6.446212E-5
4504.9  -5.930587E-4
4507.5  -5.897766E-4
4510.1  -4.727145E-4
4512.7  -2.153723E-4
4515.3  9.038411E-6
4517.9  -3.272211E-4
4520.5  -3.903570E-4
4523.1  -3.355974E-4
4525.7  -1.474902E-4
4528.3  -7.388861E-4
4530.9  -6.638452E-4
4533.5  -1.180136E-4
4536.1  -5.371807E-4
4538.7  -1.057730E-4
4541.3  -2.464819E-4
4543.9  -5.277577E-4
4546.5  -1.635695E-4
4549.1  -2.747044E-4
4551.7  -6.619652E-4
4554.3  -5.811666E-4
4556.9  -5.484957E-4
4559.5  -1.553693E-4
4562.1  -3.792445E-4
4564.7  -7.388893E-4
4567.3  -6.378641E-4
4569.9  -5.992164E-4
4572.5  -7.648130E-4
4575.1  -0.00102946
4577.7  -9.679658E-4
4580.3  -0.001127172
4582.9  -0.001546705
4585.5  -0.001616098
4588.1  -0.002324464
4590.7  -0.001639007
4593.3  -0.00199804
4595.9  -0.001880094
4598.5  -0.002637286
4601.1  -0.002654613
4603.7  -0.002582339
4606.3  -0.002370453
4608.9  -0.00317535
4611.5  -0.003390396
4614.1  -0.003754266
4616.7  -0.005113334
4619.3  -0.005392137
4621.9  -0.006031842
4624.5  -0.006426422
4627.1  -0.005930174
4629.7  -0.007340731
4632.3  -0.007281071
4634.9  -0.008556269
4637.5  -0.008284918
4640.1  -0.01072489
4642.7  -0.009807382
4645.3  -0.01164741
4647.9  -0.01235003
4650.5  -0.01137444
4653.1  -0.0155879
4655.7  -0.01401459
4658.3  -0.01609997
4660.9  -0.01804568
4663.5  -0.02006332
4666.1  -0.01772769
4668.7  -0.01898897
4671.3  -0.02044621
4673.9  -0.02602546
4676.5  -0.02518347
4679.1  -0.02708996
4681.7  -0.0279216
4684.3  -0.02988881
4686.9  -0.03513278
4689.5  -0.03268685
4692.1  -0.03662402
4694.7  -0.03873097
4697.3  -0.03387188
4699.9  -0.04049771
4702.5  -0.04315558
4705.1  -0.04298687
4707.7  -0.04360544
4710.3  -0.0460013
4712.9  -0.04975508
4715.5  -0.05688525
4718.1  -0.06219829
4720.7  -0.06366415
4723.3  -0.07161583
4725.9  -0.06840818
4728.5  -0.06150901
4731.1  -0.0662616
4733.7  -0.07065851
4736.3  -0.07802536
4738.9  -0.08317255
4741.5  -0.09040637
4744.1  -0.1013852
4746.7  -0.0969835
4749.3  -0.1061978
4751.9  -0.1134913
4754.5  -0.1131543
4757.1  -0.114974
4759.7  -0.108493
4762.3  -0.1228447
4764.9  -0.1285733
4767.5  -0.132824
4770.1  -0.1442197
4772.7  -0.1420016
4775.3  -0.1482676
4777.9  -0.1522925
4780.5  -0.1628704
4783.1  -0.1597693
4785.7  -0.1671132
4788.3  -0.1948044
4790.9  -0.1499776
4793.5  -0.1972234
4796.1  -0.2236418
4798.7  -0.198394
4801.3  -0.2198102
4803.9  -0.2080272
4806.5  -0.2246763
4809.1  -0.2384187
4811.7  -0.2157136
4814.3  -0.2686069
4816.9  -0.2493395
4819.5  -0.2660639
4822.1  -0.2794056
4824.7  -0.2792276
4827.3  -0.2581516
4829.9  -0.2718087
4832.5  -0.2916957
4835.1  -0.2970339
4837.7  -0.3305892
4840.3  -0.3294281
4842.9  -0.3205629
4845.5  -0.3323493
4848.1  -0.3775953
4850.7  -0.3896145
4853.3  -0.3580231
4855.9  -0.3387448
4858.5  -0.3558426
4861.1  -0.3804925
4863.7  -0.3606838
4866.3  -0.3364162
4868.9  -0.372301
4871.5  -0.401267
4874.1  -0.4467758
4876.7  -0.4608114
4879.3  -0.478999
4881.9  -0.4755451
4884.5  -0.5175406
4887.1  -0.5402031
4889.7  -0.5412757
4892.3  -0.5322453
4894.9  -0.6143406
4897.5  -0.6829967
4900.1  -0.7161181
4902.7  -0.7114294
4905.3  -0.7535089
4907.9  -0.7631724
4910.5  -0.8215429
4913.1  -0.8350355
4915.7  -0.8554112
4918.3  -0.7870045
4920.9  -0.7922766
4923.5  -0.783303
4926.1  -0.9302853
4928.7  -0.9753649
4931.3  -1.14729
4933.9  -1.062188
4936.5  -1.13583
4939.1  -1.14983
4941.7  -1.215985
4944.3  -1.297963
4946.9  -1.498623
4949.5  -1.512291
4952.1  -1.595906
4954.7  -1.739509
4957.3  -1.613078
4959.9  -1.754262
4962.5  -1.814824
4965.1  -2.217479
4967.7  -2.146991
4970.3  -2.285613
4972.9  -2.31914
4975.5  -2.63305
4978.1  -2.967492
4980.7  -3.062631
4983.3  -2.976476
4985.9  -3.424336
4988.5  -3.89398
4991.1  -4.688373
4993.7  -5.161079
4996.3  -6.367682
4998.9  -6.463861
5001.5  -7.775785
5004.1  -9.509315
5006.7  -12.60861
5009.3  -17.61173
5011.9  -30.85988
5014.5  -99.44209
5017.1  76.07446
5019.7  28.97204
5022.3  18.09455
5024.9  12.45704
5027.5  10.28259
5030.1  9.275834
5032.7  7.121172
5035.3  6.730092
5037.9  5.847627
5040.5  4.955741
5043.1  4.677561
5045.7  4.135765
5048.3  4.195622
5050.9  4.029381
5053.5  3.40709
5056.1  3.707182
5058.7  3.495919
5061.3  3.270061
5063.9  3.217653
5066.5  2.952589
5069.1  2.781688
5071.7  2.588941
5074.3  2.375159
5076.9  2.41046
5079.5  2.217058
5082.1  2.179686
5084.7  2.363869
5087.3  2.082859
5089.9  2.295769
5092.5  1.987035
5095.1  1.898895
5097.7  1.916938
5100.3  1.848242
5102.9  1.814128
5105.5  1.785836
5108.1  1.77277
5110.7  1.560859
5113.3  1.665071
5115.9  1.817509
5118.5  1.716344
5121.1  1.593567
5123.7  1.563813
5126.3  1.458153
5128.9  1.400276
5131.5  1.487879
5134.1  1.479719
5136.7  1.510716
5139.3  1.419607
5141.9  1.2953
5144.5  1.290933
5147.1  1.271805
5149.7  1.24835
5152.3  1.372885
5154.9  1.280732
5157.5  1.315239
5160.1  1.294632
5162.7  1.272582
5165.3  1.225315
5167.9  1.114415
5170.5  0.938064
5173.1  0.9896063
5175.7  1.03072
5178.3  1.059222
5180.9  1.150078
5183.5  1.118681
5186.1  0.9760476
5188.7  0.9928172
5191.3  1.10693
5193.9  1.104453
5196.5  1.080806
5199.1  1.062696
5201.7  1.089757
5204.3  1.11178
5206.9  1.140249
5209.5  1.031209
5212.1  1.045762
5214.7  1.091873
5217.3  1.117737
5219.9  1.112411
5222.5  1.075738
5225.1  1.078765
5227.7  0.9569029
5230.3  0.9729878
5232.9  1.046988
5235.5  1.077382
5238.1  1.066137
5240.7  1.115411
5243.3  1.104516
5245.9  1.117854
5248.5  1.019104
5251.1  0.9984977
5253.7  1.059984
5256.3  1.053552
5258.9  1.029636
5261.5  1.021151
5264.1  0.9700069
5266.7  0.8666738
5269.3  0.8369181
5271.9  0.8392586
5274.5  0.9367168
5277.1  0.9727722
5279.7  0.9785447
5282.3  1.03166
5284.9  0.9946045
5287.5  1.009672
5290.1  1.072743
5292.7  1.077041
5295.3  1.033107
5297.9  0.9837827
5300.5  0.9785259
5303.1  0.9735811
5305.7  1.095071
5308.3  1.00477
5310.9  1.059947
5313.5  1.085428
5316.1  1.036315
5318.7  0.9809472
5321.3  0.9385281
5323.9  0.9382426
5326.5  0.957355
5329.1  0.9374811
5331.7  0.8999005
5334.3  0.9463421
5336.9  0.9724342
5339.5  1.014978
5342.1  0.9784776
5344.7  0.9381635
5347.3  0.9584259
5349.9  0.9653324
5352.5  0.90358
5355.1  1.008243
5357.7  1.052223
5360.3  0.9953256
5362.9  0.9679857
5365.5  0.9507204
5368.1  0.9275601
5370.7  0.9090511
5373.3  0.9109627
5375.9  0.913142
5378.5  0.968091
5381.1  0.957779
5383.7  0.9876675
5386.3  0.9636381
5388.9  0.950886
5391.5  0.9350091
5394.1  0.9113906
5396.7  0.8838238
5399.3  0.8771593
5401.9  0.8656211
5404.5  0.9104759
5407.1  0.85708
5409.7  0.8594865
5412.3  0.8810613
5414.9  0.8968446
5417.5  0.9319898
5420.1  0.9663144
5422.7  0.925746
5425.3  0.9320293
5427.9  0.9191141
5430.5  0.9326327
5433.1  0.9057175
5435.7  0.9056188
5438.3  0.9101964
5440.9  0.934134
5443.5  0.958222
5446.1  0.9107119
5448.7  0.9006469
5451.3  0.8839733
5453.9  0.9421017
5456.5  0.9290875
5459.1  0.9144182
5461.7  0.9377206
5464.3  0.9207254
5466.9  0.913717
5469.5  0.918762
5472.1  0.9232023
5474.7  0.8956753
5477.3  0.8799512
5479.9  0.8473383
5482.5  0.8839357
5485.1  0.9191224
5487.7  0.9217965
5490.3  0.8996352
5492.9  0.918919
5495.5  0.9167483
5498.1  0.920672
5500.7  0.9164501
5503.3  0.9263281
5505.9  0.9003793
5508.5  0.9182243
5511.1  0.8837767
5513.7  0.8792449
5516.3  0.8763021
5518.9  0.9031588
5521.5  0.9448437
5524.1  0.9417979
5526.7  0.8976588
5529.3  0.8792562
5531.9  0.8766069
5534.5  0.9312738
5537.1  0.9316289
5539.7  0.904931
5542.3  0.9123749
5544.9  0.944556
5547.5  0.9639544
5550.1  0.9490705
5552.7  0.9566262
5555.3  0.9359707
5557.9  0.907719
5560.5  0.9251221
5563.1  0.9129077
5565.7  0.9036208
5568.3  0.8894336
5570.9  0.8742296
5573.5  0.9268404
5576.1  0.9659262
5578.7  0.9133453
5581.3  0.9373077
5583.9  0.8827878
5586.5  0.848734
5589.1  0.83464
5591.7  0.8543324
5594.3  0.8647003
5596.9  0.8755462
5599.5  0.8755258
5602.1  0.8780897
5604.7  0.8988994
5607.3  0.95459
5609.9  0.9724078
5612.5  0.9302105
5615.1  0.9177121
5617.7  0.8765951
5620.3  0.8931403
5622.9  0.9033591
5625.5  0.8929715
5628.1  0.9010087
5630.7  0.9274745
5633.3  0.9270415
5635.9  0.9221173
5638.5  0.9314662
5641.1  0.8664522
5643.7  0.8956878
5646.3  0.945433
5648.9  0.9131832
5651.5  0.9044627
5654.1  0.891351
5656.7  0.8745232
5659.3  0.8487852
5661.9  0.8691702
5664.5  0.879477
5667.1  0.9110529
5669.7  0.8980184
5672.3  0.9546987
5674.9  0.9315485
5677.5  0.9109488
5680.1  0.9386943
5682.7  0.933286
5685.3  0.9073868
5687.9  0.8494835
5690.5  0.9118188
5693.1  0.920633
5695.7  0.9163256
5698.3  0.9154916
5700.9  0.9228063
5703.5  0.851115
5706.1  0.869148
5708.7  0.8704959
5711.3  0.8472243
5713.9  0.8795499
5716.5  0.8835216
5719.1  0.9355605
5721.7  0.9353077
5724.3  0.9483476
5726.9  0.9288761
5729.5  0.9395323
5732.1  0.9418688
5734.7  0.9562584
5737.3  0.939485
5739.9  0.978696
5742.5  0.9219425
5745.1  0.9424471
5747.7  0.9443575
5750.3  0.9117522
5752.9  0.9318964
5755.5  0.9418427
5758.1  0.9186745
5760.7  0.9345157
5763.3  0.9269394
5765.9  0.9245604
5768.5  0.9454367
5771.1  0.94078
5773.7  0.9169718
5776.3  0.9244615
5778.9  0.8792857
5781.5  0.8749908
5784.1  0.8690422
5786.7  0.8607858
5789.3  0.9067569
5791.9  0.9073101
5794.5  0.9243999
5797.1  0.8813215
5799.7  0.93628
5802.3  0.9438839
5804.9  0.9423133
5807.5  0.9365795
5810.1  0.9070054
5812.7  0.9306841
5815.3  0.9552191
5817.9  0.9508325
5820.5  0.948481
5823.1  1.00256
5825.7  0.9430826
5828.3  1.00371
5830.9  0.9742904
5833.5  0.9641482
5836.1  0.9935203
5838.7  0.9729657
5841.3  0.9651849
5843.9  0.9493409
5846.5  0.9668136
5849.1  0.9628907
5851.7  0.9201218
5854.3  0.8853384
5856.9  0.8761513
5859.5  0.8874652
5862.1  0.9204569
5864.7  0.9875221
5867.3  0.9490347
5869.9  0.9462076
5872.5  0.9847577
5875.1  0.9910662
5877.7  0.9782007
5880.3  0.9263828
5882.9  0.9294
5885.5  0.9115733
5888.1  0.872977
5890.7  0.8086493
5893.3  0.7620568
5895.9  0.8046214
5898.5  0.8524382
5901.1  0.8906094
5903.7  0.9515001
5906.3  0.9510687
5908.9  0.9710317
5911.5  0.9567425
5914.1  0.954079
5916.7  0.9510213
5919.3  0.9610265
5921.9  0.9563048
5924.5  0.9602371
5927.1  0.9879782
5929.7  0.9464369
5932.3  0.9688647
5934.9  0.9371327
5937.5  0.9715723
5940.1  0.9673276
5942.7  0.9866322
5945.3  0.9543686
5947.9  0.9512556
5950.5  0.9610339
5953.1  0.9342508
5955.7  0.9589719
5958.3  0.9673826
5960.9  0.9503018
5963.5  0.9947438
5966.1  0.9760407
5968.7  0.9844413
5971.3  0.9733657
5973.9  0.9719341
5976.5  0.9450922
5979.1  0.9363313
5981.7  0.9395089
5984.3  0.9478164
5986.9  0.9567521
5989.5  0.9382108
5992.1  0.980882
5994.7  0.9626259
5997.3  0.9562371
5999.9  0.9462642
6002.5  0.9454651
6005.1  0.9609231
6007.7  0.9563491
6010.3  0.931843
6012.9  0.9327382
6015.5  0.912302
6018.1  0.9390714
6020.7  0.9146186
6023.3  0.9135499
6025.9  0.9252445
6028.5  0.9588518
6031.1  0.9828041
6033.7  0.9634686
6036.3  0.9850575
6038.9  0.9859625
6041.5  0.9803072
6044.1  0.9966295
6046.7  0.9844342
6049.3  1.012258
6051.9  1.011065
6054.5  0.9552223
6057.1  0.9597006
6059.7  0.9768348
6062.3  0.9764296
6064.9  0.9830554
6067.5  0.9857005
6070.1  0.9784034
6072.7  1.00614
6075.3  0.9803005
6077.9  0.9612996
6080.5  0.9622303
6083.1  0.9594726
6085.7  0.9695953
6088.3  0.9594683
6090.9  0.9722272
6093.5  0.9662638
6096.1  0.9638571
6098.7  0.9564935
6101.3  0.9471365
6103.9  0.9217597
6106.5  0.9237662
6109.1  0.9764708
6111.7  0.9811918
6114.3  0.9843069
6116.9  0.9835982
6119.5  0.9494513
6122.1  0.9492422
6124.7  0.9384991
6127.3  0.9634222
6129.9  0.9644497
6132.5  0.9619088
6135.1  0.9468819
6137.7  0.9316885
6140.3  0.9240727
6142.9  0.9486646
6145.5  0.9626998
6148.1  0.967568
6150.7  0.9609389
6153.3  0.9767493
6155.9  0.9539846
6158.5  0.923948
6161.1  0.9151203
6163.7  0.8829085
6166.3  0.8892246
6168.9  0.9229871
6171.5  0.9386536
6174.1  0.9572898
6176.7  0.9538014
6179.3  0.9521677
6181.9  0.972598
6184.5  0.9661248
6187.1  0.9749528
6189.7  0.9463779
6192.3  0.9439268
6194.9  0.9671027
6197.5  0.967381
6200.1  0.9772344
6202.7  0.9825925
6205.3  0.992485
6207.9  0.9950891
6210.5  0.9876631
6213.1  0.9717416
6215.7  0.9342456
6218.3  0.9421846
6220.9  0.952884
6223.5  0.9911892
6226.1  0.9740033
6228.7  0.9672649
6231.3  0.9556902
6233.9  0.9487532
6236.5  0.9588652
6239.1  0.9699357
6241.7  0.9489929
6244.3  0.9329049
6246.9  0.9446573
6249.5  0.9314386
6252.1  0.9388504
6254.7  0.9164356
6257.3  0.9123191
6259.9  0.9282197
6262.5  0.9580405
6265.1  0.9707677
6267.7  0.9677222
6270.3  0.9690589
6272.9  0.9562966
6275.5  0.9422277
6278.1  0.9363866
6280.7  0.9098422
6283.3  0.9087619
6285.9  0.9177401
6288.5  0.9283605
6291.1  0.9644625
6293.7  0.9723109
6296.3  0.9843346
6298.9  0.9607413
6301.5  0.9491564
6304.1  0.9536074
6306.7  0.9642993
6309.3  0.9783744
6311.9  0.9635729
6314.5  0.9444959
6317.1  0.935302
6319.7  0.9443446
6322.3  0.9696975
6324.9  0.9677621
6327.5  0.9895821
6330.1  0.992071
6332.7  0.9802225
6335.3  0.9678246
6337.9  0.9873773
6340.5  0.9570721
6343.1  0.9798288
6345.7  0.9737287
6348.3  0.9821833
6350.9  1.009815
6353.5  1.001699
6356.1  0.9762616
6358.7  0.9533778
6361.3  0.9736412
6363.9  0.9636702
6366.5  0.9863849
6369.1  0.9810541
6371.7  1.003357
6374.3  1.004791
6376.9  1.017279
6379.5  1.006621
6382.1  0.9974442
6384.7  1.009331
6387.3  1.018565
6389.9  1.015857
6392.5  1.00736
6395.1  0.9892429
6397.7  1.020942
6400.3  1.003505
6402.9  0.9761595
6405.5  1.007799
6408.1  0.9918932
6410.7  0.9823538
6413.3  0.9837314
6415.9  0.9754177
6418.5  1.017333
6421.1  0.9990796
6423.7  1.002136
6426.3  1.023717
6428.9  1.005639
6431.5  0.9997231
6434.1  1.004955
6436.7  0.9953299
6439.3  0.9989414
6441.9  1.007736
6444.5  1.010402
6447.1  1.010864
6449.7  1.013941
6452.3  0.9822144
6454.9  0.9870647
6457.5  1.016948
6460.1  0.9959169
6462.7  0.9783126
6465.3  1.007617
6467.9  1.000519
6470.5  1.028596
6473.1  1.022019
6475.7  1.043858
6478.3  1.013846
6480.9  1.03908
6483.5  1.050937
6486.1  1.020958
6488.7  1.014953
6491.3  0.9882159
6493.9  0.9325885
6496.5  0.9380929
6499.1  0.9440346
6501.7  0.9827142
6504.3  1.024534
6506.9  1.053363
6509.5  1.027127
6512.1  1.042476
6514.7  1.023354
6517.3  1.021013
6519.9  1.017365
6522.5  1.05344
6525.1  1.010301
6527.7  1.005859
6530.3  0.9973444
6532.9  1.046347
6535.5  1.04952
6538.1  1.022478
6540.7  1.080662
6543.3  1.01495
6545.9  1.020557
6548.5  1.059512
6551.1  1.051546
6553.7  1.125351
6556.3  1.153955
6558.9  1.18524
6561.5  1.223788
6564.1  1.175222
6566.7  1.120758
6569.3  1.049627
6571.9  1.048828
6574.5  1.037976
6577.1  1.046339
6579.7  1.029649
6582.3  1.054633
6584.9  1.042114
6587.5  1.060384
6590.1  1.046958
6592.7  1.005801
6595.3  1.040964
6597.9  1.006843
6600.5  1.054324
6603.1  1.05732
6605.7  1.01152
6608.3  1.009843
6610.9  1.046322
6613.5  1.056093
6616.1  1.015333
6618.7  1.028123
6621.3  1.046306
6623.9  1.097976
6626.5  1.014027
6629.1  1.100973
6631.7  1.086236
6634.3  1.016821
6636.9  0.9998108
6639.5  1.023223
6642.1  1.01144
6644.7  1.024625
6647.3  1.019779
6649.9  1.100383
6652.5  1.036366
6655.1  1.128044
6657.7  1.093357
6660.3  1.094218
6662.9  1.098119
6665.5  1.027051
6668.1  1.021549
6670.7  1.099468
6673.3  1.109328
6675.9  1.114081
6678.5  1.029205
6681.1  1.110033
6683.7  1.060268
6686.3  1.135473
6688.9  1.144214
6691.5  1.035555
6694.1  1.033881
6696.7  1.104562
6699.3  1.114313
6701.9  0.9903774
6704.5  1.007296
6707.1  0.9948708
6709.7  0.9775558
6712.3  1.080273
6714.9  1.037847
6717.5  1.092496
6720.1  1.098082
6722.7  1.031154
6725.3  1.038296
6727.9  1.034753
6730.5  1.09879
6733.1  1.031385
6735.7  1.143177
6738.3  1.102521
6740.9  1.126008
6743.5  1.096711
6746.1  1.024505
6748.7  1.120962
6751.3  1.013964
6753.9  1.029384
6756.5  1.118842
6759.1  1.051451
6761.7  1.040956
6764.3  1.034983
6766.9  1.139495
6769.5  1.02455
6772.1  1.018395
6774.7  1.109587
6777.3  1.132333
6779.9  1.135633
6782.5  1.093899
6785.1  1.016899
6787.7  1.024338
6790.3  1.086005
6792.9  1.049956
6795.5  1.053891
6798.1  1.113144
6800.7  1.044105
6803.3  1.026538
6805.9  1.103314
6808.5  1.042883
6811.1  1.105336
6813.7  1.038641
6816.3  1.043502
6818.9  1.051308
6821.5  1.048804
6824.1  1.040489
6826.7  1.039973
6829.3  1.10337
6831.9  1.057221
6834.5  1.037822
6837.1  1.014248
6839.7  1.094933
6842.3  1.090846
6844.9  1.007509
6847.5  1.012405
6850.1  1.067576
6852.7  1.083502
6855.3  1.004546
6857.9  1.015127
6860.5  1.000653
6863.1  0.9719636
6865.7  0.9336306
6868.3  0.8733516
6870.9  0.8633251
6873.5  0.8700436
6876.1  0.8442701
6878.7  0.8921992
6881.3  0.9303003
6883.9  0.9448682
6886.5  0.9421361
6889.1  0.9228132
6891.7  0.9257006
6894.3  0.9335727
6896.9  0.9460099
6899.5  0.9513196
6902.1  0.9636856
6904.7  1.062471
6907.3  1.033719
6909.9  0.9939517
6912.5  0.9981897
6915.1  0.9932356
6917.7  0.991473
6920.3  0.9930938
6922.9  1.027195
6925.5  1.021557
6928.1  1.020252
6930.7  1.025061
6933.3  1.076031
6935.9  1.082466
6938.5  1.059436
6941.1  1.038916
6943.7  1.045444
6946.3  1.04017
6948.9  1.027492
6951.5  1.070543
6954.1  1.086059
6956.7  1.065062
6959.3  1.07084
6961.9  1.060801
6964.5  1.069601
6967.1  1.050997
6969.7  1.067112
6972.3  1.061442
6974.9  1.024092
6977.5  1.017334
6980.1  1.053775
6982.7  1.030025
6985.3  1.067408
6987.9  1.05757
6990.5  1.0587
6993.1  1.05635
6995.7  1.054496
6998.3  1.037832
7000.9  1.041867
7003.5  1.050382
7006.1  1.049653
7008.7  1.026141
7011.3  1.027532
7013.9  1.024634
7016.5  1.041208
7019.1  1.038138
7021.7  1.048803
7024.3  1.020135
7026.9  1.030355
7029.5  1.041064
7032.1  1.047153
7034.7  1.049916
7037.3  1.043602
7039.9  1.042571
7042.5  1.054616
7045.1  1.053492
7047.7  1.058263
7050.3  1.066611
7052.9  1.059143
7055.5  1.05473
7058.1  1.035947
7060.7  1.041526
7063.3  1.047647
7065.9  1.044431
7068.5  1.059593
7071.1  1.044993
7073.7  1.061336
7076.3  1.073027
7078.9  1.058196
7081.5  1.059495
7084.1  1.050403
7086.7  1.045415
7089.3  1.034543
7091.9  1.046278
7094.5  1.043748
7097.1  1.045913
7099.7  1.062457
7102.3  1.067261
7104.9  1.055133
7107.5  1.053881
7110.1  1.068174
7112.7  1.046487
7115.3  1.042109
7117.9  1.048771
7120.5  1.042192
7123.1  1.053536
7125.7  1.047932
7128.3  1.036947
7130.9  1.028318
7133.5  1.026513
7136.1  1.034731
7138.7  1.062067
7141.3  1.043491
7143.9  1.044172
7146.5  1.026735
7149.1  1.02464
7151.7  1.028458
7154.3  1.048281
7156.9  1.059553
7159.5  1.043413
7162.1  1.036318
7164.7  1.046757
7167.3  1.036493
7169.9  1.03173
7172.5  1.038944
7175.1  1.04048
7177.7  1.033065
7180.3  1.015498
7182.9  1.009739
7185.5  1.000978
7188.1  1.008774
7190.7  1.015996
7193.3  1.013655
7195.9  1.007255
7198.5  1.018049
7201.1  1.006134
7203.7  1.017445
7206.3  1.017878
7208.9  1.019065
7211.5  1.013608
7214.1  1.032113
7216.7  1.032979
7219.3  1.027837
7221.9  1.031344
7224.5  1.016301
7227.1  1.022798
7229.7  1.030086
7232.3  1.039033
7234.9  1.03105
7237.5  1.035314
7240.1  1.033876
7242.7  1.026401
7245.3  1.031891
7247.9  1.030058
7250.5  1.041508
7253.1  1.034687
7255.7  1.016054
7258.3  1.027524
7260.9  1.037479
7263.5  1.045214
7266.1  1.02405
7268.7  1.050268
7271.3  1.041235
7273.9  1.020049
7276.5  1.019632
7279.1  1.01462
7281.7  1.026948
7284.3  1.01465
7286.9  1.007789
7289.5  1.013497
7292.1  1.003543
7294.7  1.004315
7297.3  1.014896
7299.9  1.040848
7302.5  1.03431
7305.1  1.010326
7307.7  1.013889
7310.3  1.021294
7312.9  0.9908868
7315.5  1.008169
7318.1  1.015815
7320.7  1.018674
7323.3  1.021344
7325.9  1.001879
7328.5  1.014059
7331.1  1.013019
7333.7  1.042682
7336.3  1.046194
7338.9  1.043873
7341.5  1.051237
7344.1  0.9830999
7346.7  1.02345
7349.3  1.020263
7351.9  1.020199
7354.5  1.015638
7357.1  1.011904
7359.7  1.013883
7362.3  1.012163
7364.9  1.007119
7367.5  1.007666
7370.1  1.043082
7372.7  1.007985
7375.3  1.001236
7377.9  1.0443
7380.5  1.005365
7383.1  1.022786
7385.7  1.013016
7388.3  1.001131
7390.9  0.9916397
7393.5  1.019343
7396.1  1.028648
7398.7  1.029027
7401.3  1.020322
7403.9  1.017488
7406.5  1.009827
7409.1  1.01044
7411.7  1.000103
7414.3  0.9969782
7416.9  0.9974489
7419.5  0.9915039
7422.1  0.997937
7424.7  1.00573
7427.3  1.004594
7429.9  0.9937541
7432.5  1.02641
7435.1  1.032217
7437.7  1.039256
7440.3  1.007494
7442.9  0.994125
7445.5  1.007703
7448.1  1.017286
7450.7  0.9955509
7453.3  1.037752
7455.9  1.043771
7458.5  1.035134
7461.1  0.9929003
7463.7  0.985435
7466.3  1.007429
7468.9  1.038914
7471.5  1.044088
7474.1  0.9885002
7476.7  0.9809246
7479.3  1.037313
7481.9  0.9830141
7484.5  1.039868
7487.1  0.9855676
7489.7  0.9839334
7492.3  1.002571
7494.9  1.011439
7497.5  1.015303
7500.1  1.00898
7502.7  0.9899533
7505.3  0.9922254
7507.9  1.013175
7510.5  0.9960037
7513.1  0.9981955
7515.7  1.029977
7518.3  0.9867487
7520.9  1.036289
7523.5  1.028885
7526.1  1.01071
7528.7  0.9759755
7531.3  0.9676725
7533.9  0.9869058
7536.5  0.9944972
7539.1  0.9859847
7541.7  1.027994
7544.3  0.9812884
7546.9  0.9876628
7549.5  0.9885425
7552.1  0.9966081
7554.7  1.000211
7557.3  1.001208
7559.9  0.9760644
7562.5  0.9786378
7565.1  0.9970056
7567.7  0.9764829
7570.3  1.020858
7572.9  1.020953
7575.5  1.052747
7578.1  0.9704456
7580.7  1.017014
7583.3  0.996129
7585.9  0.9660008
7588.5  0.9813475
7591.1  0.9276907
7593.7  0.8072163
7596.3  0.6428063
7598.9  0.4760387
7601.5  0.3680405
7604.1  0.3184423
7606.7  0.3116602
7609.3  0.4018281
7611.9  0.4982836
7614.5  0.5533857
7617.1  0.6563901
7619.7  0.6994869
7622.3  0.6964167
7624.9  0.631632
7627.5  0.5726244
7630.1  0.5634285
7632.7  0.5724852
7635.3  0.5842165
7637.9  0.6149189
7640.5  0.6361566
7643.1  0.6755228
7645.7  0.6990789
7648.3  0.734814
7650.9  0.7595947
7653.5  0.7752863
7656.1  0.7998117
7658.7  0.8122152
7661.3  0.8242063
7663.9  0.8327003
7666.5  0.862471
7669.1  0.9164732
7671.7  0.9379766
7674.3  0.9503134
7676.9  0.9604483
7679.5  0.9753391
7682.1  0.9769213
7684.7  0.9700591
7687.3  0.9804248
7689.9  0.9868591
7692.5  0.9814852
7695.1  0.9781302
7697.7  0.9748923
7700.3  0.9734837
7702.9  0.9804301
7705.5  0.9899062
7708.1  0.9705235
7710.7  0.9710442
7713.3  0.9695125
7715.9  0.9537268
7718.5  0.9725991
7721.1  0.980028
7723.7  0.9817047
7726.3  0.9901934
7728.9  0.9778327
7731.5  0.9585263
7734.1  1.012952
7736.7  0.9727752
7739.3  1.01487
7741.9  0.9882784
7744.5  0.9701668
7747.1  0.9632169
7749.7  0.9796157
7752.3  0.9775645
7754.9  1.005719
7757.5  0.9624847
7760.1  1.014034
7762.7  0.9672037
7765.3  0.967403
7767.9  1.014108
7770.5  0.9683907
7773.1  0.9870989
7775.7  0.9792914
7778.3  0.9802244
7780.9  0.9769031
7783.5  0.9773103
7786.1  1.004857
7788.7  1.012047
7791.3  1.00642
7793.9  0.9687149
7796.5  0.9744409
7799.1  1.005918
7801.7  1.006634
7804.3  0.9852887
7806.9  0.9854363
7809.5  0.9728339
7812.1  0.9769424
7814.7  0.9738098
7817.3  0.9754819
7819.9  1.031194
7822.5  0.9726759
7825.1  0.9774929
7827.7  1.013582
7830.3  0.9644736
7832.9  0.9762632
7835.5  0.9900267
7838.1  1.00203
7840.7  0.996866
7843.3  0.982115
7845.9  0.9703304
7848.5  0.9595689
7851.1  0.9763022
7853.7  0.9523926
7856.3  0.9570047
7858.9  0.9972754
7861.5  1.022057
7864.1  1.021049
7866.7  0.9820701
7869.3  0.9731884
7871.9  0.9717251
7874.5  0.9618217
7877.1  0.9713754
7879.7  0.9885821
7882.3  1.001695
7884.9  1.015129
7887.5  0.9645016
7890.1  0.9691443
7892.7  0.9744228
7895.3  0.9757062
7897.9  0.9693564
7900.5  0.9699245
7903.1  0.9697814
7905.7  0.9761078
7908.3  0.9909692
7910.9  1.001703
7913.5  0.9558081
7916.1  0.9646553
7918.7  0.9552886
7921.3  0.979728
7923.9  0.9583296
7926.5  0.9433767
7929.1  0.9654262
7931.7  0.9635076
7934.3  0.9616272
7936.9  0.9589024
7939.5  0.9578473
7942.1  0.9545866
7944.7  0.9645573
7947.3  0.9558391
7949.9  0.97483
7952.5  0.9686661
7955.1  0.983164
7957.7  0.97194
7960.3  0.971772
7962.9  0.9758658
7965.5  0.9930544
7968.1  1.006854
7970.7  0.989719
7973.3  0.988067
7975.9  0.9728173
7978.5  0.9813257
7981.1  0.9698842
7983.7  0.9820745
7986.3  0.9765201
7988.9  0.9561523
7991.5  0.9596506
7994.1  0.9822965
7996.7  0.9606518
7999.3  0.9592825
8001.9  0.9633695
8004.5  0.9822657
8007.1  0.9891733
8009.7  0.9694686
8012.3  0.9695808
8014.9  0.9822946
8017.5  0.9898387
8020.1  0.9763134
8022.7  0.9635506
8025.3  0.9620531
8027.9  0.967257
8030.5  0.9655383
8033.1  0.9873449
8035.7  1.005508
8038.3  0.9749455
8040.9  0.9664259
8043.5  0.9724404
8046.1  0.9709813
8048.7  0.9696774
8051.3  0.9801943
8053.9  0.9803682
8056.5  0.9658635
8059.1  0.9712461
8061.7  0.9747759
8064.3  0.9882771
8066.9  0.9763252
8069.5  0.9598262
8072.1  0.9688624
8074.7  0.9654342
8077.3  0.9721657
8079.9  0.9745016
8082.5  0.9688908
8085.1  0.9722455
8087.7  0.9727026
8090.3  0.9652085
8092.9  0.9662932
8095.5  0.9643053
8098.1  0.9775962
8100.7  0.9602369
8103.3  0.9627948
8105.9  0.9821299
8108.5  0.9792192
8111.1  0.9805874
8113.7  0.980567
8116.3  0.9759578
8118.9  0.9718702
8121.5  0.9741887
8124.1  0.9756486
8126.7  0.9685439
8129.3  0.9796119
8131.9  0.9737901
8134.5  0.975097
8137.1  0.9722978
8139.7  0.9689292
8142.3  0.9753988
8144.9  0.9828088
8147.5  0.9813494
8150.1  0.9845182
8152.7  0.9646648
8155.3  0.9722193
8157.9  0.9755907
8160.5  0.961347
8163.1  0.9731144
8165.7  0.9759831
8168.3  0.9646728
8170.9  0.9652047
8173.5  0.9672209
8176.1  0.9638896
8178.7  0.95926
8181.3  0.948751
8183.9  0.9537988
8186.5  0.9548487
8189.1  0.9479651
8191.7  0.9472768
8194.3  0.9285363
8196.9  0.929561
8199.5  0.9525385
8202.1  0.9715196
8204.7  0.9597224
8207.3  0.9575521
8209.9  0.9570509
8212.5  0.9623149
8215.1  0.9616294
8217.7  0.9548944
8220.3  0.9534356
8222.9  0.9573687
8225.5  0.9647283
8228.1  0.9596668
8230.7  0.9584686
8233.3  0.9638728
8235.9  0.9664227
8238.5  0.9643866
8241.1  0.9705333
8243.7  0.9700052
8246.3  0.9674841
8248.9  0.9590477
8251.5  0.9726769
8254.1  0.9724132
8256.7  0.9729888
8259.3  0.9856606
8261.9  0.9812987
8264.5  0.980063
8267.1  0.9808487
8269.7  0.9661825
8272.3  0.976207
8274.9  0.9723151
8277.5  0.9652055
8280.1  0.9741691
8282.7  0.9697229
8285.3  0.972772
8287.9  0.9733704
8290.5  0.9696792
8293.1  0.9696657
8295.7  0.969812
8298.3  0.9687294
8300.9  0.9728996
8303.5  0.9656558
8306.1  0.9646187
8308.7  0.9596586
8311.3  0.9622929
8313.9  0.9642109
8316.5  0.9748874
8319.1  0.9686841
8321.7  0.952836
8324.3  0.9579898
8326.9  0.9610987
8329.5  0.9535802
8332.1  0.9447979
8334.7  0.9493576
8337.3  0.9572496
8339.9  0.9561425
8342.5  0.9553042
8345.1  0.9567919
8347.7  0.9557992
8350.3  0.9627947
8352.9  0.9665154
8355.5  0.9751359
8358.1  0.969824
8360.7  0.9612056
8363.3  0.957844
8365.9  0.968677
8368.5  0.9788052
8371.1  0.974208
8373.7  0.9793607
8376.3  0.9686397
8378.9  0.9691064
8381.5  0.9579945
8384.1  0.9617676
8386.7  0.9608148
8389.3  0.9571286
8391.9  0.9637491
8394.5  0.9669322
8397.1  0.9711954
8399.7  0.976666
8402.3  0.9674755
8404.9  0.9748667
8407.5  0.9872552
8410.1  0.9931249
8412.7  0.9725147
8415.3  0.9708045
8417.9  0.9792469
8420.5  0.978246
8423.1  0.9709669
8425.7  0.9699025
8428.3  0.9643553
8430.9  0.971217
8433.5  0.9656025
8436.1  0.9677103
8438.7  0.9626582
8441.3  0.9751176
8443.9  0.9840566
8446.5  0.9880361
8449.1  0.9828613
8451.7  0.9875951
8454.3  0.9896715
8456.9  0.9940201
8459.5  0.9937081
8462.1  0.9868317
8464.7  0.9776162
8467.3  0.9816155
8469.9  0.9842774
8472.5  0.9839442
8475.1  0.9899082
8477.7  0.9992535
8480.3  0.9954953
8482.9  0.9878477
8485.5  0.9883001
8488.1  0.9936423
8490.7  0.992139
8493.3  0.9804555
8495.9  0.96777
8498.5  0.932439
8501.1  0.9604321
8503.7  0.9690484
8506.3  0.9856315
8508.9  0.9935631
8511.5  0.9822205
8514.1  0.9764414
8516.7  0.9630315
8519.3  0.9700762
8521.9  0.9797399
8524.5  0.9880353
8527.1  0.9904031
8529.7  0.9858699
8532.3  0.9821727
8534.9  0.9532319
8537.5  0.9638646
8540.1  0.8533075
8542.7  0.8302937
8545.3  0.8387402
8547.9  0.9695163
8550.5  0.9715798
8553.1  0.9681649
8555.7  0.9941733
8558.3  0.9897529
8560.9  0.9913226
8563.5  1.00965
8566.1  1.002251
8568.7  0.9972388
8571.3  1.0084
8573.9  1.006686
8576.5  0.9877979
8579.1  0.993215
8581.7  0.9978346
8584.3  1.002767
8586.9  1.008583
8589.5  0.9973441
8592.1  0.9938807
8594.7  0.999236
8597.3  1.000345
8599.9  0.9997901
8602.5  1.006546
8605.1  1.007619
8607.7  1.000406
8610.3  1.006953
8612.9  1.000311
8615.5  0.9925004
8618.1  0.9938345
8620.7  0.9892747
8623.3  0.9883772
8625.9  0.9934127
8628.5  0.9951137
8631.1  1.008492
8633.7  1.006031
8636.3  1.008562
8638.9  1.012427
8641.5  1.00753
8644.1  1.003496
8646.7  1.001653
8649.3  0.9882594
8651.9  0.9895556
8654.5  0.9871897
8657.1  0.9375491
8659.7  0.9189765
8662.3  0.9105843
8664.9  0.905607
8667.5  0.9210846
8670.1  0.9813863
8672.7  0.9920466
8675.3  0.9873123
8677.9  0.9993953
8680.5  1.006857
8683.1  1.008573
8685.7  0.9940281
8688.3  0.9992549
8690.9  1.00758
8693.5  1.008153
8696.1  1.01152
8698.7  1.019495
8701.3  1.01919
8703.9  1.02232
8706.5  1.026044
8709.1  1.014051
8711.7  1.009631
8714.3  1.008017
8716.9  1.007538
8719.5  1.020619
8722.1  1.029207
8724.7  1.031695
8727.3  1.03486
8729.9  1.0371
8732.5  1.017814
8735.1  1.022412
8737.7  1.017674
8740.3  1.014182
8742.9  1.01827
8745.5  1.021777
8748.1  1.02377
8750.7  1.024874
8753.3  1.019863
8755.9  1.014187
8758.5  0.9976136
8761.1  1.008451
8763.7  1.007276
8766.3  1.021613
8768.9  1.019963
8771.5  1.009686
8774.1  0.9987738
8776.7  1.047836
8779.3  1.030566
8781.9  1.010462
8784.5  1.021506
8787.1  1.027348
8789.7  1.023474
8792.3  1.020812
8794.9  1.028596
8797.5  1.034995
8800.1  1.03451
8802.7  1.016448
8805.3  1.011497
8807.9  1.008911
8810.5  1.030832
8813.1  1.032936
8815.7  1.03822
8818.3  1.041004
8820.9  1.045255
8823.5  1.042282
8826.1  1.028662
8828.7  1.053046
8831.3  1.012573
8833.9  1.014237
8836.5  1.03209
8839.1  1.035255
8841.7  1.039087
8844.3  1.04146
8846.9  1.058411
8849.5  1.027586
8852.1  1.027865
8854.7  1.028289
8857.3  1.037219
8859.9  1.027308
8862.5  1.041723
8865.1  1.041818
8867.7  1.032122
8870.3  1.02837
8872.9  1.041895
8875.5  1.037746
8878.1  1.03569
8880.7  1.031965
8883.3  1.013712
8885.9  1.033797
8888.5  1.057722
8891.1  1.06871
8893.7  1.054297
8896.3  1.054047
8898.9  1.048754
8901.5  1.038658
8904.1  1.029457
8906.7  1.039642
8909.3  1.052665
8911.9  1.051279
8914.5  1.065986
8917.1  1.058461
8919.7  1.051822
8922.3  1.028231
8924.9  1.027942
8927.5  1.026379
8930.1  1.041997
8932.7  1.043394
8935.3  1.058627
8937.9  1.054544
8940.5  1.055391
8943.1  1.043794
8945.7  1.032101
8948.3  1.036492
8950.9  1.010786
8953.5  1.011966
8956.1  1.044925
8958.7  1.04738
8961.3  1.053537
8963.9  1.064385
8966.5  1.051777
8969.1  1.030759
8971.7  1.029027
8974.3  1.043294
8976.9  1.029916
8979.5  1.02557
8982.1  1.039061
8984.7  1.051636
8987.3  1.053725
8989.9  1.035939
8992.5  1.013318
8995.1  1.045322
8997.7  1.000896
9000.3  1.006266
9002.9  1.018461
9005.5  1.019521
9008.1  1.026762
9010.7  1.027992
9013.3  1.0193
9015.9  1.048249
9018.5  0.97335
9021.1  1.010912
9023.7  1.028358
9026.3  1.036294
9028.9  1.018386
9031.5  1.072118
9034.1  1.062395
9036.7  1.059256
9039.3  1.049231
9041.9  1.033293
9044.5  1.051045
9047.1  1.061982
9049.7  1.058855
9052.3  1.060593
9054.9  1.07116
9057.5  1.071696
9060.1  1.061879
9062.7  1.023967
9065.3  1.040226
9067.9  1.042512
9070.5  1.02759
9073.1  1.013376
9075.7  1.040015
9078.3  1.059244
9080.9  1.045555
9083.5  1.011794
9086.1  1.029529
9088.7  1.040213
9091.3  0.9802137
9093.9  0.9738824
9096.5  1.049205
9099.1  0.9971017
9101.7  1.010582
9104.3  1.034674
9106.9  1.040234
9109.5  1.034323
9112.1  1.034071
9114.7  1.013239
9117.3  0.993736
9119.9  0.9833382
9122.5  1.045903
9125.1  1.047402
9127.7  1.023056
9130.3  1.008673
9132.9  1.032106
9135.5  1.03224
9138.1  1.022805
9140.7  1.026371
9143.3  1.023043
9145.9  0.9962612
9148.5  0.9781602
9151.1  0.9906572
9153.7  1.049272
9156.3  0.987704
9158.9  1.016461
9161.5  1.037382
9164.1  1.035901
9166.7  1.02816
9169.3  1.012443
9171.9  0.9920492
9174.5  0.9465722
9177.1  0.949053
9179.7  0.9772729
9182.3  1.013918
9184.9  1.016736
9187.5  1.041734
9190.1  1.036479
9192.7  1.042544
9195.3  0.9856449
9197.9  0.9853848
9200.5  1.027285
9203.1  0.9529613
9205.7  0.9719115
9208.3  0.982316
9210.9  0.997137
9213.5  1.051863
9216.1  1.042766
9218.7  0.9908005
9221.3  0.9666542
9223.9  0.9440914
9226.5  0.936295
9229.1  0.9503781
9231.7  0.9675925
9234.3  0.9944772
9236.9  1.013481
9239.5  1.031424
9242.1  1.054582
9244.7  1.078574
9247.3  0.9467911
9249.9  0.9350193
9252.5  0.9351618
9255.1  0.9462709
9257.7  0.9685943
9260.3  1.050438
9262.9  1.070939
9265.5  1.073532
9268.1  0.9822795
9270.7  0.9539238
9273.3  0.9489558
9275.9  0.9535896
9278.5  0.9723022
9281.1  1.042888
9283.7  0.9969023
9286.3  1.058997
9288.9  0.9740635
9291.5  0.9534137
9294.1  0.9234689
9296.7  0.9120053
9299.3  0.913712
9301.9  0.9189813
9304.5  0.9228348
9307.1  1.014731
9309.7  1.017164
9312.3  0.9949325
9314.9  0.991631
9317.5  0.8641939
9320.1  0.8377944
9322.7  0.8298744
9325.3  0.8612754
9327.9  0.8662575
9330.5  0.8906406
9333.1  0.905142
9335.7  0.8863158
9338.3  0.8906937
9340.9  0.7850785
9343.5  0.7746666
9346.1  0.7902374
9348.7  0.8081875
9351.3  0.8350036
9353.9  0.8648285
9356.5  0.8442658
9359.1  0.8918284
9361.7  0.8211473
9364.3  0.8140224
9366.9  0.8049015
9369.5  0.80301
9372.1  0.8143205
9374.7  0.8839651
9377.3  0.9089228
9379.9  0.9051089
9382.5  0.9045529
9385.1  0.833886
9387.7  0.8469075
9390.3  0.8554062
9392.9  0.9045039
9395.5  0.8880303
9398.1  0.9591609
9400.7  0.9270772
9403.3  0.9350272
9405.9  0.8780158
9408.5  0.8913531
9411.1  0.8144845
9413.7  0.8047763
9416.3  0.817681
9418.9  0.8390765
9421.5  0.8632782
9424.1  0.8565817
9426.7  0.8583071
9429.3  0.7959461
9431.9  0.7843999
9434.5  0.7743463
9437.1  0.7846195
9439.7  0.7695723
9442.3  0.7785326
9444.9  0.7774513
9447.5  0.8147478
9450.1  0.8802711
9452.7  0.8848973
9455.3  0.8749284
9457.9  0.82994
9460.5  0.7819864
9463.1  0.793682
9465.7  0.8212504
9468.3  0.81258
9470.9  0.8524667
9473.5  0.87751
9476.1  0.8872331
9478.7  0.8804415
9481.3  0.8498824
9483.9  0.8179249
9486.5  0.8060774
9489.1  0.7941195
9491.7  0.8217029
9494.3  0.8031616
9496.9  0.7864842
9499.5  0.8091108
9502.1  0.8465012
9504.7  0.864562
9507.3  0.8532516
9509.9  0.8368701
9512.5  0.8042318
9515.1  0.8133159
9517.7  0.7642703
9520.3  0.7714127
9522.9  0.7826543
9525.5  0.7946259
9528.1  0.8364298
9530.7  0.8546531
9533.3  0.8427225
9535.9  0.8297902
9538.5  0.7957809
9541.1  0.7821562
9543.7  0.7548352
9546.3  0.7735879
9548.9  0.7755288
9551.5  0.7937381
9554.1  0.8244556
9556.7  0.8213836
9559.3  0.804595
9561.9  0.7861403
9564.5  0.7673589
9567.1  0.7733839
9569.7  0.7710537
9572.3  0.7718483
9574.9  0.7802635
9577.5  0.7993354
9580.1  0.809598
9582.7  0.8151384
9585.3  0.7871824
9587.9  0.7662138
9590.5  0.7534807
9593.1  0.737879
9595.7  0.7647962
9598.3  0.7784342
9600.9  0.7846705
9603.5  0.7923716
9606.1  0.8159058
9608.7  0.8156698
9611.3  0.8045622
9613.9  0.7892083
9616.5  0.7631513
9619.1  0.7480359
9621.7  0.7419079
9624.3  0.7239305
9626.9  0.7492944
9629.5  0.7627779
9632.1  0.7737387
9634.7  0.7546005
9637.3  0.7480538
9639.9  0.7491329
9642.5  0.7307912
9645.1  0.711753
9647.7  0.7131865
9650.3  0.7093295
9652.9  0.7194741
9655.5  0.7280095
9658.1  0.7409814
9660.7  0.7616793
9663.3  0.7746229
9665.9  0.757376
9668.5  0.7582592
9671.1  0.7432683
9673.7  0.7279058
9676.3  0.717274
9678.9  0.7159213
9681.5  0.7104356
9684.1  0.7218484
9686.7  0.7157525
9689.3  0.7532772
9691.9  0.7480713
9694.5  0.7552012
9697.1  0.7410935
9699.7  0.7243603
9702.3  0.7133893
9704.9  0.6968325
9707.5  0.6873976
9710.1  0.6877554
9712.7  0.6788443
9715.3  0.6769449
9717.9  0.6795076
9720.5  0.6788736
9723.1  0.7195491
9725.7  0.7051327
9728.3  0.738206
9730.9  0.7145086
9733.5  0.7345622
9736.1  0.7036482
9738.7  0.6876534
9741.3  0.6630802
9743.9  0.6315084
9746.5  0.6358392
9749.1  0.6383622
9751.7  0.627985
9754.3  0.6363682
9756.9  0.6441998
9759.5  0.6495991
9762.1  0.6766634
9764.7  0.6622047
9767.3  0.6620158
9769.9  0.629114
9772.5  0.6970591
9775.1  0.618408
9777.7  0.6027175
9780.3  0.598071
9782.9  0.5954803
9785.5  0.5987345
9788.1  0.6057525
9790.7  0.5983687
9793.3  0.6262577
9795.9  0.7139292
9798.5  0.6286346
9801.1  0.5894274
9803.7  0.6816722
9806.3  0.6046882
9808.9  0.5861813
9811.5  0.5712713
9814.1  0.5771565
9816.7  0.576327
9819.3  0.5920874
9821.9  0.5906472
9824.5  0.5918901
9827.1  0.6023288
9829.7  0.5922986
9832.3  0.5805098
9834.9  0.5585687
9837.5  0.5537149
9840.1  0.63194
9842.7  0.5485391
9845.3  0.5575333
9847.9  0.5347264
9850.5  0.5452068
9853.1  0.5592561
9855.7  0.5584558
9858.3  0.5543704
9860.9  0.5602491
9863.5  0.5550495
9866.1  0.6471432
9868.7  0.6217789
9871.3  0.5270985
9873.9  0.5172102
9876.5  0.5148906
9879.1  0.5292271
9881.7  0.5167233
9884.3  0.5204353
9886.9  0.607022
9889.5  0.5256337
9892.1  0.503052
9894.7  0.5095621
9897.3  0.6203359
9899.9  0.5933914
9902.5  0.5761956
9905.1  0.5739295
9907.7  0.488474
9910.3  0.470867
9912.9  0.4886808
9915.5  0.4751562
9918.1  0.4738079
9920.7  0.5988165
9923.3  0.5996853
9925.9  0.4705477
9928.5  0.4745564
9931.1  0.4670008
9933.7  0.4624237
9936.3  0.5622587
9938.9  0.5573974
9941.5  0.4417063
9944.1  0.4566748
9946.7  0.4490732
9949.3  0.426864
9951.9  0.4555921
9954.5  0.5850171
9957.1  0.5629013
9959.7  0.572008
9962.3  0.4324748
9964.9  0.4260808
9967.5  0.4302184
9970.1  0.4328865
9972.7  0.400418
9975.3  0.4001766
9977.9  0.4120592
9980.5  0.4084279
9983.1  0.3935975
9985.7  0.4122733
9988.3  0.415376
9990.9  0.4092441
9993.5  0.4074232
9996.1  0.3998744
