3501.3  0.
3503.9  0.
3506.5  0.
3509.1  0.
3511.7  0.
3514.3  0.
3516.9  0.
3519.5  0.
3522.1  0.
3524.7  0.
3527.3  0.
3529.9  0.
3532.5  0.
3535.1  0.
3537.7  0.
3540.3  0.
3542.9  0.
3545.5  0.
3548.1  0.
3550.7  0.
3553.3  0.
3555.9  0.
3558.5  0.
3561.1  0.
3563.7  0.
3566.3  0.
3568.9  0.
3571.5  0.
3574.1  0.
3576.7  0.
3579.3  0.
3581.9  0.
3584.5  0.
3587.1  0.
3589.7  0.
3592.3  0.
3594.9  0.
3597.5  0.
3600.1  0.
3602.7  0.
3605.3  0.
3607.9  0.
3610.5  0.
3613.1  0.
3615.7  0.
3618.3  0.
3620.9  0.
3623.5  0.
3626.1  0.
3628.7  0.
3631.3  0.
3633.9  0.
3636.5  0.
3639.1  0.
3641.7  0.
3644.3  0.
3646.9  0.
3649.5  0.
3652.1  0.
3654.7  0.
3657.3  0.
3659.9  0.
3662.5  0.
3665.1  0.
3667.7  0.
3670.3  0.
3672.9  0.
3675.5  0.
3678.1  0.
3680.7  0.
3683.3  0.
3685.9  0.
3688.5  0.
3691.1  0.
3693.7  0.
3696.3  0.
3698.9  0.
3701.5  0.
3704.1  0.
3706.7  0.
3709.3  0.
3711.9  0.
3714.5  0.
3717.1  0.
3719.7  0.
3722.3  0.
3724.9  0.
3727.5  0.
3730.1  0.
3732.7  0.
3735.3  0.
3737.9  0.
3740.5  0.
3743.1  0.
3745.7  0.
3748.3  0.
3750.9  0.
3753.5  0.
3756.1  0.
3758.7  0.
3761.3  0.
3763.9  0.
3766.5  0.
3769.1  0.
3771.7  0.
3774.3  0.
3776.9  0.
3779.5  0.
3782.1  0.
3784.7  0.
3787.3  0.
3789.9  0.
3792.5  0.
3795.1  0.
3797.7  0.
3800.3  0.
3802.9  0.
3805.5  0.
3808.1  0.
3810.7  0.
3813.3  0.
3815.9  0.
3818.5  0.
3821.1  0.
3823.7  0.
3826.3  0.
3828.9  0.
3831.5  0.
3834.1  0.
3836.7  0.
3839.3  0.
3841.9  0.
3844.5  0.
3847.1  0.
3849.7  0.
3852.3  0.
3854.9  0.
3857.5  0.
3860.1  0.
3862.7  0.
3865.3  0.
3867.9  0.
3870.5  0.
3873.1  0.
3875.7  0.
3878.3  0.
3880.9  0.
3883.5  0.
3886.1  0.
3888.7  0.
3891.3  0.
3893.9  0.
3896.5  0.
3899.1  0.
3901.7  0.
3904.3  0.
3906.9  0.
3909.5  0.
3912.1  0.
3914.7  0.
3917.3  0.
3919.9  0.
3922.5  0.
3925.1  0.
3927.7  0.
3930.3  0.
3932.9  0.
3935.5  0.
3938.1  0.
3940.7  0.
3943.3  0.
3945.9  0.
3948.5  0.
3951.1  0.
3953.7  0.
3956.3  0.
3958.9  0.
3961.5  0.
3964.1  0.
3966.7  0.
3969.3  0.
3971.9  0.
3974.5  0.
3977.1  0.
3979.7  0.
3982.3  0.
3984.9  0.
3987.5  0.
3990.1  0.
3992.7  0.
3995.3  0.
3997.9  0.
4000.5  0.
4003.1  0.
4005.7  0.
4008.3  0.
4010.9  0.
4013.5  0.
4016.1  0.
4018.7  0.
4021.3  0.
4023.9  0.
4026.5  0.
4029.1  0.
4031.7  0.
4034.3  0.
4036.9  0.
4039.5  0.
4042.1  0.
4044.7  0.
4047.3  0.
4049.9  0.
4052.5  0.
4055.1  0.
4057.7  0.
4060.3  0.
4062.9  0.
4065.5  0.
4068.1  0.
4070.7  0.
4073.3  0.
4075.9  0.
4078.5  0.
4081.1  0.
4083.7  0.
4086.3  0.
4088.9  0.
4091.5  0.
4094.1  0.
4096.7  0.
4099.3  0.
4101.9  0.
4104.5  0.
4107.1  0.
4109.7  0.
4112.3  0.
4114.9  0.
4117.5  0.
4120.1  0.
4122.7  0.
4125.3  0.
4127.9  0.
4130.5  0.
4133.1  0.
4135.7  0.
4138.3  0.
4140.9  0.
4143.5  0.
4146.1  0.
4148.7  0.
4151.3  0.
4153.9  0.
4156.5  0.
4159.1  0.
4161.7  0.
4164.3  0.
4166.9  0.
4169.5  0.
4172.1  0.
4174.7  0.
4177.3  0.
4179.9  0.
4182.5  0.
4185.1  0.
4187.7  0.
4190.3  0.
4192.9  0.
4195.5  0.
4198.1  0.
4200.7  0.
4203.3  0.
4205.9  0.
4208.5  0.
4211.1  0.
4213.7  0.
4216.3  0.001323475
4218.9  -0.001353555
4221.5  -0.003265439
4224.1  -0.002061841
4226.7  -6.103487E-4
4229.3  -0.001112795
4231.9  -3.727759E-4
4234.5  0.001092653
4237.1  2.677384E-4
4239.7  -0.001365951
4242.3  -0.001387607
4244.9  -0.0018558
4247.5  0.001436125
4250.1  7.383094E-4
4252.7  0.00216721
4255.3  -0.003735407
4257.9  -0.001311603
4260.5  -0.002967422
4263.1  -8.796962E-4
4265.7  9.087171E-7
4268.3  8.185668E-4
4270.9  -0.003873819
4273.5  -0.001519026
4276.1  -2.313127E-4
4278.7  0.001789342
4281.3  8.850044E-4
4283.9  0.002574264
4286.5  -0.001500669
4289.1  -0.006246729
4291.7  -0.003594914
4294.3  4.393235E-4
4296.9  -0.001964334
4299.5  -0.001791849
4302.1  -2.104291E-4
4304.7  0.001582242
4307.3  -2.311943E-5
4309.9  0.003081396
4312.5  0.002843784
4315.1  -5.760909E-5
4317.7  1.583233E-4
4320.3  -0.008397616
4322.9  0.001798067
4325.5  0.001058125
4328.1  -8.408018E-4
4330.7  -0.002100701
4333.3  -0.001131464
4335.9  0.0024853
4338.5  -0.001517799
4341.1  5.822781E-4
4343.7  -0.002046931
4346.3  -0.004186356
4348.9  -0.00154677
4351.5  0.003127168
4354.1  -0.002277936
4356.7  -0.001101642
4359.3  0.002169911
4361.9  0.002100005
4364.5  -0.003238791
4367.1  -0.004158773
4369.7  0.001367019
4372.3  0.002636934
4374.9  -0.003024067
4377.5  -0.004979904
4380.1  -0.001677148
4382.7  0.00427873
4385.3  0.002345845
4387.9  -0.00545414
4390.5  0.003915276
4393.1  -0.001311499
4395.7  -0.003434357
4398.3  -0.005421639
4400.9  -0.001118674
4403.5  -0.001460741
4406.1  -0.006579336
4408.7  -0.002417168
4411.3  -0.003052126
4413.9  -0.01035916
4416.5  -0.005056041
4419.1  -0.005460459
4421.7  -0.005321362
4424.3  -8.754859E-5
4426.9  -0.009542678
4429.5  -0.003034854
4432.1  3.951121E-4
4434.7  0.005351492
4437.3  -0.006350632
4439.9  -0.008207373
4442.5  -9.405639E-4
4445.1  -0.01011781
4447.7  0.001810259
4450.3  0.005125011
4452.9  -0.003245839
4455.5  0.005339952
4458.1  -0.01148081
4460.7  -0.01025994
4463.3  -0.001098197
4465.9  -1.909440E-4
4468.5  -0.01107069
4471.1  6.176994E-4
4473.7  -0.01016523
4476.3  0.002036679
4478.9  0.01666293
4481.5  -0.008169276
4484.1  -0.003502963
4486.7  -0.009872795
4489.3  0.005933389
4491.9  -0.003277183
4494.5  -0.003966572
4497.1  -0.01941353
4499.7  0.01126698
4502.3  6.106497E-4
4504.9  -0.03331606
4507.5  -0.006756445
4510.1  -0.009403667
4512.7  -0.01523389
4515.3  0.01141919
4517.9  -0.04283046
4520.5  0.03001113
4523.1  -0.1191668
4525.7  -0.04296016
4528.3  -0.01721722
4530.9  -0.1302863
4533.5  1.628734
4536.1  -0.01745457
4538.7  0.2736312
4541.3  0.1998524
4543.9  0.0857999
4546.5  -0.02843596
4549.1  0.05614766
4551.7  0.04835667
4554.3  0.05065011
4556.9  0.04142372
4559.5  0.05063118
4562.1  0.0564259
4564.7  0.03402537
4567.3  0.03362527
4569.9  0.03473822
4572.5  0.06534652
4575.1  0.07371213
4577.7  0.04172062
4580.3  0.03880197
4582.9  0.06405934
4585.5  0.06476501
4588.1  0.09014983
4590.7  0.03921143
4593.3  0.0429592
4595.9  0.08877421
4598.5  0.0899515
4601.1  0.07656708
4603.7  0.09898177
4606.3  0.08712998
4608.9  0.1315663
4611.5  0.1231556
4614.1  0.1220581
4616.7  0.1399392
4619.3  0.1511019
4621.9  0.149398
4624.5  0.1571793
4627.1  0.1794385
4629.7  0.2016968
4632.3  0.2104154
4634.9  0.2013726
4637.5  0.2046833
4640.1  0.2003564
4642.7  0.2203482
4645.3  0.2454468
4647.9  0.2500352
4650.5  0.2664959
4653.1  0.2906868
4655.7  0.3075107
4658.3  0.275074
4660.9  0.286642
4663.5  0.2928174
4666.1  0.2829794
4668.7  0.3243396
4671.3  0.3890289
4673.9  0.3993117
4676.5  0.3371944
4679.1  0.3220882
4681.7  0.3884605
4684.3  0.3918964
4686.9  0.4416755
4689.5  0.4623759
4692.1  0.4509908
4694.7  0.4603427
4697.3  0.3976167
4699.9  0.4093104
4702.5  0.4534045
4705.1  0.5019869
4707.7  0.4756185
4710.3  0.5270877
4712.9  0.5552768
4715.5  0.5753025
4718.1  0.5884146
4720.7  0.5405838
4723.3  0.5424302
4725.9  0.5602024
4728.5  0.5640707
4731.1  0.5781259
4733.7  0.5341153
4736.3  0.6047025
4738.9  0.6434304
4741.5  0.6919955
4744.1  0.651645
4746.7  0.6096087
4749.3  0.5883749
4751.9  0.6789216
4754.5  0.6803203
4757.1  0.6442496
4759.7  0.6780662
4762.3  0.6720501
4764.9  0.6659494
4767.5  0.7322907
4770.1  0.7076474
4772.7  0.8391237
4775.3  0.7899678
4777.9  0.7646181
4780.5  0.7268415
4783.1  0.8061523
4785.7  0.7592741
4788.3  0.8183775
4790.9  0.7507082
4793.5  0.7831095
4796.1  0.8060218
4798.7  0.8153102
4801.3  0.7830268
4803.9  0.8444411
4806.5  0.7876952
4809.1  0.8403016
4811.7  0.7972921
4814.3  0.8171932
4816.9  0.8582261
4819.5  0.907402
4822.1  0.8485037
4824.7  0.8461845
4827.3  0.8833401
4829.9  0.9413483
4832.5  0.8535907
4835.1  0.8214818
4837.7  0.8497139
4840.3  0.8327625
4842.9  0.8961694
4845.5  0.797851
4848.1  0.9079107
4850.7  0.8021463
4853.3  0.7795345
4855.9  0.7456968
4858.5  0.6972076
4861.1  0.7046642
4863.7  0.7358867
4866.3  0.763707
4868.9  0.7349449
4871.5  0.8506813
4874.1  0.8349522
4876.7  0.8343223
4879.3  0.9138508
4881.9  0.8598523
4884.5  0.8157129
4887.1  0.8657532
4889.7  0.8450751
4892.3  0.9260268
4894.9  0.9664161
4897.5  0.9198284
4900.1  0.9053874
4902.7  0.9380543
4905.3  0.938444
4907.9  0.9011444
4910.5  0.9322283
4913.1  0.9431576
4915.7  0.8618613
4918.3  0.858026
4920.9  0.8576298
4923.5  0.8381981
4926.1  0.9985278
4928.7  0.9856985
4931.3  0.9161714
4933.9  0.8910992
4936.5  0.9207481
4939.1  0.9176809
4941.7  0.928461
4944.3  1.012782
4946.9  0.9359144
4949.5  1.00572
4952.1  0.9070594
4954.7  0.9421229
4957.3  0.9641222
4959.9  0.9471783
4962.5  0.9769705
4965.1  0.9864141
4967.7  1.012673
4970.3  0.9334387
4972.9  0.9376689
4975.5  0.9720059
4978.1  0.9384067
4980.7  0.9332591
4983.3  0.913523
4985.9  0.922634
4988.5  0.9501489
4991.1  0.9367337
4993.7  0.9405539
4996.3  0.9511276
4998.9  0.8988523
5001.5  0.9115178
5004.1  0.9304758
5006.7  0.9191312
5009.3  0.9083185
5011.9  0.8944222
5014.5  0.9019172
5017.1  0.8780205
5019.7  0.895527
5022.3  0.9310806
5024.9  0.9515716
5027.5  0.9577997
5030.1  0.9582478
5032.7  0.9784403
5035.3  0.9297577
5037.9  0.8918263
5040.5  0.909982
5043.1  0.9249326
5045.7  0.9757978
5048.3  0.9374902
5050.9  0.9836373
5053.5  0.9950997
5056.1  0.9751895
5058.7  1.008024
5061.3  0.997524
5063.9  0.9127002
5066.5  0.9470109
5069.1  0.9707308
5071.7  1.011587
5074.3  0.9865042
5076.9  0.9499887
5079.5  0.9269663
5082.1  0.9656633
5084.7  0.953325
5087.3  0.985989
5089.9  0.9922959
5092.5  0.9920899
5095.1  0.9624037
5097.7  0.9867241
5100.3  0.9885232
5102.9  0.9028407
5105.5  0.9657069
5108.1  0.9757355
5110.7  0.9813715
5113.3  0.9720765
5115.9  1.000998
5118.5  1.011578
5121.1  0.955422
5123.7  0.9514805
5126.3  0.9167338
5128.9  0.9856923
5131.5  0.9354784
5134.1  0.922034
5136.7  0.9324515
5139.3  0.9434357
5141.9  0.9259061
5144.5  0.919948
5147.1  0.9396014
5149.7  0.9154996
5152.3  0.9538105
5154.9  0.9706354
5157.5  0.9798688
5160.1  0.9468
5162.7  0.9104433
5165.3  0.8668876
5167.9  0.8550707
5170.5  0.8210753
5173.1  0.8917215
5175.7  0.9419103
5178.3  0.9230825
5180.9  0.9198177
5183.5  0.9217299
5186.1  0.922729
5188.7  0.9064487
5191.3  0.9517604
5193.9  0.9484178
5196.5  0.9598285
5199.1  0.9483062
5201.7  0.9242596
5204.3  0.9278051
5206.9  0.9400493
5209.5  0.9719259
5212.1  0.9375865
5214.7  0.9850963
5217.3  1.01054
5219.9  0.9753647
5222.5  0.9416369
5225.1  0.9358271
5227.7  0.9652392
5230.3  0.950951
5232.9  0.9332819
5235.5  0.9742445
5238.1  0.9933271
5240.7  1.001566
5243.3  0.9960243
5245.9  0.9839008
5248.5  0.9846198
5251.1  0.996687
5253.7  0.9994778
5256.3  0.9914666
5258.9  0.9767565
5261.5  0.9592188
5264.1  0.8909793
5266.7  0.8520337
5269.3  0.8923869
5271.9  0.9202486
5274.5  0.9411636
5277.1  0.9642943
5279.7  0.9827444
5282.3  0.9795508
5284.9  1.047452
5287.5  1.012015
5290.1  1.031265
5292.7  1.020297
5295.3  0.975338
5297.9  0.9616962
5300.5  0.9957519
5303.1  1.019612
5305.7  0.9690686
5308.3  1.059062
5310.9  1.039432
5313.5  1.021299
5316.1  1.00771
5318.7  1.020215
5321.3  0.9889166
5323.9  0.9310719
5326.5  0.9317484
5329.1  0.9562631
5331.7  0.9983866
5334.3  1.022739
5336.9  0.9787668
5339.5  1.004281
5342.1  0.9888391
5344.7  0.9943491
5347.3  0.9948316
5349.9  1.008675
5352.5  1.04844
5355.1  1.040414
5357.7  1.058045
5360.3  1.020126
5362.9  1.022424
5365.5  0.964343
5368.1  0.9701045
5370.7  0.9808035
5373.3  0.9794859
5375.9  1.021227
5378.5  1.022115
5381.1  1.012311
5383.7  1.022082
5386.3  1.036753
5388.9  0.9852467
5391.5  0.98722
5394.1  0.9857582
5396.7  0.9827032
5399.3  0.9738464
5401.9  0.9698612
5404.5  0.9756635
5407.1  0.9644827
5409.7  0.9682306
5412.3  0.9867032
5414.9  1.003396
5417.5  1.009915
5420.1  0.9872372
5422.7  1.00926
5425.3  0.9944918
5427.9  0.9712163
5430.5  0.961471
5433.1  0.989608
5435.7  0.998338
5438.3  1.029471
5440.9  1.036556
5443.5  0.9876664
5446.1  0.9971442
5448.7  1.033406
5451.3  1.00802
5453.9  1.005438
5456.5  1.011129
5459.1  0.9873268
5461.7  1.017685
5464.3  1.018291
5466.9  1.015546
5469.5  0.9904641
5472.1  0.9867485
5474.7  0.9689494
5477.3  0.9926768
5479.9  0.9959843
5482.5  1.006688
5485.1  1.004626
5487.7  0.9993272
5490.3  1.013749
5492.9  1.01319
5495.5  1.028512
5498.1  1.008816
5500.7  0.9898843
5503.3  1.011882
5505.9  1.011696
5508.5  0.9883596
5511.1  0.9942098
5513.7  1.02403
5516.3  1.017207
5518.9  1.017989
5521.5  1.010492
5524.1  0.9760885
5526.7  0.988796
5529.3  1.015982
5531.9  0.9930385
5534.5  1.006926
5537.1  1.018515
5539.7  1.003209
5542.3  1.026128
5544.9  1.017644
5547.5  1.016195
5550.1  1.02844
5552.7  1.013255
5555.3  1.008069
5557.9  1.007216
5560.5  0.9910151
5563.1  1.015146
5565.7  1.013566
5568.3  0.9963134
5570.9  0.9709513
5573.5  0.9886514
5576.1  1.009943
5578.7  0.9740251
5581.3  1.003374
5583.9  1.001855
5586.5  0.9853272
5589.1  0.9703853
5591.7  0.9699528
5594.3  0.9848779
5596.9  0.972076
5599.5  0.9800187
5602.1  0.9798881
5604.7  1.012853
5607.3  1.04869
5609.9  1.003811
5612.5  0.982237
5615.1  0.9664449
5617.7  0.990676
5620.3  1.003517
5622.9  0.9769939
5625.5  1.008748
5628.1  1.021849
5630.7  1.017756
5633.3  0.9916329
5635.9  1.000296
5638.5  1.00724
5641.1  1.00423
5643.7  1.008782
5646.3  1.015988
5648.9  1.017977
5651.5  0.9836995
5654.1  0.9813575
5656.7  0.979238
5659.3  0.950251
5661.9  0.9790251
5664.5  1.003605
5667.1  0.9972735
5669.7  1.023514
5672.3  1.027952
5674.9  1.017252
5677.5  1.012625
5680.1  0.9837255
5682.7  0.9826984
5685.3  1.000107
5687.9  0.9932257
5690.5  1.000825
5693.1  1.024546
5695.7  0.9970203
5698.3  0.9990797
5700.9  0.9953129
5703.5  0.9602314
5706.1  0.9531015
5708.7  0.9440728
5711.3  0.9534016
5713.9  0.9908976
5716.5  1.016357
5719.1  1.022546
5721.7  1.042691
5724.3  1.009268
5726.9  0.9990007
5729.5  0.9991555
5732.1  1.01579
5734.7  1.01762
5737.3  1.00233
5739.9  1.007964
5742.5  1.025434
5745.1  1.005984
5747.7  1.027719
5750.3  1.002116
5752.9  1.008239
5755.5  0.9840302
5758.1  1.002386
5760.7  1.003554
5763.3  1.001724
5765.9  1.024032
5768.5  1.010348
5771.1  1.019269
5773.7  1.013314
5776.3  0.9555548
5778.9  0.9741792
5781.5  0.9718881
5784.1  0.9760793
5786.7  0.9779611
5789.3  1.005886
5791.9  1.00752
5794.5  1.004159
5797.1  0.9801766
5799.7  1.010807
5802.3  1.007156
5804.9  1.026505
5807.5  1.016292
5810.1  1.026326
5812.7  1.001419
5815.3  1.016239
5817.9  1.020648
5820.5  1.02569
5823.1  1.027868
5825.7  1.034223
5828.3  1.030183
5830.9  1.023825
5833.5  1.039585
5836.1  1.015006
5838.7  1.030803
5841.3  1.040331
5843.9  1.020397
5846.5  1.011819
5849.1  1.012356
5851.7  0.9992152
5854.3  0.9814403
5856.9  0.9826216
5859.5  0.9911913
5862.1  0.9997442
5864.7  1.012191
5867.3  1.008995
5869.9  1.000126
5872.5  1.012431
5875.1  1.032258
5877.7  1.021122
5880.3  0.9979241
5882.9  0.9858006
5885.5  0.9303894
5888.1  0.9120169
5890.7  0.8862152
5893.3  0.8802697
5895.9  0.9415261
5898.5  0.9863375
5901.1  0.9955121
5903.7  1.002696
5906.3  1.00926
5908.9  1.003734
5911.5  0.9891607
5914.1  1.011326
5916.7  1.025136
5919.3  1.014989
5921.9  1.025257
5924.5  0.9947447
5927.1  0.9905722
5929.7  0.9974422
5932.3  1.002985
5934.9  1.015086
5937.5  1.036245
5940.1  1.01448
5942.7  1.006858
5945.3  1.005263
5947.9  1.012614
5950.5  0.9934598
5953.1  0.9825104
5955.7  0.9744106
5958.3  0.9922814
5960.9  1.028682
5963.5  1.021067
5966.1  1.018929
5968.7  1.008837
5971.3  0.9884513
5973.9  0.9886241
5976.5  1.002808
5979.1  0.9965469
5981.7  0.9890444
5984.3  0.9800846
5986.9  0.9957821
5989.5  0.99018
5992.1  0.996356
5994.7  1.009016
5997.3  1.000149
5999.9  1.002497
6002.5  0.9824933
6005.1  0.9809
6007.7  0.9629253
6010.3  0.9788695
6012.9  1.004714
6015.5  0.9646242
6018.1  0.9845166
6020.7  0.9769335
6023.3  0.9721409
6025.9  0.9826403
6028.5  1.000741
6031.1  1.006652
6033.7  0.9968233
6036.3  1.006824
6038.9  1.016955
6041.5  1.004401
6044.1  0.9949384
6046.7  1.016418
6049.3  1.004421
6051.9  0.9865927
6054.5  1.004903
6057.1  0.9997783
6059.7  0.989498
6062.3  0.9712665
6064.9  0.9799938
6067.5  1.004979
6070.1  1.012343
6072.7  0.9948808
6075.3  0.9875345
6077.9  0.968166
6080.5  0.9902145
6083.1  0.9869438
6085.7  0.9925617
6088.3  0.9862273
6090.9  0.9938738
6093.5  1.004505
6096.1  0.987322
6098.7  0.96804
6101.3  0.958268
6103.9  0.9770351
6106.5  0.9811897
6109.1  0.9914772
6111.7  0.9886449
6114.3  1.0003
6116.9  0.9638367
6119.5  0.9780096
6122.1  0.9669492
6124.7  0.974626
6127.3  1.003508
6129.9  0.9871568
6132.5  0.9580473
6135.1  0.9328747
6137.7  0.9535294
6140.3  0.9477238
6142.9  0.958263
6145.5  0.9819049
6148.1  0.9724575
6150.7  0.9825382
6153.3  0.9659022
6155.9  0.9572213
6158.5  0.9298998
6161.1  0.9336417
6163.7  0.9116723
6166.3  0.9230315
6168.9  0.9413592
6171.5  0.9505364
6174.1  0.9460296
6176.7  0.969588
6179.3  0.9874241
6181.9  0.9664446
6184.5  0.9954944
6187.1  0.956171
6189.7  0.9631538
6192.3  0.9791004
6194.9  0.9762048
6197.5  0.9797831
6200.1  0.9887788
6202.7  0.9934039
6205.3  0.9941906
6207.9  0.9907549
6210.5  0.9785166
6213.1  0.9703212
6215.7  0.9493247
6218.3  0.9555591
6220.9  0.9808013
6223.5  0.9621627
6226.1  0.9731752
6228.7  0.9704043
6231.3  0.9631565
6233.9  0.9666898
6236.5  0.9547534
6239.1  0.9527554
6241.7  0.9459118
6244.3  0.9469112
6246.9  0.942587
6249.5  0.9340702
6252.1  0.9426925
6254.7  0.9434029
6257.3  0.9442466
6259.9  0.9612142
6262.5  0.9730342
6265.1  0.9549108
6267.7  0.9791296
6270.3  0.9636744
6272.9  0.9544539
6275.5  0.933643
6278.1  0.9230959
6280.7  0.9274984
6283.3  0.9319838
6285.9  0.9514718
6288.5  0.9533064
6291.1  0.9597954
6293.7  0.9451593
6296.3  0.9342845
6298.9  0.937409
6301.5  0.9311946
6304.1  0.9689817
6306.7  0.9665663
6309.3  0.9653853
6311.9  0.9505292
6314.5  0.9255617
6317.1  0.9427162
6319.7  0.9493769
6322.3  0.9588439
6324.9  0.9672441
6327.5  0.9738435
6330.1  0.959481
6332.7  0.9559095
6335.3  0.9594508
6337.9  0.9677556
6340.5  0.9631991
6343.1  0.975627
6345.7  0.982725
6348.3  0.9700202
6350.9  0.9725273
6353.5  0.9746604
6356.1  0.9577803
6358.7  0.9658763
6361.3  0.9524095
6363.9  0.9575745
6366.5  0.970851
6369.1  0.9926715
6371.7  0.9940588
6374.3  0.9751263
6376.9  0.982864
6379.5  0.9888396
6382.1  0.9868234
6384.7  0.9886245
6387.3  0.974439
6389.9  0.9671443
6392.5  0.9755856
6395.1  0.9591002
6397.7  0.9641079
6400.3  0.9821137
6402.9  0.963137
6405.5  0.9702258
6408.1  0.9608319
6410.7  0.9575813
6413.3  0.9621258
6415.9  0.9650129
6418.5  0.9721419
6421.1  0.9743966
6423.7  0.9801978
6426.3  0.9739901
6428.9  0.983674
6431.5  0.9774424
6434.1  0.9645052
6436.7  0.9764996
6439.3  0.9773502
6441.9  0.9929559
6444.5  0.9733335
6447.1  0.9588993
6449.7  0.955681
6452.3  0.9565807
6454.9  0.9578323
6457.5  0.9363795
6460.1  0.958485
6462.7  0.9859286
6465.3  0.9674812
6467.9  0.9718862
6470.5  0.9901422
6473.1  0.9901301
6475.7  0.9816035
6478.3  0.9886867
6480.9  0.9831623
6483.5  0.9919674
6486.1  0.9917868
6488.7  0.9639886
6491.3  0.9151924
6493.9  0.9110116
6496.5  0.9402972
6499.1  0.9501281
6501.7  0.9676624
6504.3  0.9876847
6506.9  0.9866414
6509.5  0.9913662
6512.1  0.9896439
6514.7  0.9803539
6517.3  0.976552
6519.9  0.9927108
6522.5  0.9839724
6525.1  0.9709284
6527.7  0.9820571
6530.3  0.9785773
6532.9  0.9914226
6535.5  0.9846798
6538.1  0.9820637
6540.7  0.9797409
6543.3  0.9700292
6545.9  0.9687781
6548.5  0.9645728
6551.1  0.9576837
6553.7  0.9342448
6556.3  0.8963654
6558.9  0.8248536
6561.5  0.8266386
6564.1  0.8364896
6566.7  0.8778349
6569.3  0.9048398
6571.9  0.9316647
6574.5  0.9491991
6577.1  0.9601197
6579.7  0.9741553
6582.3  0.9826785
6584.9  0.979834
6587.5  0.9620716
6590.1  0.9534891
6592.7  0.9598086
6595.3  0.969223
6597.9  0.9762357
6600.5  0.9851056
6603.1  0.9757078
6605.7  0.9846935
6608.3  0.9851552
6610.9  0.9843299
6613.5  0.9936764
6616.1  0.9913126
6618.7  1.004204
6621.3  1.004071
6623.9  0.9930607
6626.5  0.9894476
6629.1  0.9815745
6631.7  0.9766471
6634.3  0.9771053
6636.9  0.9863855
6639.5  0.9930893
6642.1  1.004239
6644.7  1.003903
6647.3  0.9921013
6649.9  0.9912108
6652.5  1.001882
6655.1  0.9980713
6657.7  1.001488
6660.3  0.9873379
6662.9  0.99442
6665.5  0.9939998
6668.1  1.002628
6670.7  1.005885
6673.3  0.994301
6675.9  0.9980782
6678.5  0.9991184
6681.1  1.003546
6683.7  1.009799
6686.3  1.010177
6688.9  1.015332
6691.5  1.008525
6694.1  1.002447
6696.7  1.010496
6699.3  0.9990159
6701.9  0.9940299
6704.5  0.9815443
6707.1  0.9876974
6709.7  0.9971896
6712.3  0.9624503
6714.9  0.9752516
6717.5  0.9867125
6720.1  0.9934834
6722.7  0.9834119
6725.3  1.000745
6727.9  0.9998856
6730.5  1.003969
6733.1  1.005903
6735.7  1.001517
6738.3  1.001134
6740.9  1.01333
6743.5  1.004844
6746.1  1.001066
6748.7  0.9974588
6751.3  0.9914848
6753.9  0.9902046
6756.5  1.004406
6759.1  1.010807
6761.7  0.9992394
6764.3  0.9975126
6766.9  1.001288
6769.5  0.9995415
6772.1  1.013344
6774.7  1.010997
6777.3  1.01803
6779.9  0.9971388
6782.5  1.005322
6785.1  1.021343
6787.7  0.9972802
6790.3  1.006729
6792.9  1.015516
6795.5  1.007589
6798.1  1.012614
6800.7  1.012546
6803.3  0.9993669
6805.9  1.002178
6808.5  1.008952
6811.1  0.9974359
6813.7  1.011431
6816.3  1.022357
6818.9  1.0057
6821.5  0.9946079
6824.1  1.007091
6826.7  1.006247
6829.3  1.022817
6831.9  1.010012
6834.5  0.9888467
6837.1  0.9770824
6839.7  0.9838479
6842.3  0.9814976
6844.9  0.9952089
6847.5  1.000116
6850.1  0.993973
6852.7  0.9954655
6855.3  0.9910867
6857.9  0.9791377
6860.5  0.9727046
6863.1  0.8977954
6865.7  0.8213963
6868.3  0.7988249
6870.9  0.7909148
6873.5  0.8254642
6876.1  0.8794973
6878.7  0.9009263
6881.3  0.9166281
6883.9  0.9112597
6886.5  0.9000739
6889.1  0.8954921
6891.7  0.9053161
6894.3  0.9154986
6896.9  0.9086844
6899.5  0.9306288
6902.1  0.9405479
6904.7  0.9565968
6907.3  0.9502087
6909.9  0.9503645
6912.5  0.9567909
6915.1  0.9544539
6917.7  0.9767976
6920.3  0.9668936
6922.9  0.9826697
6925.5  0.998373
6928.1  0.9944434
6930.7  0.9966653
6933.3  0.9976979
6935.9  0.9907234
6938.5  0.9960324
6941.1  0.9920141
6943.7  0.9892311
6946.3  1.001726
6948.9  1.001833
6951.5  1.01107
6954.1  1.007987
6956.7  1.010299
6959.3  1.015421
6961.9  1.020918
6964.5  1.016752
6967.1  1.019758
6969.7  1.00842
6972.3  1.000693
6974.9  0.9875814
6977.5  0.9891725
6980.1  0.9979762
6982.7  1.000599
6985.3  1.011932
6987.9  1.024967
6990.5  1.016332
6993.1  1.027939
6995.7  1.008097
6998.3  1.003575
7000.9  1.00774
7003.5  0.9962057
7006.1  1.001016
7008.7  0.9966445
7011.3  0.9866043
7013.9  1.011203
7016.5  0.9982085
7019.1  0.9916245
7021.7  0.9945512
7024.3  1.010539
7026.9  1.0119
7029.5  1.019083
7032.1  1.007361
7034.7  1.012981
7037.3  1.014375
7039.9  1.014966
7042.5  1.012441
7045.1  1.02402
7047.7  1.020511
7050.3  1.004832
7052.9  1.005946
7055.5  1.011297
7058.1  1.009016
7060.7  1.016308
7063.3  1.01037
7065.9  1.008955
7068.5  1.011575
7071.1  1.017969
7073.7  1.027073
7076.3  1.018878
7078.9  1.008692
7081.5  1.002359
7084.1  1.003995
7086.7  1.002323
7089.3  1.002201
7091.9  1.004028
7094.5  1.012997
7097.1  1.020717
7099.7  1.032205
7102.3  1.016738
7104.9  1.015113
7107.5  1.002661
7110.1  1.014836
7112.7  1.008896
7115.3  1.009025
7117.9  0.9984694
7120.5  1.010369
7123.1  1.018136
7125.7  1.004239
7128.3  1.007163
7130.9  1.003899
7133.5  1.013778
7136.1  1.012794
7138.7  1.014624
7141.3  1.019449
7143.9  1.002851
7146.5  1.002458
7149.1  1.005728
7151.7  0.9966034
7154.3  1.00885
7156.9  1.010696
7159.5  1.017827
7162.1  0.9868008
7164.7  1.007674
7167.3  0.9957234
7169.9  0.9987567
7172.5  1.006381
7175.1  0.995995
7177.7  0.9846674
7180.3  0.9746102
7182.9  0.9694079
7185.5  0.9673375
7188.1  0.9641392
7190.7  0.9658425
7193.3  0.9715894
7195.9  0.9760174
7198.5  0.9825047
7201.1  0.9768698
7203.7  0.97939
7206.3  0.9801564
7208.9  0.9873026
7211.5  1.003804
7214.1  0.9988017
7216.7  0.984936
7219.3  0.9863698
7221.9  0.9914383
7224.5  0.9995023
7227.1  0.9968415
7229.7  1.000479
7232.3  0.9955202
7234.9  1.010299
7237.5  1.003883
7240.1  1.004263
7242.7  0.9944635
7245.3  0.9936478
7247.9  1.002035
7250.5  1.003293
7253.1  1.001694
7255.7  1.011733
7258.3  1.005207
7260.9  0.9963178
7263.5  1.001204
7266.1  1.011782
7268.7  1.011853
7271.3  0.9987513
7273.9  1.00575
7276.5  1.015361
7279.1  0.9898602
7281.7  0.9997025
7284.3  0.9845183
7286.9  0.9571649
7289.5  0.9726709
7292.1  0.9715894
7294.7  1.000471
7297.3  0.9984373
7299.9  1.013637
7302.5  1.001497
7305.1  1.000369
7307.7  0.9905713
7310.3  0.9946048
7312.9  1.000489
7315.5  1.006726
7318.1  1.003127
7320.7  1.001898
7323.3  1.005216
7325.9  0.995137
7328.5  0.983248
7331.1  0.9882758
7333.7  1.000636
7336.3  1.020211
7338.9  1.025516
7341.5  1.021331
7344.1  1.007508
7346.7  0.9932349
7349.3  0.9914744
7351.9  0.9916477
7354.5  0.991179
7357.1  0.9970769
7359.7  0.9997544
7362.3  0.9923284
7364.9  1.006001
7367.5  1.003808
7370.1  1.018162
7372.7  1.007378
7375.3  1.006118
7377.9  1.010656
7380.5  0.9929324
7383.1  0.993851
7385.7  0.9895013
7388.3  0.9800972
7390.9  0.9950532
7393.5  0.9964892
7396.1  0.9813181
7398.7  0.997103
7401.3  1.008346
7403.9  0.9919586
7406.5  0.9709023
7409.1  0.9778698
7411.7  0.9778015
7414.3  0.9855407
7416.9  0.9751138
7419.5  0.9800982
7422.1  0.9915168
7424.7  0.9965202
7427.3  1.000359
7429.9  0.997266
7432.5  1.010785
7435.1  1.010111
7437.7  1.007225
7440.3  1.002193
7442.9  0.9794789
7445.5  0.9926009
7448.1  1.008914
7450.7  1.004295
7453.3  1.013771
7455.9  1.014826
7458.5  1.00147
7461.1  1.006589
7463.7  1.002401
7466.3  1.008206
7468.9  1.011053
7471.5  1.014999
7474.1  1.014036
7476.7  1.006629
7479.3  1.014202
7481.9  1.016025
7484.5  1.01824
7487.1  1.010373
7489.7  1.000177
7492.3  1.001937
7494.9  1.009283
7497.5  1.014983
7500.1  1.001844
7502.7  0.996206
7505.3  0.9901826
7507.9  0.9939485
7510.5  1.002879
7513.1  1.001637
7515.7  1.021867
7518.3  1.00553
7520.9  1.0074
7523.5  1.006585
7526.1  1.015671
7528.7  1.011026
7531.3  1.011458
7533.9  1.017867
7536.5  1.019483
7539.1  1.017335
7541.7  1.022506
7544.3  1.009129
7546.9  1.003968
7549.5  1.007159
7552.1  1.009696
7554.7  1.019718
7557.3  1.007284
7559.9  1.003684
7562.5  1.003768
7565.1  1.011208
7567.7  1.018355
7570.3  1.001959
7572.9  1.006845
7575.5  0.996262
7578.1  1.004098
7580.7  0.9944656
7583.3  1.003481
7585.9  0.9860834
7588.5  0.9338577
7591.1  0.7812853
7593.7  0.6379385
7596.3  0.4915781
7598.9  0.3796692
7601.5  0.3155383
7604.1  0.3080401
7606.7  0.344488
7609.3  0.416093
7611.9  0.5393672
7614.5  0.6565461
7617.1  0.6834307
7619.7  0.6578723
7622.3  0.6231993
7624.9  0.5728777
7627.5  0.5486358
7630.1  0.5597329
7632.7  0.582076
7635.3  0.594372
7637.9  0.6218989
7640.5  0.668411
7643.1  0.6842303
7645.7  0.7162591
7648.3  0.7504355
7650.9  0.7644503
7653.5  0.7790126
7656.1  0.7969583
7658.7  0.8274395
7661.3  0.8346696
7663.9  0.8528557
7666.5  0.8805658
7669.1  0.9264387
7671.7  0.9424127
7674.3  0.9528643
7676.9  0.9584013
7679.5  0.9752308
7682.1  0.9725073
7684.7  0.9660094
7687.3  0.9749364
7689.9  0.9816216
7692.5  0.9837758
7695.1  0.9725753
7697.7  0.9809104
7700.3  0.994648
7702.9  0.9882896
7705.5  0.9779088
7708.1  0.9819552
7710.7  0.9647208
7713.3  0.9908262
7715.9  0.9915051
7718.5  0.9786464
7721.1  0.9821677
7723.7  0.9829617
7726.3  0.9880149
7728.9  1.00154
7731.5  1.005305
7734.1  1.00877
7736.7  1.013035
7739.3  0.981236
7741.9  0.9770808
7744.5  0.9718523
7747.1  0.9868917
7749.7  1.016192
7752.3  0.998043
7754.9  0.9946988
7757.5  1.005813
7760.1  0.9979647
7762.7  1.013571
7765.3  1.021271
7767.9  1.000706
7770.5  0.9787274
7773.1  0.9897429
7775.7  0.9848238
7778.3  0.987978
7780.9  0.9976404
7783.5  0.9952477
7786.1  1.002267
7788.7  0.9956756
7791.3  0.9958635
7793.9  1.003812
7796.5  0.9930102
7799.1  0.993975
7801.7  0.9970241
7804.3  1.000918
7806.9  1.005556
7809.5  1.007564
7812.1  1.005558
7814.7  1.009227
7817.3  1.007173
7819.9  1.017415
7822.5  1.031076
7825.1  1.013489
7827.7  0.9976069
7830.3  0.9878823
7832.9  0.9958676
7835.5  0.993118
7838.1  0.9983315
7840.7  1.006609
7843.3  1.009997
7845.9  0.991348
7848.5  1.003233
7851.1  1.004273
7853.7  1.01731
7856.3  1.028183
7858.9  1.004998
7861.5  1.017851
7864.1  1.006982
7866.7  1.004919
7869.3  1.01569
7871.9  1.00103
7874.5  1.017748
7877.1  0.9934376
7879.7  1.007087
7882.3  1.026757
7884.9  1.012681
7887.5  1.008271
7890.1  1.012179
7892.7  1.007364
7895.3  1.00349
7897.9  1.008932
7900.5  1.015578
7903.1  0.9989007
7905.7  1.000618
7908.3  1.007484
7910.9  0.9931563
7913.5  0.997592
7916.1  1.008875
7918.7  0.9915048
7921.3  0.9812626
7923.9  0.9947026
7926.5  0.9980491
7929.1  0.9679075
7931.7  0.9777864
7934.3  0.993629
7936.9  0.970022
7939.5  0.9727272
7942.1  0.9760292
7944.7  0.9833537
7947.3  0.9839355
7949.9  0.9736366
7952.5  1.012533
7955.1  1.015701
7957.7  1.002671
7960.3  0.9993703
7962.9  1.010335
7965.5  1.018314
7968.1  1.016602
7970.7  1.008047
7973.3  1.007037
7975.9  1.01188
7978.5  1.012203
7981.1  0.9979208
7983.7  1.024161
7986.3  1.016555
7988.9  0.9953286
7991.5  0.9867294
7994.1  0.9847718
7996.7  0.9890082
7999.3  1.004203
8001.9  0.99897
8004.5  1.01107
8007.1  1.018519
8009.7  1.008705
8012.3  1.015311
8014.9  1.030646
8017.5  1.016994
8020.1  0.9908863
8022.7  0.9887275
8025.3  0.9949489
8027.9  0.9983354
8030.5  0.9993508
8033.1  1.007125
8035.7  1.011054
8038.3  1.017071
8040.9  0.9967481
8043.5  0.9882927
8046.1  0.9765632
8048.7  0.9884444
8051.3  1.012709
8053.9  1.004588
8056.5  1.011469
8059.1  1.00555
8061.7  1.021269
8064.3  1.011486
8066.9  0.9954903
8069.5  0.9928542
8072.1  1.012175
8074.7  1.004322
8077.3  1.003161
8079.9  1.005995
8082.5  0.9986055
8085.1  0.984921
8087.7  0.9833595
8090.3  0.9974586
8092.9  1.010004
8095.5  1.000042
8098.1  0.9819536
8100.7  1.001401
8103.3  1.011574
8105.9  1.010915
8108.5  1.009564
8111.1  1.016575
8113.7  1.006818
8116.3  1.004518
8118.9  1.011071
8121.5  1.009517
8124.1  1.011528
8126.7  1.002545
8129.3  1.000156
8131.9  0.9946978
8134.5  0.9871044
8137.1  0.9994562
8139.7  1.009159
8142.3  0.9957426
8144.9  0.9900796
8147.5  0.9944723
8150.1  0.9938329
8152.7  1.006143
8155.3  0.9997415
8157.9  0.9901589
8160.5  0.982506
8163.1  0.9913639
8165.7  0.9809336
8168.3  0.9842554
8170.9  0.9972054
8173.5  1.001486
8176.1  0.9914261
8178.7  0.9757681
8181.3  0.9722859
8183.9  0.9682263
8186.5  0.9867576
8189.1  0.9779466
8191.7  0.9674447
8194.3  0.9721519
8196.9  0.9668232
8199.5  0.9677368
8202.1  0.9777604
8204.7  0.9965186
8207.3  0.9935921
8209.9  0.9958789
8212.5  0.9908433
8215.1  0.9854314
8217.7  0.9754767
8220.3  0.9757051
8222.9  0.9799721
8225.5  0.9702672
8228.1  0.9747859
8230.7  0.9916238
8233.3  0.9968037
8235.9  0.9961219
8238.5  0.9878244
8241.1  0.99005
8243.7  0.9924685
8246.3  1.004408
8248.9  1.00448
8251.5  0.9974089
8254.1  0.9848059
8256.7  0.9892851
8259.3  0.9961302
8261.9  1.021295
8264.5  1.027647
8267.1  1.011302
8269.7  1.003991
8272.3  1.007998
8274.9  0.9799677
8277.5  0.9800175
8280.1  0.9944633
8282.7  1.000359
8285.3  1.004746
8287.9  1.004182
8290.5  1.006117
8293.1  0.9957722
8295.7  0.9968543
8298.3  1.014376
8300.9  1.004321
8303.5  1.003731
8306.1  0.9826716
8308.7  0.9925124
8311.3  0.9900865
8313.9  1.016383
8316.5  1.005875
8319.1  1.024806
8321.7  0.9978407
8324.3  0.9875196
8326.9  0.9863753
8329.5  0.9740031
8332.1  0.9576973
8334.7  0.9775413
8337.3  0.9890156
8339.9  0.9939161
8342.5  1.001854
8345.1  1.000838
8347.7  0.9846919
8350.3  0.9809539
8352.9  0.9927964
8355.5  0.9948501
8358.1  0.9918866
8360.7  0.9991143
8363.3  1.018331
8365.9  1.029782
8368.5  1.014758
8371.1  1.015432
8373.7  1.008838
8376.3  1.003931
8378.9  1.010962
8381.5  0.9860859
8384.1  0.9962498
8386.7  0.9958892
8389.3  1.000101
8391.9  1.016555
8394.5  0.9951289
8397.1  0.983402
8399.7  1.019991
8402.3  1.017334
8404.9  1.010723
8407.5  1.02839
8410.1  1.019471
8412.7  1.01855
8415.3  1.003913
8417.9  0.9957673
8420.5  0.9954026
8423.1  1.023975
8425.7  1.025139
8428.3  1.010015
8430.9  1.010891
8433.5  1.014205
8436.1  0.9881527
8438.7  1.006776
8441.3  0.9996795
8443.9  0.9960959
8446.5  1.014598
8449.1  1.02229
8451.7  1.004318
8454.3  1.005971
8456.9  1.03027
8459.5  1.025164
8462.1  0.9933445
8464.7  1.014462
8467.3  0.9993826
8469.9  0.9835145
8472.5  0.9812987
8475.1  1.014177
8477.7  1.030177
8480.3  1.014537
8482.9  1.024396
8485.5  1.030057
8488.1  1.022595
8490.7  1.000842
8493.3  0.9653162
8495.9  0.9332974
8498.5  0.940737
8501.1  0.9728645
8503.7  0.9915602
8506.3  1.007017
8508.9  0.9967088
8511.5  0.9866053
8514.1  0.9977537
8516.7  0.9926933
8519.3  1.007648
8521.9  1.020133
8524.5  1.024588
8527.1  1.025097
8529.7  1.003085
8532.3  0.9678797
8534.9  0.9185553
8537.5  0.8467007
8540.1  0.8090947
8542.7  0.8286979
8545.3  0.8797405
8547.9  0.9503133
8550.5  0.9722436
8553.1  0.9831454
8555.7  0.9975176
8558.3  1.006989
8560.9  1.015013
8563.5  1.01188
8566.1  1.024344
8568.7  1.037167
8571.3  1.033074
8573.9  1.023376
8576.5  1.041152
8579.1  1.024649
8581.7  1.020239
8584.3  1.016904
8586.9  1.004168
8589.5  1.009259
8592.1  1.020623
8594.7  1.023728
8597.3  1.007203
8599.9  1.033299
8602.5  1.01156
8605.1  1.012767
8607.7  0.9905816
8610.3  0.9912786
8612.9  0.9937341
8615.5  1.011976
8618.1  1.018929
8620.7  1.038235
8623.3  1.046803
8625.9  1.046912
8628.5  1.052575
8631.1  1.027644
8633.7  1.013061
8636.3  1.016744
8638.9  1.012214
8641.5  1.02042
8644.1  1.004025
8646.7  1.015306
8649.3  1.021897
8651.9  1.001777
8654.5  0.9704815
8657.1  0.891856
8659.7  0.8420579
8662.3  0.86469
8664.9  0.8967887
8667.5  0.9270989
8670.1  0.967938
8672.7  0.9839016
8675.3  0.9862415
8677.9  1.001559
8680.5  1.000289
8683.1  1.000939
8685.7  0.9982603
8688.3  1.017273
8690.9  1.0285
8693.5  1.014362
8696.1  1.009172
8698.7  1.000456
8701.3  1.005855
8703.9  1.010619
8706.5  1.017093
8709.1  1.027543
8711.7  1.022436
8714.3  1.030194
8716.9  1.030257
8719.5  1.040307
8722.1  1.024535
8724.7  1.022256
8727.3  1.008474
8729.9  1.013043
8732.5  1.019292
8735.1  1.004798
8737.7  1.000412
8740.3  0.992963
8742.9  0.9897475
8745.5  0.9876022
8748.1  0.990875
8750.7  0.9923611
8753.3  1.007195
8755.9  1.014855
8758.5  0.989309
8761.1  0.9930372
8763.7  0.9679829
8766.3  0.9797305
8768.9  0.9854869
8771.5  1.019107
8774.1  1.004908
8776.7  1.012566
8779.3  1.013021
8781.9  1.010119
8784.5  1.002258
8787.1  0.9938562
8789.7  0.9862686
8792.3  0.9936
8794.9  1.00399
8797.5  1.002137
8800.1  0.9890341
8802.7  0.9838184
8805.3  0.9684809
8807.9  0.9829591
8810.5  0.9979306
8813.1  0.9928685
8815.7  0.9883937
8818.3  1.010169
8820.9  1.017895
8823.5  1.00619
8826.1  1.017368
8828.7  0.9993869
8831.3  0.9683785
8833.9  0.9895999
8836.5  0.984714
8839.1  0.9815828
8841.7  0.9720628
8844.3  0.9695104
8846.9  1.002063
8849.5  0.9889333
8852.1  0.9980503
8854.7  0.9952208
8857.3  0.9740527
8859.9  0.9315249
8862.5  0.9099594
8865.1  0.9168391
8867.7  0.9296871
8870.3  0.9518297
8872.9  0.9668515
8875.5  0.9885949
8878.1  0.9900365
8880.7  0.9960856
8883.3  0.9811404
8885.9  0.9713845
8888.5  0.9763239
8891.1  0.9512662
8893.7  0.9702054
8896.3  1.009484
8898.9  0.9939521
8901.5  0.9949607
8904.1  1.006717
8906.7  0.9544619
8909.3  0.9447882
8911.9  0.9722414
8914.5  0.940366
8917.1  0.9194551
8919.7  0.9391391
8922.3  0.9221682
8924.9  0.8985202
8927.5  0.9045919
8930.1  0.9248191
8932.7  0.9334657
8935.3  0.9533994
8937.9  0.9596658
8940.5  0.9495999
8943.1  0.9451326
8945.7  0.9361786
8948.3  0.9371699
8950.9  0.91745
8953.5  0.9188792
8956.1  0.9126686
8958.7  0.9210202
8961.3  0.9054449
8963.9  0.9084016
8966.5  0.931819
8969.1  0.9267336
8971.7  0.9166078
8974.3  0.8951548
8976.9  0.9028551
8979.5  0.9394629
8982.1  0.9335445
8984.7  0.9097567
8987.3  0.9009101
8989.9  0.8928588
8992.5  0.8707837
8995.1  0.8978808
8997.7  0.8987381
9000.3  0.8939151
9002.9  0.881933
9005.5  0.8667015
9008.1  0.8649497
9010.7  0.8354688
9013.3  0.8131889
9015.9  0.8246449
9018.5  0.8648571
9021.1  0.860166
9023.7  0.8843589
9026.3  0.9132267
9028.9  0.9029645
9031.5  0.9266179
9034.1  0.8981018
9036.7  0.8967803
9039.3  0.8908292
9041.9  0.8944701
9044.5  0.9178951
9047.1  0.9352055
9049.7  0.9331012
9052.3  0.9045792
9054.9  0.9000124
9057.5  0.8878308
9060.1  0.8621094
9062.7  0.8538688
9065.3  0.8617136
9067.9  0.8643247
9070.5  0.8806404
9073.1  0.8839655
9075.7  0.8843345
9078.3  0.8754348
9080.9  0.8753282
9083.5  0.8555362
9086.1  0.8282164
9088.7  0.826551
9091.3  0.8298556
9093.9  0.8438187
9096.5  0.8542212
9099.1  0.8661
9101.7  0.8768171
9104.3  0.8933082
9106.9  0.8619843
9109.5  0.8454904
9112.1  0.8413337
9114.7  0.8378496
9117.3  0.8407815
9119.9  0.8618839
9122.5  0.8866643
9125.1  0.8912321
9127.7  0.8773568
9130.3  0.8761271
9132.9  0.8718162
9135.5  0.8535249
9138.1  0.8590231
9140.7  0.8456325
9143.3  0.8510586
9145.9  0.8695651
9148.5  0.8759894
9151.1  0.8683429
9153.7  0.86537
9156.3  0.8569968
9158.9  0.8565373
9161.5  0.8433239
9164.1  0.8433293
9166.7  0.8515497
9169.3  0.8508087
9171.9  0.8615992
9174.5  0.8642076
9177.1  0.8538415
9179.7  0.8491224
9182.3  0.8435871
9184.9  0.8197873
9187.5  0.8201392
9190.1  0.8347558
9192.7  0.8330943
9195.3  0.8406776
9197.9  0.8606602
9200.5  0.8587949
9203.1  0.8318594
9205.7  0.8143483
9208.3  0.8053366
9210.9  0.7992071
9213.5  0.7979419
9216.1  0.8134307
9218.7  0.8295746
9221.3  0.8208546
9223.9  0.8008316
9226.5  0.7923579
9229.1  0.7873996
9231.7  0.7770069
9234.3  0.7810473
9236.9  0.7826771
9239.5  0.7952318
9242.1  0.8063621
9244.7  0.8096495
9247.3  0.8147487
9249.9  0.8027496
9252.5  0.7876459
9255.1  0.7689182
9257.7  0.7727792
9260.3  0.7846671
9262.9  0.8088469
9265.5  0.8174448
9268.1  0.8259706
9270.7  0.8096803
9273.3  0.7999639
9275.9  0.7941768
9278.5  0.7877365
9281.1  0.7804576
9283.7  0.7907352
9286.3  0.7870676
9288.9  0.7896206
9291.5  0.7989321
9294.1  0.7834777
9296.7  0.7860178
9299.3  0.7687787
9301.9  0.7250435
9304.5  0.7222958
9307.1  0.7165632
9309.7  0.7086326
9312.3  0.7134402
9314.9  0.7536178
9317.5  0.7402433
9320.1  0.7282498
9322.7  0.7282608
9325.3  0.7219884
9327.9  0.6788028
9330.5  0.6866891
9333.1  0.6934264
9335.7  0.7076204
9338.3  0.6679018
9340.9  0.6611566
9343.5  0.692975
9346.1  0.7123817
9348.7  0.6885662
9351.3  0.6674111
9353.9  0.6442809
9356.5  0.6681913
9359.1  0.6747547
9361.7  0.6978083
9364.3  0.6808597
9366.9  0.657806
9369.5  0.6380564
9372.1  0.6312359
9374.7  0.6147386
9377.3  0.6214001
9379.9  0.5888759
9382.5  0.6593966
9385.1  0.6945604
9387.7  0.721957
9390.3  0.7221016
9392.9  0.7186064
9395.5  0.7014948
9398.1  0.6877083
9400.7  0.6560545
9403.3  0.6554837
9405.9  0.6598518
9408.5  0.6670969
9411.1  0.6855025
9413.7  0.675372
9416.3  0.6772989
9418.9  0.6624631
9421.5  0.6537058
9424.1  0.6168822
9426.7  0.6179065
9429.3  0.6389864
9431.9  0.6713606
9434.5  0.6703926
9437.1  0.6662325
9439.7  0.6616777
9442.3  0.6439545
9444.9  0.6117473
9447.5  0.6232061
9450.1  0.6398894
9452.7  0.627089
9455.3  0.6277103
9457.9  0.6271508
9460.5  0.6286724
9463.1  0.64498
9465.7  0.6322572
9468.3  0.6421544
9470.9  0.6040452
9473.5  0.567198
9476.1  0.5435448
9478.7  0.5461017
9481.3  0.582092
9483.9  0.6366209
9486.5  0.6340336
9489.1  0.6159098
9491.7  0.6028783
9494.3  0.5959761
9496.9  0.5693851
9499.5  0.5396901
9502.1  0.5594176
9504.7  0.5733911
9507.3  0.5786529
9509.9  0.5837154
9512.5  0.5886651
9515.1  0.5842272
9517.7  0.5675862
9520.3  0.5420778
9522.9  0.5214723
9525.5  0.5113961
9528.1  0.5419475
9530.7  0.5442724
9533.3  0.5739161
9535.9  0.5693043
9538.5  0.5475487
9541.1  0.5370613
9543.7  0.5262251
9546.3  0.4999967
9548.9  0.5108889
9551.5  0.5047652
9554.1  0.5144089
9556.7  0.5292614
9559.3  0.5520917
9561.9  0.586119
9564.5  0.5474654
9567.1  0.5638326
9569.7  0.5573719
9572.3  0.5382019
9574.9  0.5230986
9577.5  0.5173678
9580.1  0.5089107
9582.7  0.5236386
9585.3  0.5256611
9587.9  0.5386173
9590.5  0.5437299
9593.1  0.5398754
9595.7  0.5413607
9598.3  0.5372916
9600.9  0.5267026
9603.5  0.5067152
9606.1  0.5136337
9608.7  0.4982124
9611.3  0.5197707
9613.9  0.5185901
9616.5  0.5162427
9619.1  0.5094768
9621.7  0.5064346
9624.3  0.516054
9626.9  0.5063593
9629.5  0.4913512
9632.1  0.4918385
9634.7  0.4743967
9637.3  0.4645257
9639.9  0.4660854
9642.5  0.4727322
9645.1  0.4671263
9647.7  0.4696995
9650.3  0.4688507
9652.9  0.4859466
9655.5  0.4877222
9658.1  0.4775571
9660.7  0.4710651
9663.3  0.4541542
9665.9  0.4509439
9668.5  0.4545425
9671.1  0.4571448
9673.7  0.4618492
9676.3  0.4573084
9678.9  0.4648004
9681.5  0.4737038
9684.1  0.474475
9686.7  0.474598
9689.3  0.4464804
9691.9  0.4442638
9694.5  0.4425423
9697.1  0.4365351
9699.7  0.4594918
9702.3  0.4407239
9704.9  0.4434088
9707.5  0.444257
9710.1  0.4479466
9712.7  0.4401991
9715.3  0.4252867
9717.9  0.4323901
9720.5  0.4302373
9723.1  0.4174768
9725.7  0.4248508
9728.3  0.4058434
9730.9  0.4167261
9733.5  0.3999459
9736.1  0.4033035
9738.7  0.4034256
9741.3  0.3971073
9743.9  0.4125101
9746.5  0.4116026
9749.1  0.4171618
9751.7  0.4014389
9754.3  0.3966277
9756.9  0.3980246
9759.5  0.3843161
9762.1  0.3796791
9764.7  0.3734052
9767.3  0.3695359
9769.9  0.3647855
9772.5  0.3629859
9775.1  0.3734505
9777.7  0.3773052
9780.3  0.373415
9782.9  0.3693968
9785.5  0.3305952
9788.1  0.3132224
9790.7  0.3321724
9793.3  0.342912
9795.9  0.336712
9798.5  0.3646553
9801.1  0.3621193
9803.7  0.348487
9806.3  0.3441617
9808.9  0.3406348
9811.5  0.3401974
9814.1  0.3362307
9816.7  0.329105
9819.3  0.3307348
9821.9  0.3243937
9824.5  0.324701
9827.1  0.3182941
9829.7  0.3249156
9832.3  0.3183917
9834.9  0.3196942
9837.5  0.3195817
9840.1  0.3083974
9842.7  0.3064383
9845.3  0.2996975
9847.9  0.2923344
9850.5  0.2964249
9853.1  0.2947839
9855.7  0.2987783
9858.3  0.2946506
9860.9  0.2986735
9863.5  0.3031614
9866.1  0.3066151
9868.7  0.3259934
9871.3  0.3220786
9873.9  0.3058517
9876.5  0.2992826
9879.1  0.2944775
9881.7  0.2783723
9884.3  0.2666476
9886.9  0.2661438
9889.5  0.2556418
9892.1  0.2665275
9894.7  0.2848239
9897.3  0.2839388
9899.9  0.2814984
9902.5  0.2909093
9905.1  0.2753611
9907.7  0.2604446
9910.3  0.2614733
9912.9  0.2588473
9915.5  0.2429864
9918.1  0.244258
9920.7  0.2582132
9923.3  0.2673036
9925.9  0.2620981
9928.5  0.2638747
9931.1  0.2628668
9933.7  0.2601738
9936.3  0.2542904
9938.9  0.2565487
9941.5  0.2521334
9944.1  0.2441451
9946.7  0.233712
9949.3  0.2343704
9951.9  0.2257184
9954.5  0.2155563
9957.1  0.2028738
9959.7  0.2110137
9962.3  0.2227867
9964.9  0.2159043
9967.5  0.2208319
9970.1  0.2193749
9972.7  0.2237487
9975.3  0.2307266
9977.9  0.2263058
9980.5  0.217282
9983.1  0.2184708
9985.7  0.2223622
9988.3  0.2214634
9990.9  0.2167776
9993.5  0.2113425
9996.1  0.213168
