3501.3  0.
3503.9  0.
3506.5  0.
3509.1  0.
3511.7  0.
3514.3  0.
3516.9  0.
3519.5  0.
3522.1  0.
3524.7  0.
3527.3  0.
3529.9  0.
3532.5  0.
3535.1  0.
3537.7  0.
3540.3  0.
3542.9  0.
3545.5  0.
3548.1  0.
3550.7  0.
3553.3  0.
3555.9  0.
3558.5  0.
3561.1  0.
3563.7  0.
3566.3  0.
3568.9  0.
3571.5  0.
3574.1  0.
3576.7  0.
3579.3  0.
3581.9  0.
3584.5  0.
3587.1  0.
3589.7  0.
3592.3  0.
3594.9  0.
3597.5  0.
3600.1  0.
3602.7  0.
3605.3  0.
3607.9  0.
3610.5  0.
3613.1  0.
3615.7  0.
3618.3  0.
3620.9  0.
3623.5  0.
3626.1  0.
3628.7  0.
3631.3  0.
3633.9  0.
3636.5  0.
3639.1  0.
3641.7  0.
3644.3  0.
3646.9  0.
3649.5  0.
3652.1  0.
3654.7  0.
3657.3  0.
3659.9  0.
3662.5  0.
3665.1  0.
3667.7  0.
3670.3  0.
3672.9  0.
3675.5  0.
3678.1  0.
3680.7  0.
3683.3  0.
3685.9  0.
3688.5  0.
3691.1  0.
3693.7  0.
3696.3  0.
3698.9  0.
3701.5  0.
3704.1  0.
3706.7  0.
3709.3  0.
3711.9  0.
3714.5  0.
3717.1  0.
3719.7  0.
3722.3  0.
3724.9  0.
3727.5  0.
3730.1  0.
3732.7  0.
3735.3  0.
3737.9  0.
3740.5  0.
3743.1  0.
3745.7  0.
3748.3  0.
3750.9  0.
3753.5  0.
3756.1  0.
3758.7  0.
3761.3  0.
3763.9  0.
3766.5  0.
3769.1  0.
3771.7  0.
3774.3  0.
3776.9  0.
3779.5  0.
3782.1  0.
3784.7  0.
3787.3  0.
3789.9  0.
3792.5  0.
3795.1  0.
3797.7  0.
3800.3  0.
3802.9  0.
3805.5  0.
3808.1  0.
3810.7  0.
3813.3  0.
3815.9  0.
3818.5  0.
3821.1  0.
3823.7  0.
3826.3  0.
3828.9  0.
3831.5  0.
3834.1  0.
3836.7  0.
3839.3  0.
3841.9  0.
3844.5  0.
3847.1  0.
3849.7  0.
3852.3  0.
3854.9  0.
3857.5  0.
3860.1  0.
3862.7  0.
3865.3  0.
3867.9  0.
3870.5  0.
3873.1  0.
3875.7  0.
3878.3  0.
3880.9  0.
3883.5  0.
3886.1  0.
3888.7  0.
3891.3  0.
3893.9  0.
3896.5  0.
3899.1  0.
3901.7  0.
3904.3  0.
3906.9  0.
3909.5  0.
3912.1  0.
3914.7  0.
3917.3  0.
3919.9  0.
3922.5  0.
3925.1  0.
3927.7  0.
3930.3  0.
3932.9  0.
3935.5  0.
3938.1  0.
3940.7  0.
3943.3  0.
3945.9  0.
3948.5  0.
3951.1  0.
3953.7  0.
3956.3  0.
3958.9  0.
3961.5  0.
3964.1  0.
3966.7  0.
3969.3  0.
3971.9  0.
3974.5  0.
3977.1  0.
3979.7  0.
3982.3  0.
3984.9  0.
3987.5  0.
3990.1  0.
3992.7  0.
3995.3  0.
3997.9  0.
4000.5  0.
4003.1  0.
4005.7  0.
4008.3  0.
4010.9  0.
4013.5  0.
4016.1  0.
4018.7  0.
4021.3  0.
4023.9  0.
4026.5  0.
4029.1  0.
4031.7  0.
4034.3  0.
4036.9  0.
4039.5  0.
4042.1  0.
4044.7  0.
4047.3  0.
4049.9  0.
4052.5  0.
4055.1  0.
4057.7  0.
4060.3  0.
4062.9  0.
4065.5  0.
4068.1  0.
4070.7  0.
4073.3  0.
4075.9  0.
4078.5  0.
4081.1  0.
4083.7  0.
4086.3  0.
4088.9  0.
4091.5  0.
4094.1  0.
4096.7  0.
4099.3  0.
4101.9  0.
4104.5  0.
4107.1  0.
4109.7  0.
4112.3  0.
4114.9  0.
4117.5  0.
4120.1  0.
4122.7  0.
4125.3  0.
4127.9  0.
4130.5  0.
4133.1  0.
4135.7  0.
4138.3  0.
4140.9  0.
4143.5  0.
4146.1  0.
4148.7  0.
4151.3  0.
4153.9  0.
4156.5  0.
4159.1  0.
4161.7  0.
4164.3  0.
4166.9  0.
4169.5  0.
4172.1  0.
4174.7  0.
4177.3  0.
4179.9  0.
4182.5  0.
4185.1  0.
4187.7  0.
4190.3  0.
4192.9  0.
4195.5  0.
4198.1  0.
4200.7  0.
4203.3  0.
4205.9  0.
4208.5  0.
4211.1  0.
4213.7  0.
4216.3  67.80434
4218.9  109.4563
4221.5  6.849247
4224.1  46.68064
4226.7  59.46561
4229.3  35.09271
4231.9  51.14418
4234.5  28.45443
4237.1  40.41074
4239.7  -60.81506
4242.3  -53.8284
4244.9  36.8316
4247.5  32.45163
4250.1  -42.25237
4252.7  21.59896
4255.3  30.30262
4257.9  38.11282
4260.5  84.5405
4263.1  7.214612
4265.7  47.15142
4268.3  40.03563
4270.9  72.31352
4273.5  56.31227
4276.1  62.62195
4278.7  -4.867638
4281.3  53.15529
4283.9  37.3412
4286.5  -3.246149
4289.1  23.71907
4291.7  34.90303
4294.3  21.55221
4296.9  4.864177
4299.5  4.484499
4302.1  11.78582
4304.7  76.62727
4307.3  38.72901
4309.9  32.74207
4312.5  20.42831
4315.1  18.47011
4317.7  82.6912
4320.3  96.42889
4322.9  50.14671
4325.5  71.81607
4328.1  10.73095
4330.7  47.90442
4333.3  64.35579
4335.9  65.40965
4338.5  94.28339
4341.1  12.65059
4343.7  81.27333
4346.3  -1.138863
4348.9  -11.79487
4351.5  68.74869
4354.1  65.82563
4356.7  -13.93463
4359.3  45.96008
4361.9  43.60185
4364.5  39.20708
4367.1  43.63688
4369.7  48.57115
4372.3  43.93319
4374.9  26.61738
4377.5  27.3679
4380.1  -18.56464
4382.7  18.90544
4385.3  79.49686
4387.9  41.12241
4390.5  33.0628
4393.1  35.87627
4395.7  16.0847
4398.3  28.67854
4400.9  26.24118
4403.5  12.48122
4406.1  31.91001
4408.7  39.62435
4411.3  -7.228467
4413.9  78.94916
4416.5  69.89665
4419.1  45.35221
4421.7  37.38807
4424.3  56.49942
4426.9  77.51705
4429.5  42.48366
4432.1  58.25556
4434.7  5.705235
4437.3  45.59533
4439.9  -4.723925
4442.5  57.5215
4445.1  77.47438
4447.7  83.43751
4450.3  58.35616
4452.9  57.24651
4455.5  11.37549
4458.1  51.34498
4460.7  44.29983
4463.3  34.67094
4465.9  22.88077
4468.5  59.78267
4471.1  56.66289
4473.7  59.34034
4476.3  75.86606
4478.9  40.71724
4481.5  37.88291
4484.1  13.26965
4486.7  14.34661
4489.3  39.64425
4491.9  57.22626
4494.5  35.64877
4497.1  7.508365
4499.7  39.65877
4502.3  7.28469
4504.9  66.65458
4507.5  65.92269
4510.1  52.54722
4512.7  23.80853
4515.3  -0.9936091
4517.9  35.77114
4520.5  42.4336
4523.1  36.2753
4525.7  15.85214
4528.3  78.96279
4530.9  70.53741
4533.5  12.4675
4536.1  56.42221
4538.7  11.04521
4541.3  25.58828
4543.9  54.46703
4546.5  16.78155
4549.1  28.01636
4551.7  67.10957
4554.3  58.56522
4556.9  54.93989
4559.5  15.46824
4562.1  37.52689
4564.7  72.6668
4567.3  62.34523
4569.9  58.20534
4572.5  73.82836
4575.1  98.75324
4577.7  92.27004
4580.3  106.7665
4582.9  145.5727
4585.5  151.1305
4588.1  215.9749
4590.7  151.3008
4593.3  183.2438
4595.9  171.2976
4598.5  238.7038
4601.1  238.6805
4603.7  230.6351
4606.3  210.292
4608.9  279.798
4611.5  296.7199
4614.1  326.3224
4616.7  441.4007
4619.3  462.2524
4621.9  513.4973
4624.5  543.261
4627.1  497.7811
4629.7  611.818
4632.3  602.5199
4634.9  702.9633
4637.5  675.754
4640.1  868.4092
4642.7  788.307
4645.3  929.3112
4647.9  978.0651
4650.5  894.0801
4653.1  1216.067
4655.7  1085.056
4658.3  1237.018
4660.9  1375.878
4663.5  1517.896
4666.1  1330.761
4668.7  1414.275
4671.3  1510.797
4673.9  1907.773
4676.5  1831.276
4679.1  1954.03
4681.7  1997.661
4684.3  2120.911
4686.9  2472.474
4689.5  2281.237
4692.1  2534.625
4694.7  2657.835
4697.3  2304.643
4699.9  2731.865
4702.5  2886.03
4705.1  2849.738
4707.7  2865.395
4710.3  2996.112
4712.9  3211.719
4715.5  3638.978
4718.1  3942.805
4720.7  3998.858
4723.3  4456.88
4725.9  4217.699
4728.5  3756.793
4731.1  4008.81
4733.7  4234.053
4736.3  4630.523
4738.9  4888.085
4741.5  5261.177
4744.1  5841.785
4746.7  5532.417
4749.3  5997.079
4751.9  6343.828
4754.5  6260.103
4757.1  6294.904
4759.7  5877.96
4762.3  6585.252
4764.9  6818.846
4767.5  6968.424
4770.1  7483.969
4772.7  7287.896
4775.3  7525.018
4777.9  7642.576
4780.5  8080.752
4783.1  7836.072
4785.7  8101.347
4788.3  9333.201
4790.9  7100.464
4793.5  9225.481
4796.1  10334.6
4798.7  9055.647
4801.3  9908.938
4803.9  9260.237
4806.5  9874.551
4809.1  10344.05
4811.7  9237.404
4814.3  11351.19
4816.9  10396.66
4819.5  10944.41
4822.1  11336.25
4824.7  11172.29
4827.3  10184.23
4829.9  10570.67
4832.5  11180.73
4835.1  11219.13
4837.7  12301.69
4840.3  12074.48
4842.9  11570.58
4845.5  11810.62
4848.1  13208.08
4850.7  13411.52
4853.3  12124.88
4855.9  11283.64
4858.5  11655.49
4861.1  12251.65
4863.7  11413.78
4866.3  10459.39
4868.9  11368.92
4871.5  12031.4
4874.1  13148.89
4876.7  13307.4
4879.3  13568.26
4881.9  13208.13
4884.5  14089.33
4887.1  14408.83
4889.7  14139.6
4892.3  13611.15
4894.9  15373.07
4897.5  16716.23
4900.1  17134.1
4902.7  16632.09
4905.3  17203.29
4907.9  17006.4
4910.5  17858.05
4913.1  17695.21
4915.7  17660.11
4918.3  15818.76
4920.9  15493.05
4923.5  14891.09
4926.1  17179.26
4928.7  17481.56
4931.3  19940.02
4933.9  17884.52
4936.5  18508.64
4939.1  18113.79
4941.7  18497.78
4944.3  19042.89
4946.9  21177.
4949.5  20553.58
4952.1  20828.9
4954.7  21765.34
4957.3  19314.71
4959.9  20061.12
4962.5  19777.73
4965.1  22974.46
4967.7  21091.48
4970.3  21227.43
4972.9  20295.95
4975.5  21632.96
4978.1  22792.78
4980.7  21886.3
4983.3  19680.91
4985.9  20814.52
4988.5  21592.58
4991.1  23499.29
4993.7  23121.15
4996.3  25139.9
4998.9  22083.78
5001.5  22436.41
5004.1  22392.91
5006.7  23005.89
5009.3  22807.2
5011.9  23631.28
5014.5  23557.36
5017.1  22178.23
5019.7  23740.59
5022.3  24369.76
5024.9  23343.29
5027.5  24683.23
5030.1  27147.3
5032.7  24584.66
5035.3  26768.84
5037.9  26328.08
5040.5  24911.27
5043.1  25963.49
5045.7  25121.02
5048.3  27678.87
5050.9  28687.73
5053.5  26036.34
5056.1  30263.54
5058.7  30361.26
5061.3  30102.42
5063.9  31294.42
5066.5  30251.46
5069.1  29945.49
5071.7  29214.21
5074.3  28033.25
5076.9  29698.91
5079.5  28463.82
5082.1  29111.42
5084.7  32792.87
5087.3  29969.92
5089.9  34217.7
5092.5  30640.42
5095.1  30259.2
5097.7  31533.12
5100.3  31353.09
5102.9  31706.3
5105.5  32128.31
5108.1  32802.21
5110.7  29680.87
5113.3  32514.71
5115.9  36421.02
5118.5  35270.75
5121.1  33561.33
5123.7  33732.32
5126.3  32196.26
5128.9  31631.29
5131.5  34367.15
5134.1  34930.86
5136.7  36429.84
5139.3  34953.
5141.9  32549.08
5144.5  33093.22
5147.1  33246.46
5149.7  33264.57
5152.3  37276.45
5154.9  35420.7
5157.5  37038.35
5160.1  37110.36
5162.7  37118.89
5165.3  36356.4
5167.9  33625.84
5170.5  28775.66
5173.1  30853.18
5175.7  32651.57
5178.3  34084.72
5180.9  37583.81
5183.5  37116.87
5186.1  32871.82
5188.7  33931.98
5191.3  38383.7
5193.9  38847.86
5196.5  38553.91
5199.1  38436.27
5201.7  39956.26
5204.3  41315.41
5206.9  42938.7
5209.5  39343.34
5212.1  40416.19
5214.7  42738.16
5217.3  44302.54
5219.9  44640.53
5222.5  43699.35
5225.1  44353.77
5227.7  39814.37
5230.3  40962.05
5232.9  44591.83
5235.5  46415.21
5238.1  46453.7
5240.7  49147.14
5243.3  49207.77
5245.9  50348.71
5248.5  46398.96
5251.1  45948.25
5253.7  49294.71
5256.3  49508.85
5258.9  48886.32
5261.5  48980.2
5264.1  46998.4
5266.7  42412.54
5269.3  41362.3
5271.9  41884.7
5274.5  47202.08
5277.1  49489.54
5279.7  50256.12
5282.3  53482.05
5284.9  52040.86
5287.5  53315.83
5290.1  57162.8
5292.7  57910.
5295.3  56044.19
5297.9  53840.83
5300.5  54022.58
5303.1  54216.17
5305.7  61505.89
5308.3  56914.68
5310.9  60546.7
5313.5  62520.57
5316.1  60186.
5318.7  57437.91
5321.3  55400.89
5323.9  55830.36
5326.5  57422.61
5329.1  56675.68
5331.7  54830.62
5334.3  58108.66
5336.9  60171.25
5339.5  63283.88
5342.1  61470.4
5344.7  59380.66
5347.3  61115.16
5349.9  62010.45
5352.5  58468.98
5355.1  65715.73
5357.7  69076.76
5360.3  65808.66
5362.9  64455.01
5365.5  63750.77
5368.1  62631.91
5370.7  61807.25
5373.3  62362.73
5375.9  62938.15
5378.5  67176.95
5381.1  66907.55
5383.7  69455.11
5386.3  68213.3
5388.9  67752.26
5391.5  67054.9
5394.1  65783.64
5396.7  64203.26
5399.3  64124.92
5401.9  63681.6
5404.5  67401.91
5407.1  63844.46
5409.7  64419.91
5412.3  66442.57
5414.9  68045.39
5417.5  71140.28
5420.1  74204.04
5422.7  71513.38
5425.3  72425.8
5427.9  71842.91
5430.5  73326.1
5433.1  71623.81
5435.7  72029.38
5438.3  72808.41
5440.9  75148.82
5443.5  77522.75
5446.1  74093.08
5448.7  73683.31
5451.3  72720.26
5453.9  77929.23
5456.5  77273.52
5459.1  76467.15
5461.7  78839.59
5464.3  77826.41
5466.9  77646.16
5469.5  78488.84
5472.1  79283.82
5474.7  77322.65
5477.3  76360.43
5479.9  73910.69
5482.5  77499.34
5485.1  80996.03
5487.7  81644.16
5490.3  80083.42
5492.9  82210.41
5495.5  82425.24
5498.1  83188.39
5500.7  83214.95
5503.3  84523.83
5505.9  82556.22
5508.5  84600.01
5511.1  81818.17
5513.7  81788.14
5516.3  81902.11
5518.9  84811.53
5521.5  89143.3
5524.1  89271.46
5526.7  85483.21
5529.3  84117.9
5531.9  84250.01
5534.5  89913.23
5537.1  90356.53
5539.7  88163.97
5542.3  89288.83
5544.9  92851.59
5547.5  95179.88
5550.1  94124.74
5552.7  95291.48
5555.3  93641.78
5557.9  91210.51
5560.5  93361.63
5563.1  92525.61
5565.7  91976.54
5568.3  90918.11
5570.9  89742.6
5573.5  95544.34
5576.1  99991.09
5578.7  94942.37
5581.3  97837.48
5583.9  92527.05
5586.5  89323.14
5589.1  88198.73
5591.7  90646.68
5594.3  92117.73
5596.9  93648.51
5599.5  94021.26
5602.1  94672.19
5604.7  97299.91
5607.3  103735.5
5609.9  106086.4
5612.5  101879.
5615.1  100900.7
5617.7  96752.63
5620.3  98957.96
5622.9  100473.4
5625.5  99696.4
5628.1  100975.1
5630.7  104333.3
5633.3  104676.1
5635.9  104509.1
5638.5  105961.3
5641.1  98930.31
5643.7  102645.1
5646.3  108743.
5648.9  105416.9
5651.5  104789.4
5654.1  103643.6
5656.7  102052.8
5659.3  99403.95
5661.9  102154.2
5664.5  103732.2
5667.1  107836.
5669.7  106666.9
5672.3  113796.2
5674.9  111423.5
5677.5  109337.4
5680.1  113056.5
5682.7  112791.4
5685.3  110036.4
5687.9  103365.5
5690.5  111326.6
5693.1  112782.1
5695.7  112631.6
5698.3  112905.4
5700.9  114186.5
5703.5  105664.8
5706.1  108259.7
5708.7  108784.
5711.3  106222.2
5713.9  110634.3
5716.5  111494.4
5719.1  118442.7
5721.7  118791.5
5724.3  120833.3
5726.9  118729.7
5729.5  120473.
5732.1  121154.4
5734.7  123392.5
5737.3  121608.
5739.9  127078.9
5742.5  120081.8
5745.1  123132.4
5747.7  123762.2
5750.3  119855.8
5752.9  122878.2
5755.5  124567.7
5758.1  121871.7
5760.7  124347.4
5763.3  123709.9
5765.9  123761.8
5768.5  126933.6
5771.1  126683.4
5773.7  123842.5
5776.3  125221.6
5778.9  119451.7
5781.5  119215.4
5784.1  118749.4
5786.7  117962.
5789.3  124620.4
5791.9  125054.8
5794.5  127775.
5797.1  122167.9
5799.7  130154.7
5802.3  131582.8
5804.9  131734.
5807.5  131299.8
5810.1  127509.2
5812.7  131202.3
5815.3  135034.5
5817.9  134785.7
5820.5  134822.3
5823.1  142900.1
5825.7  134789.4
5828.3  143844.6
5830.9  140006.7
5833.5  138923.1
5836.1  143540.2
5838.7  140947.
5841.3  140192.8
5843.9  138257.9
5846.5  141175.4
5849.1  140973.4
5851.7  135065.7
5854.3  130299.9
5856.9  129284.
5859.5  131293.7
5862.1  136527.
5864.7  146852.
5867.3  141491.1
5869.9  141430.6
5872.5  147568.
5875.1  148890.6
5877.7  147329.6
5880.3  139876.9
5882.9  140685.
5885.5  138331.8
5888.1  132805.1
5890.7  123324.6
5893.3  116506.6
5895.9  123317.3
5898.5  130966.8
5901.1  137166.4
5903.7  146901.8
5906.3  147192.1
5908.9  150645.5
5911.5  148786.8
5914.1  148729.4
5916.7  148607.8
5919.3  150529.6
5921.9  150146.3
5924.5  151121.
5927.1  155854.
5929.7  149652.1
5932.3  153557.5
5934.9  148875.2
5937.5  154705.7
5940.1  154387.2
5942.7  157832.2
5945.3  153022.6
5947.9  152873.5
5950.5  154798.2
5953.1  150827.2
5955.7  155169.8
5958.3  156884.9
5960.9  154462.4
5963.5  162049.5
5966.1  159358.8
5968.7  161089.1
5971.3  159631.
5973.9  159749.5
5976.5  155680.8
5979.1  154577.3
5981.7  155442.1
5984.3  157159.4
5986.9  158986.7
5989.5  156244.1
5992.1  163703.8
5994.7  161003.5
5997.3  160278.6
5999.9  158946.7
6002.5  159151.5
6005.1  162097.7
6007.7  161668.2
6010.3  157858.3
6012.9  158342.8
6015.5  155198.5
6018.1  160086.7
6020.7  156243.2
6023.3  156384.9
6025.9  158714.8
6028.5  164819.2
6031.1  169284.
6033.7  166293.8
6036.3  170367.4
6038.9  170871.3
6041.5  170236.1
6044.1  173420.7
6046.7  171644.1
6049.3  176850.1
6051.9  176995.6
6054.5  167553.8
6057.1  168674.4
6059.7  172026.4
6062.3  172295.
6064.9  173806.
6067.5  174616.
6070.1  173662.7
6072.7  178934.4
6075.3  174678.1
6077.9  171624.5
6080.5  172122.7
6083.1  171960.1
6085.7  174108.
6088.3  172619.2
6090.9  175248.5
6093.5  174504.7
6096.1  174400.1
6098.7  173394.7
6101.3  172021.9
6103.9  167727.2
6106.5  168406.9
6109.1  178347.3
6111.7  179542.8
6114.3  180446.7
6116.9  180649.9
6119.5  174699.7
6122.1  174981.9
6124.7  173318.2
6127.3  178245.4
6129.9  178760.1
6132.5  178612.3
6135.1  176139.8
6137.7  173625.8
6140.3  172515.8
6142.9  177424.
6145.5  180370.3
6148.1  181604.9
6150.7  180680.5
6153.3  183978.
6155.9  180006.7
6158.5  174645.5
6161.1  173279.9
6163.7  167472.4
6166.3  168964.1
6168.9  175683.7
6171.5  178974.7
6174.1  182843.
6176.7  182489.9
6179.3  182489.5
6181.9  186723.6
6184.5  185796.9
6187.1  187812.9
6189.7  182617.
6192.3  182451.4
6194.9  187245.6
6197.5  187613.6
6200.1  189841.6
6202.7  191200.7
6205.3  193446.6
6207.9  194275.5
6210.5  193144.3
6213.1  190343.7
6215.7  183299.5
6218.3  185159.6
6220.9  187567.9
6223.5  195425.5
6226.1  192348.5
6228.7  191326.7
6231.3  189342.
6233.9  188269.7
6236.5  190581.3
6239.1  193089.7
6241.7  189221.4
6244.3  186308.9
6246.9  188954.7
6249.5  186604.7
6252.1  188385.7
6254.7  184176.5
6257.3  183636.
6259.9  187128.
6262.5  193440.2
6265.1  196313.9
6267.7  196000.4
6270.3  196573.6
6272.9  194282.9
6275.5  191717.9
6278.1  190820.4
6280.7  185693.4
6283.3  185754.5
6285.9  187873.7
6288.5  190334.6
6291.1  198033.9
6293.7  199945.
6296.3  202720.3
6298.9  198156.5
6301.5  196058.2
6304.1  197269.6
6306.7  199776.3
6309.3  202991.
6311.9  200213.8
6314.5  196537.5
6317.1  194908.7
6319.7  197079.9
6322.3  202664.7
6324.9  202553.2
6327.5  207419.2
6330.1  208240.2
6332.7  206048.5
6335.3  203733.5
6337.9  208146.1
6340.5  202044.6
6343.1  207142.2
6345.7  206143.8
6348.3  208226.8
6350.9  214386.
6353.5  212961.
6356.1  207843.3
6358.7  203254.4
6361.3  207862.9
6363.9  206019.3
6366.5  211166.8
6369.1  210315.
6371.7  215391.8
6374.3  215995.
6376.9  218978.2
6379.5  216979.
6382.1  215293.
6384.7  218153.8
6387.3  220446.7
6389.9  220156.5
6392.5  218608.1
6395.1  214963.9
6397.7  222148.2
6400.3  218644.5
6402.9  212968.8
6405.5  220162.4
6408.1  216973.6
6410.7  215169.6
6413.3  215753.9
6415.9  214210.2
6418.5  223706.6
6421.1  219978.5
6423.7  220937.5
6426.3  225987.1
6428.9  222282.6
6431.5  221259.
6434.1  222702.
6436.7  220851.
6439.3  221934.8
6441.9  224173.1
6444.5  225051.1
6447.1  225438.4
6449.7  226409.5
6452.3  219600.6
6454.9  220961.4
6457.5  227935.5
6460.1  223499.6
6462.7  219821.6
6465.3  226686.5
6467.9  225367.5
6470.5  231977.1
6473.1  230776.9
6475.7  235996.9
6478.3  229491.3
6480.9  235489.7
6483.5  238466.
6486.1  231944.
6488.7  230857.9
6491.3  225046.8
6493.9  212633.6
6496.5  214144.6
6499.1  215758.1
6501.7  224865.5
6504.3  234712.9
6506.9  241602.8
6509.5  235863.2
6512.1  239669.3
6514.7  235549.1
6517.3  235285.2
6519.9  234718.
6522.5  243323.5
6525.1  233629.8
6527.7  232871.5
6530.3  231166.5
6532.9  242803.2
6535.5  243818.8
6538.1  237808.2
6540.7  251627.
6543.3  236595.
6545.9  238171.6
6548.5  247542.3
6551.1  245958.
6553.7  263516.9
6556.3  270517.8
6558.9  278162.2
6561.5  287529.1
6564.1  276425.2
6566.7  263906.7
6569.3  247430.5
6571.9  247514.4
6574.5  245222.7
6577.1  247469.2
6579.7  243788.
6582.3  249975.3
6584.9  247276.3
6587.5  251883.8
6590.1  248963.2
6592.7  239433.9
6595.3  248070.6
6597.9  240196.2
6600.5  251791.9
6603.1  252776.4
6605.7  242083.6
6608.3  241938.1
6610.9  250942.4
6613.5  253552.1
6616.1  244022.3
6618.7  247354.7
6621.3  251992.3
6623.9  264711.5
6626.5  244726.1
6629.1  265984.6
6631.7  262695.
6634.3  246160.6
6636.9  242291.
6639.5  248218.3
6642.1  245610.3
6644.7  249065.
6647.3  248138.7
6649.9  268022.5
6652.5  252684.2
6655.1  275313.7
6657.7  267115.4
6660.3  267593.
6662.9  268814.8
6665.5  251667.7
6668.1  250567.7
6670.7  269946.5
6673.3  272635.7
6675.9  274073.
6678.5  253441.1
6681.1  273612.1
6683.7  261600.2
6686.3  280427.7
6688.9  282860.4
6691.5  256246.3
6694.1  256078.5
6696.7  273848.
6699.3  276530.1
6701.9  246008.9
6704.5  250449.8
6707.1  247595.4
6709.7  243516.5
6712.3  269358.2
6714.9  259023.3
6717.5  272918.4
6720.1  274570.8
6722.7  258076.4
6725.3  260105.7
6727.9  259458.8
6730.5  275770.7
6733.1  259092.6
6735.7  287440.
6738.3  277471.8
6740.9  283642.
6743.5  276513.9
6746.1  258543.7
6748.7  283142.1
6751.3  256347.2
6753.9  260480.3
6756.5  283371.9
6759.1  266542.5
6761.7  264117.9
6764.3  262836.5
6766.9  289634.7
6769.5  260649.
6772.1  259312.
6774.7  282781.
6777.3  288831.5
6779.9  289926.9
6782.5  279516.2
6785.1  260067.1
6787.7  262197.2
6790.3  278222.7
6792.9  269219.6
6795.5  270461.2
6798.1  285912.5
6800.7  268409.3
6803.3  264118.3
6805.9  284113.7
6808.5  268779.9
6811.1  285116.8
6813.7  268139.3
6816.3  269620.7
6818.9  271865.2
6821.5  271444.5
6824.1  269516.8
6826.7  269607.2
6829.3  286279.4
6831.9  274532.2
6834.5  269717.
6837.1  263806.8
6839.7  285026.3
6842.3  284194.4
6844.9  262696.5
6847.5  264187.5
6850.1  278809.7
6852.7  283197.3
6855.3  262771.6
6857.9  265752.5
6860.5  262172.7
6863.1  254859.3
6865.7  245002.5
6868.3  229365.9
6870.9  226911.8
6873.5  228857.9
6876.1  222252.8
6878.7  235054.1
6881.3  245283.4
6883.9  249318.3
6886.5  248790.5
6889.1  243876.4
6891.7  244828.3
6894.3  247100.3
6896.9  250584.2
6899.5  252183.4
6902.1  255656.3
6904.7  282077.3
6907.3  274651.8
6909.9  264285.6
6912.5  265612.3
6915.1  264492.6
6917.7  264220.9
6920.3  264850.4
6922.9  274148.9
6925.5  272846.4
6928.1  272699.4
6930.7  274186.9
6933.3  288032.
6935.9  289967.1
6938.5  284005.3
6941.1  278707.4
6943.7  280662.3
6946.3  279448.7
6948.9  276241.9
6951.5  288023.2
6954.1  292407.6
6956.7  286959.4
6959.3  288721.7
6961.9  286218.5
6964.5  288797.3
6967.1  283974.6
6969.7  288531.8
6972.3  287200.4
6974.9  277288.4
6977.5  275650.6
6980.1  285723.2
6982.7  279477.3
6985.3  289820.5
6987.9  287347.4
6990.5  287852.1
6993.1  287409.6
6995.7  287101.2
6998.3  282756.6
7000.9  284048.4
7003.5  286563.6
7006.1  286557.8
7008.7  280327.2
7011.3  280895.4
7013.9  280290.
7016.5  285013.7
7019.1  284361.7
7021.7  287473.3
7024.3  279799.8
7026.9  282788.6
7029.5  285915.1
7032.1  287775.2
7034.7  288722.5
7037.3  287172.3
7039.9  287074.4
7042.5  290578.2
7045.1  290455.1
7047.7  291957.3
7050.3  294448.4
7052.9  292573.
7055.5  291538.9
7058.1  286528.3
7060.7  288253.
7063.3  290129.3
7065.9  289419.8
7068.5  293804.7
7071.1  289936.7
7073.7  294653.7
7076.3  298083.7
7078.9  294144.8
7081.5  294687.
7084.1  292336.9
7086.7  291126.3
7089.3  288273.9
7091.9  291720.5
7094.5  291191.1
7097.1  291970.7
7099.7  296767.1
7102.3  298287.2
7104.9  295073.6
7107.5  294898.6
7110.1  299075.1
7112.7  293176.2
7115.3  292121.2
7117.9  294161.1
7120.5  292486.7
7123.1  295842.7
7125.7  294440.
7128.3  291521.9
7130.9  289262.8
7133.5  288920.9
7136.1  291400.7
7138.7  299269.7
7141.3  294202.7
7143.9  294561.6
7146.5  289806.3
7149.1  289377.7
7151.7  290619.2
7154.3  296386.3
7156.9  299740.2
7159.5  295338.1
7162.1  293492.2
7164.7  296612.2
7167.3  293865.2
7169.9  292675.
7172.5  294882.3
7175.1  295479.
7177.7  293532.1
7180.3  288696.5
7182.9  287213.8
7185.5  284874.4
7188.1  287246.7
7190.7  289457.3
7193.3  288943.5
7195.9  287271.
7198.5  290502.5
7201.1  287253.3
7203.7  290634.6
7206.3  290909.6
7208.9  291400.2
7211.5  289989.8
7214.1  295436.2
7216.7  295836.2
7219.3  294514.2
7221.9  295669.9
7224.5  291505.5
7227.1  293517.6
7229.7  295758.3
7232.3  298476.9
7234.9  296332.2
7237.5  297706.2
7240.1  297440.4
7242.7  295436.2
7245.3  297163.2
7247.9  296781.1
7250.5  300227.1
7253.1  298406.4
7255.7  293175.1
7258.3  296628.5
7260.9  299646.8
7263.5  302026.2
7266.1  296052.2
7268.7  303776.8
7271.3  301307.3
7273.9  295316.4
7276.5  295335.
7279.1  294021.3
7281.7  297733.2
7284.3  294304.8
7286.9  292450.8
7289.5  294243.3
7292.1  291487.9
7294.7  291846.
7297.3  295055.7
7299.9  302738.6
7302.5  300973.5
7305.1  294127.4
7307.7  295297.5
7310.3  297587.7
7312.9  288856.6
7315.5  294025.5
7318.1  296386.8
7320.7  297352.2
7323.3  298262.6
7325.9  292706.6
7328.5  296394.3
7331.1  296219.1
7333.7  305024.7
7336.3  306184.2
7338.9  305636.1
7341.5  307923.7
7344.1  288088.
7346.7  300039.5
7349.3  299231.6
7351.9  299338.5
7354.5  298125.2
7357.1  297153.2
7359.7  297857.9
7362.3  297475.5
7364.9  296115.2
7367.5  296397.7
7370.1  306940.2
7372.7  296733.2
7375.3  294865.8
7377.9  307672.5
7380.5  296320.4
7383.1  301575.5
7385.7  298814.
7388.3  295425.1
7390.9  292740.
7393.5  301036.7
7396.1  303903.4
7398.7  304134.
7401.3  301678.1
7403.9  300956.5
7406.5  298805.6
7409.1  299101.4
7411.7  296154.4
7414.3  295341.2
7416.9  295592.4
7419.5  293941.1
7422.1  295959.1
7424.7  298381.5
7427.3  298155.3
7429.9  295047.
7432.5  304854.7
7435.1  306691.7
7437.7  308895.7
7440.3  299563.8
7442.9  295695.6
7445.5  299842.
7448.1  302801.8
7450.7  296437.8
7453.3  309113.2
7455.9  311016.
7458.5  308550.6
7461.1  296065.2
7463.7  293941.5
7466.3  300606.1
7468.9  310107.7
7471.5  311759.1
7474.1  295261.6
7476.7  293098.3
7479.3  310051.7
7481.9  293920.8
7484.5  311024.2
7487.1  294881.2
7489.7  294489.9
7492.3  300167.1
7494.9  302921.4
7497.5  304178.1
7500.1  302381.9
7502.7  296775.8
7505.3  297552.7
7507.9  303932.2
7510.5  298876.5
7513.1  299629.2
7515.7  309266.6
7518.3  296379.4
7520.9  311356.3
7523.5  309227.9
7526.1  303859.1
7528.7  293506.8
7531.3  291098.7
7533.9  296974.8
7536.5  299349.7
7539.1  296876.6
7541.7  309618.1
7544.3  295638.9
7546.9  297647.4
7549.5  298000.2
7552.1  300519.5
7554.7  301693.7
7557.3  302081.9
7559.9  294580.4
7562.5  295441.6
7565.1  301072.4
7567.7  294958.5
7570.3  308449.2
7572.9  308564.4
7575.5  318262.2
7578.1  293462.3
7580.7  307629.2
7583.3  301394.3
7585.9  292358.
7588.5  297083.
7591.1  280914.9
7593.7  244499.3
7596.3  194752.6
7598.9  144264.7
7601.5  111564.8
7604.1  96555.21
7606.7  94523.33
7609.3  121901.7
7611.9  151202.
7614.5  167965.2
7617.1  199279.8
7619.7  212417.4
7622.3  211537.9
7624.9  191907.1
7627.5  174021.9
7630.1  171269.2
7632.7  174064.7
7635.3  177674.6
7637.9  187056.9
7640.5  193563.6
7643.1  205590.4
7645.7  212809.7
7648.3  223740.4
7650.9  231339.6
7653.5  236173.1
7656.1  243700.2
7658.7  247535.9
7661.3  251247.3
7663.9  253893.7
7666.5  263029.7
7669.1  279560.8
7671.7  286183.3
7674.3  290010.8
7676.9  293167.3
7679.5  297776.7
7682.1  298323.7
7684.7  296291.2
7687.3  299520.4
7689.9  301549.2
7692.5  299969.6
7695.1  299005.9
7697.7  298077.2
7700.3  297707.
7702.9  299891.8
7705.5  302851.
7708.1  296980.1
7710.7  297198.
7713.3  296787.2
7715.9  292011.6
7718.5  297847.3
7721.1  300179.6
7723.7  300750.2
7726.3  303407.7
7728.9  299676.2
7731.5  293813.7
7734.1  310553.6
7736.7  298290.3
7739.3  311254.3
7741.9  303153.
7744.5  297650.1
7747.1  295569.8
7749.7  300654.3
7752.3  300076.5
7754.9  308771.9
7757.5  295548.3
7760.1  311429.9
7762.7  297096.9
7765.3  297207.2
7767.9  311606.9
7770.5  297607.5
7773.1  303405.7
7775.7  301053.8
7778.3  301388.1
7780.9  300413.7
7783.5  300585.4
7786.1  309105.2
7788.7  311364.
7791.3  309679.3
7793.9  298121.5
7796.5  299927.7
7799.1  309661.2
7801.7  309926.3
7804.3  303397.6
7806.9  303485.8
7809.5  299646.4
7812.1  300953.4
7814.7  300029.3
7817.3  300585.1
7819.9  317794.7
7822.5  299799.9
7825.1  301323.9
7827.7  312489.1
7830.3  297386.8
7832.9  301059.9
7835.5  305342.2
7838.1  309082.4
7840.7  307526.7
7843.3  303012.5
7845.9  299412.
7848.5  296126.
7851.1  301324.7
7853.7  293978.7
7856.3  295435.6
7858.9  307901.7
7861.5  315587.4
7864.1  315310.
7866.7  303305.3
7869.3  300593.8
7871.9  300172.8
7874.5  297143.9
7877.1  300125.6
7879.7  305472.1
7882.3  309554.1
7884.9  313735.7
7887.5  298117.
7890.1  299579.9
7892.7  301239.1
7895.3  301663.
7897.9  299726.4
7900.5  299928.1
7903.1  299909.5
7905.7  301891.3
7908.3  306513.
7910.9  309858.
7913.5  295684.9
7916.1  298445.2
7918.7  295569.9
7921.3  303154.4
7923.9  296554.9
7926.5  291948.8
7929.1  298793.6
7931.7  298220.5
7934.3  297658.5
7936.9  296834.8
7939.5  296527.3
7942.1  295536.6
7944.7  298641.9
7947.3  295960.4
7949.9  301858.4
7952.5  299966.9
7955.1  304473.5
7957.7  301013.9
7960.3  300977.8
7962.9  302261.2
7965.5  307600.5
7968.1  311889.8
7970.7  306596.5
7973.3  306098.7
7975.9  301387.6
7978.5  304036.5
7981.1  300503.9
7983.7  304293.
7986.3  302583.4
7988.9  296283.1
7991.5  297377.5
7994.1  304405.3
7996.7  297707.3
7999.3  297292.1
8001.9  298567.3
8004.5  304432.
8007.1  306580.9
8009.7  300481.1
8012.3  300522.8
8014.9  304470.1
8017.5  306814.7
8020.1  302628.
8022.7  298677.
8025.3  298217.5
8027.9  299834.9
8030.5  299306.
8033.1  306069.3
8035.7  311702.8
8038.3  302231.
8040.9  299592.
8043.5  301458.1
8046.1  301007.
8048.7  300603.5
8051.3  303864.1
8053.9  303917.8
8056.5  299420.7
8059.1  301088.3
8061.7  302181.
8064.3  306364.4
8066.9  302656.9
8069.5  297539.5
8072.1  300337.4
8074.7  299271.
8077.3  301353.5
8079.9  302072.9
8082.5  300328.7
8085.1  301363.
8087.7  301498.7
8090.3  299169.5
8092.9  299498.8
8095.5  298875.5
8098.1  302987.1
8100.7  297598.8
8103.3  298383.
8105.9  304366.
8108.5  303454.3
8111.1  303868.3
8113.7  303851.4
8116.3  302412.2
8118.9  301134.4
8121.5  301841.
8124.1  302281.
8126.7  300067.2
8129.3  303483.
8131.9  301665.8
8134.5  302056.6
8137.1  301175.1
8139.7  300116.8
8142.3  302105.3
8144.9  304384.4
8147.5  303916.
8150.1  304880.5
8152.7  298715.3
8155.3  301037.1
8157.9  302062.9
8160.5  297634.5
8163.1  301258.8
8165.7  302127.5
8168.3  298606.5
8170.9  298751.1
8173.5  299354.5
8176.1  298302.5
8178.7  296848.5
8181.3  293574.9
8183.9  295114.8
8186.5  295417.1
8189.1  293264.6
8191.7  293028.4
8194.3  287208.1
8196.9  287501.3
8199.5  294583.4
8202.1  300427.9
8204.7  296754.1
8207.3  296056.9
8209.9  295875.4
8212.5  297475.6
8215.1  297236.2
8217.7  295126.6
8220.3  294647.5
8222.9  295834.2
8225.5  298079.
8228.1  296485.4
8230.7  296085.1
8233.3  297723.8
8235.9  298480.2
8238.5  297819.7
8241.1  299685.7
8243.7  299489.9
8246.3  298678.5
8248.9  296040.8
8251.5  300213.7
8254.1  300097.8
8256.7  300240.4
8259.3  304114.6
8261.9  302732.6
8264.5  302314.7
8267.1  302519.9
8269.7  297959.5
8272.3  301013.1
8274.9  299774.8
8277.5  297544.6
8280.1  300268.7
8282.7  298858.8
8285.3  299758.6
8287.9  299902.5
8290.5  298724.5
8293.1  298679.2
8295.7  298682.7
8298.3  298307.2
8300.9  299548.7
8303.5  297275.7
8306.1  296913.2
8308.7  295343.1
8311.3  296109.9
8313.9  296655.5
8316.5  299895.
8319.1  297941.1
8321.7  293021.4
8324.3  294560.4
8326.9  295469.7
8329.5  293111.7
8332.1  290365.6
8334.7  291719.6
8337.3  294096.5
8339.9  293707.8
8342.5  293401.4
8345.1  293809.
8347.7  293454.3
8350.3  295551.5
8352.9  296642.4
8355.5  299236.
8358.1  297553.6
8360.7  294857.
8363.3  293773.3
8365.9  297042.2
8368.5  300093.4
8371.1  298629.1
8373.7  300153.
8376.3  296811.8
8378.9  296899.
8381.5  293439.1
8384.1  294538.4
8386.7  294190.
8389.3  293004.4
8391.9  294973.3
8394.5  295889.1
8397.1  297134.6
8399.7  298748.4
8402.3  295877.3
8404.9  298077.1
8407.5  301803.1
8410.1  303534.7
8412.7  297173.6
8415.3  296588.8
8417.9  299104.8
8420.5  298735.5
8423.1  296449.1
8425.7  296060.1
8428.3  294302.8
8430.9  296331.9
8433.5  294553.9
8436.1  295131.2
8438.7  293524.8
8441.3  297256.8
8443.9  299913.7
8446.5  301057.8
8449.1  299412.1
8451.7  300784.5
8454.3  301346.6
8456.9  302599.7
8459.5  302433.2
8462.1  300269.
8464.7  297393.7
8467.3  298538.4
8469.9  299275.3
8472.5  299101.
8475.1  300840.
8477.7  303604.9
8480.3  302387.8
8482.9  299989.7
8485.5  300051.4
8488.1  301596.8
8490.7  301063.7
8493.3  297441.9
8495.9  293517.7
8498.5  282728.5
8501.1  291140.2
8503.7  293674.8
8506.3  298621.3
8508.9  300944.2
8511.5  297429.
8514.1  295599.3
8516.7  291460.6
8519.3  293512.7
8521.9  296355.2
8524.5  298782.
8527.1  299414.9
8529.7  297961.3
8532.3  296760.6
8534.9  287934.9
8537.5  291063.9
8540.1  257604.8
8542.7  250585.2
8545.3  253061.3
8547.9  292433.5
8550.5  292970.4
8553.1  291854.9
8555.7  299606.8
8558.3  298186.1
8560.9  298569.8
8563.5  303998.7
8566.1  301679.7
8568.7  300079.9
8571.3  303346.1
8573.9  302737.7
8576.5  296965.8
8579.1  298501.9
8581.7  299796.8
8584.3  301184.3
8586.9  302836.
8589.5  299366.7
8592.1  298232.2
8594.7  299743.3
8597.3  299979.6
8599.9  299716.4
8602.5  301643.7
8605.1  301866.8
8607.7  299607.6
8610.3  301469.
8612.9  299381.2
8615.5  296944.8
8618.1  297244.5
8620.7  295781.3
8623.3  295413.2
8625.9  296817.4
8628.5  297224.2
8631.1  301116.7
8633.7  300278.7
8636.3  300929.8
8638.9  301978.
8641.5  300412.4
8644.1  299104.5
8646.7  298449.8
8649.3  294354.8
8651.9  294635.9
8654.5  293826.3
8657.1  278951.1
8659.7  273326.3
8662.3  270732.
8664.9  269154.
8667.5  273653.9
8670.1  291462.2
8672.7  294519.3
8675.3  293005.
8677.9  296480.2
8680.5  298581.9
8683.1  298978.2
8685.7  294555.2
8688.3  295991.6
8690.9  298343.6
8693.5  298398.9
8696.1  299280.3
8698.7  301523.5
8701.3  301316.1
8703.9  302123.4
8706.5  303105.4
8709.1  299444.6
8711.7  298021.6
8714.3  297427.2
8716.9  297167.2
8719.5  300904.9
8722.1  303314.8
8724.7  303925.3
8727.3  304734.
8729.9  305269.2
8732.5  299470.
8735.1  300699.2
8737.7  299182.3
8740.3  298032.2
8742.9  299109.
8745.5  300014.
8748.1  300473.
8750.7  300670.3
8753.3  299073.5
8755.9  297283.
8758.5  292300.1
8761.1  295349.
8763.7  294877.8
8766.3  298946.
8768.9  298333.7
8771.5  295199.3
8774.1  291881.2
8776.7  306084.8
8779.3  300907.5
8781.9  294906.8
8784.5  297997.7
8787.1  299568.3
8789.7  298304.9
8792.3  297395.3
8794.9  299527.7
8797.5  301254.7
8800.1  300976.7
8802.7  295586.4
8805.3  294011.9
8807.9  293125.2
8810.5  299355.8
8813.1  299827.7
8815.7  301220.9
8818.3  301887.7
8820.9  302978.1
8823.5  301974.
8826.1  297887.2
8828.7  304803.4
8831.3  292949.
8833.9  293289.9
8836.5  298309.1
8839.1  299079.9
8841.7  300041.4
8844.3  300580.6
8846.9  305323.9
8849.5  296286.9
8852.1  296221.7
8854.7  296197.5
8857.3  298621.9
8859.9  295621.7
8862.5  299620.3
8865.1  299497.7
8867.7  296561.
8870.3  295334.
8872.9  299066.8
8875.5  297724.5
8878.1  296983.2
8880.7  295763.7
8883.3  290383.1
8885.9  295983.9
8888.5  302677.1
8891.1  305662.7
8893.7  301383.
8896.3  301154.
8898.9  299484.6
8901.5  296445.3
8904.1  293663.9
8906.7  296411.9
8909.3  299965.1
8911.9  299410.
8914.5  303435.7
8917.1  301131.6
8919.7  299081.1
8922.3  292214.4
8924.9  291973.5
8927.5  291370.3
8930.1  295641.9
8932.7  295875.7
8935.3  300029.5
8937.9  298707.
8940.5  298780.7
8943.1  295332.8
8945.7  291861.
8948.3  292938.1
8950.9  285512.
8953.5  285683.7
8956.1  294821.1
8958.7  295345.2
8961.3  296911.9
8963.9  299796.9
8966.5  296075.4
8969.1  289991.4
8971.7  289336.5
8974.3  293177.5
8976.9  289249.2
8979.5  287860.3
8982.1  291475.8
8984.7  294829.3
8987.3  295240.4
8989.9  290084.7
8992.5  283581.7
8995.1  292363.5
8997.7  279770.2
9000.3  281102.1
9002.9  284337.4
9005.5  284460.9
9008.1  286307.3
9010.7  286475.5
9013.3  283879.9
9015.9  291763.2
9018.5  270749.5
9021.1  281024.1
9023.7  285696.9
9026.3  287722.8
9028.9  282574.2
9031.5  297297.3
9034.1  294416.4
9036.7  293361.7
9039.3  290401.6
9041.9  285808.9
9044.5  290534.4
9047.1  293370.3
9049.7  292319.1
9052.3  292610.8
9054.9  295335.9
9057.5  295292.5
9060.1  292397.9
9062.7  281775.1
9065.3  286062.2
9067.9  286503.2
9070.5  282216.9
9073.1  278129.7
9075.7  285252.2
9078.3  290333.7
9080.9  286390.6
9083.5  276958.2
9086.1  281624.
9088.7  284355.4
9091.3  267773.2
9093.9  265863.7
9096.5  286231.9
9099.1  271832.7
9101.7  275319.7
9104.3  281690.
9106.9  283009.2
9109.5  281207.2
9112.1  280944.3
9114.7  275093.6
9117.3  269610.7
9119.9  266603.5
9122.5  283367.7
9125.1  283574.5
9127.7  276787.8
9130.3  272703.7
9132.9  278841.
9135.5  278679.
9138.1  275934.9
9140.7  276698.6
9143.3  275603.5
9145.9  268195.3
9148.5  263132.2
9151.1  266300.9
9153.7  281852.3
9156.3  265120.6
9158.9  272640.1
9161.5  278047.5
9164.1  277446.1
9166.7  275169.5
9169.3  270762.7
9171.9  265111.4
9174.5  252769.9
9177.1  253243.
9179.7  260577.6
9182.3  270145.2
9184.9  270691.8
9187.5  277137.4
9190.1  275530.2
9192.7  276931.4
9195.3  261617.3
9197.9  261347.9
9200.5  272251.7
9203.1  252359.8
9205.7  257179.1
9208.3  259730.8
9210.9  263444.5
9213.5  277686.6
9216.1  275069.5
9218.7  261156.5
9221.3  254591.5
9223.9  248452.7
9226.5  246205.9
9229.1  249710.7
9231.7  254031.1
9234.3  260880.8
9236.9  265653.1
9239.5  270138.8
9242.1  275981.6
9244.7  282031.7
9247.3  247371.7
9249.9  244097.2
9252.5  243935.2
9255.1  246631.1
9257.7  252242.
9260.3  273330.6
9262.9  278434.9
9265.5  278877.7
9268.1  254960.7
9270.7  247394.4
9273.3  245900.2
9275.9  246893.8
9278.5  251527.1
9281.1  269559.7
9283.7  257455.5
9286.3  273259.7
9288.9  251130.
9291.5  245596.5
9294.1  237679.2
9296.7  234527.3
9299.3  234763.9
9301.9  235913.8
9304.5  236697.9
9307.1  260042.3
9309.7  260438.8
9312.3  254523.9
9314.9  253456.9
9317.5  220690.4
9320.1  213760.2
9322.7  211552.2
9325.3  219362.3
9327.9  220435.
9330.5  226437.6
9333.1  229918.6
9335.7  224934.5
9338.3  225842.1
9340.9  198882.9
9343.5  196067.7
9346.1  199827.1
9348.7  204180.
9351.3  210762.3
9353.9  218090.4
9356.5  212709.4
9359.1  224485.7
9361.7  206503.2
9364.3  204521.8
9366.9  202042.3
9369.5  201379.6
9372.1  204025.2
9374.7  221266.8
9377.3  227300.1
9379.9  226132.9
9382.5  225780.3
9385.1  207944.2
9387.7  210990.4
9390.3  212904.4
9392.9  224909.
9395.5  220600.9
9398.1  238041.7
9400.7  229857.1
9403.3  231603.9
9405.9  217271.1
9408.5  220356.8
9411.1  201157.1
9413.7  198564.7
9416.3  201550.7
9418.9  206620.7
9421.5  212370.3
9424.1  210514.3
9426.7  210728.7
9429.3  195223.4
9431.9  192199.1
9434.5  189545.5
9437.1  191867.3
9439.7  187997.9
9442.3  189994.6
9444.9  189538.3
9447.5  198429.
9450.1  214168.4
9452.7  215073.7
9455.3  212432.7
9457.9  201302.2
9460.5  189475.4
9463.1  192110.3
9465.7  198577.
9468.3  196276.1
9470.9  205695.6
9473.5  211516.8
9476.1  213636.1
9478.7  211777.5
9481.3  204211.2
9483.9  196324.3
9486.5  193275.1
9489.1  190205.2
9491.7  196601.7
9494.3  191959.6
9496.9  187771.7
9499.5  192965.7
9502.1  201664.9
9504.7  205744.4
9507.3  202832.2
9509.9  198721.2
9512.5  190762.2
9515.1  192705.6
9517.7  180885.7
9520.3  182374.9
9522.9  184828.
9525.5  187447.1
9528.1  197089.
9530.7  201158.3
9533.3  198128.4
9535.9  194869.1
9538.5  186672.1
9541.1  183269.1
9543.7  176667.2
9546.3  180850.9
9548.9  181098.3
9551.5  185138.9
9554.1  192083.7
9556.7  191148.2
9559.3  187025.8
9561.9  182525.
9564.5  177958.1
9567.1  179147.1
9569.7  178399.3
9572.3  178374.6
9574.9  180108.1
9577.5  184293.7
9580.1  186440.
9582.7  187494.
9585.3  180849.2
9587.9  175822.5
9590.5  172694.7
9593.1  168916.7
9595.7  174868.7
9598.3  177773.1
9600.9  178981.1
9603.5  180519.2
9606.1  185655.4
9608.7  185375.9
9611.3  182628.5
9613.9  178924.1
9616.5  172804.4
9619.1  169173.3
9621.7  167580.4
9624.3  163317.3
9626.9  168829.5
9629.5  171653.7
9632.1  173902.9
9634.7  169389.1
9637.3  167708.6
9639.9  167739.1
9642.5  163425.5
9645.1  158966.4
9647.7  159084.2
9650.3  158022.3
9652.9  160077.4
9655.5  161768.9
9658.1  164439.7
9660.7  168815.1
9663.3  171461.9
9665.9  167427.
9668.5  167404.2
9671.1  163880.6
9673.7  160283.4
9676.3  157735.1
9678.9  157230.5
9681.5  155819.8
9684.1  158113.5
9686.7  156570.1
9689.3  164559.3
9691.9  163203.8
9694.5  164538.7
9697.1  161248.2
9699.7  157395.
9702.3  154801.8
9704.9  151004.2
9707.5  148757.2
9710.1  148631.8
9712.7  146505.5
9715.3  145895.3
9717.9  146246.2
9720.5  145908.3
9723.1  154436.7
9725.7  151132.5
9728.3  158001.1
9730.9  152715.6
9733.5  156782.
9736.1  149973.1
9738.7  146357.6
9741.3  140928.3
9743.9  134028.
9746.5  134755.5
9749.1  135097.5
9751.7  132711.4
9754.3  134290.3
9756.9  135747.6
9759.5  136688.
9762.1  142177.
9764.7  138937.2
9767.3  138695.5
9769.9  131610.1
9772.5  145610.8
9775.1  128991.5
9777.7  125533.6
9780.3  124382.
9782.9  123659.7
9785.5  124150.8
9788.1  125418.9
9790.7  123705.
9793.3  129276.6
9795.9  147152.8
9798.5  129376.8
9801.1  121124.3
9803.7  139867.5
9806.3  123883.
9808.9  119908.2
9811.5  116679.4
9814.1  117700.4
9816.7  117350.2
9819.3  120373.1
9821.9  119894.2
9824.5  119959.8
9827.1  121885.2
9829.7  119668.1
9832.3  117102.4
9834.9  112499.
9837.5  111345.5
9840.1  126874.5
9842.7  109955.3
9845.3  111580.2
9847.9  106844.9
9850.5  108764.4
9853.1  111387.9
9855.7  111049.1
9858.3  110058.6
9860.9  111045.2
9863.5  109835.6
9866.1  127850.6
9868.7  122638.5
9871.3  103793.2
9873.9  101678.3
9876.5  101055.1
9879.1  103696.7
9881.7  101078.4
9884.3  101634.7
9886.9  118345.7
9889.5  102306.2
9892.1  97746.27
9894.7  98844.01
9897.3  120128.
9899.9  114714.9
9902.5  111200.8
9905.1  110574.1
9907.7  93948.68
9910.3  90406.54
9912.9  93664.83
9915.5  90914.95
9918.1  90499.55
9920.7  114177.5
9923.3  114143.3
9925.9  89406.42
9928.5  90009.52
9931.1  88420.2
9933.7  87398.61
9936.3  106078.9
9938.9  104974.4
9941.5  83037.76
9944.1  85697.88
9946.7  84119.84
9949.3  79815.43
9951.9  85032.82
9954.5  108990.9
9957.1  104679.6
9959.7  106178.8
9962.3  80130.86
9964.9  78800.96
9967.5  79419.43
9970.1  79764.11
9972.7  73644.4
9975.3  73462.95
9977.9  75502.95
9980.5  74697.28
9983.1  71849.59
9985.7  75116.75
9988.3  75538.83
9990.9  74282.31
9993.5  73810.95
9996.1  72304.91
