3501.3  0.
3503.9  0.
3506.5  0.
3509.1  0.
3511.7  0.
3514.3  0.
3516.9  0.
3519.5  0.
3522.1  0.
3524.7  0.
3527.3  0.
3529.9  0.
3532.5  0.
3535.1  0.
3537.7  0.
3540.3  0.
3542.9  0.
3545.5  0.
3548.1  0.
3550.7  0.
3553.3  0.
3555.9  0.
3558.5  0.
3561.1  0.
3563.7  0.
3566.3  0.
3568.9  0.
3571.5  0.
3574.1  0.
3576.7  0.
3579.3  0.
3581.9  0.
3584.5  0.
3587.1  0.
3589.7  0.
3592.3  0.
3594.9  0.
3597.5  0.
3600.1  0.
3602.7  0.
3605.3  0.
3607.9  0.
3610.5  0.
3613.1  0.
3615.7  0.
3618.3  0.
3620.9  0.
3623.5  0.
3626.1  0.
3628.7  0.
3631.3  0.
3633.9  0.
3636.5  0.
3639.1  0.
3641.7  0.
3644.3  0.
3646.9  0.
3649.5  0.
3652.1  0.
3654.7  0.
3657.3  0.
3659.9  0.
3662.5  0.
3665.1  0.
3667.7  0.
3670.3  0.
3672.9  0.
3675.5  0.
3678.1  0.
3680.7  0.
3683.3  0.
3685.9  0.
3688.5  0.
3691.1  0.
3693.7  0.
3696.3  0.
3698.9  0.
3701.5  0.
3704.1  0.
3706.7  0.
3709.3  0.
3711.9  0.
3714.5  0.
3717.1  0.
3719.7  0.
3722.3  0.
3724.9  0.
3727.5  0.
3730.1  0.
3732.7  0.
3735.3  0.
3737.9  0.
3740.5  0.
3743.1  0.
3745.7  0.
3748.3  0.
3750.9  0.
3753.5  0.
3756.1  0.
3758.7  0.
3761.3  0.
3763.9  0.
3766.5  0.
3769.1  0.
3771.7  0.
3774.3  0.
3776.9  0.
3779.5  0.
3782.1  0.
3784.7  0.
3787.3  0.
3789.9  0.
3792.5  0.
3795.1  0.
3797.7  0.
3800.3  0.
3802.9  0.
3805.5  0.
3808.1  0.
3810.7  0.
3813.3  0.
3815.9  0.
3818.5  0.
3821.1  0.
3823.7  0.
3826.3  0.
3828.9  0.
3831.5  0.
3834.1  0.
3836.7  0.
3839.3  0.
3841.9  0.
3844.5  0.
3847.1  0.
3849.7  0.
3852.3  0.
3854.9  0.
3857.5  0.
3860.1  0.
3862.7  0.
3865.3  0.
3867.9  0.
3870.5  0.
3873.1  0.
3875.7  0.
3878.3  0.
3880.9  0.
3883.5  0.
3886.1  0.
3888.7  0.
3891.3  0.
3893.9  0.
3896.5  0.
3899.1  0.
3901.7  0.
3904.3  0.
3906.9  0.
3909.5  0.
3912.1  0.
3914.7  0.
3917.3  0.
3919.9  0.
3922.5  0.
3925.1  0.
3927.7  0.
3930.3  0.
3932.9  0.
3935.5  0.
3938.1  0.
3940.7  0.
3943.3  0.
3945.9  0.
3948.5  0.
3951.1  0.
3953.7  0.
3956.3  0.
3958.9  0.
3961.5  0.
3964.1  0.
3966.7  0.
3969.3  0.
3971.9  0.
3974.5  0.
3977.1  0.
3979.7  0.
3982.3  0.
3984.9  0.
3987.5  0.
3990.1  0.
3992.7  0.
3995.3  0.
3997.9  0.
4000.5  0.
4003.1  0.
4005.7  0.
4008.3  0.
4010.9  0.
4013.5  0.
4016.1  0.
4018.7  0.
4021.3  0.
4023.9  0.
4026.5  0.
4029.1  0.
4031.7  0.
4034.3  0.
4036.9  0.
4039.5  0.
4042.1  0.
4044.7  0.
4047.3  0.
4049.9  0.
4052.5  0.
4055.1  0.
4057.7  0.
4060.3  0.
4062.9  0.
4065.5  0.
4068.1  0.
4070.7  0.
4073.3  0.
4075.9  0.
4078.5  0.
4081.1  0.
4083.7  0.
4086.3  0.
4088.9  0.
4091.5  0.
4094.1  0.
4096.7  0.
4099.3  0.
4101.9  0.
4104.5  0.
4107.1  0.
4109.7  0.
4112.3  0.
4114.9  0.
4117.5  0.
4120.1  0.
4122.7  0.
4125.3  0.
4127.9  0.
4130.5  0.
4133.1  0.
4135.7  0.
4138.3  0.
4140.9  0.
4143.5  0.
4146.1  0.
4148.7  0.
4151.3  0.
4153.9  0.
4156.5  0.
4159.1  0.
4161.7  0.
4164.3  0.
4166.9  0.
4169.5  0.
4172.1  0.
4174.7  0.
4177.3  0.
4179.9  0.
4182.5  0.
4185.1  0.
4187.7  0.
4190.3  0.
4192.9  0.
4195.5  0.
4198.1  0.
4200.7  0.
4203.3  0.
4205.9  0.
4208.5  0.
4211.1  0.
4213.7  0.
4216.3  -23.72963
4218.9  24.04671
4221.5  57.47714
4224.1  35.95447
4226.7  10.54359
4229.3  19.0418
4231.9  6.318157
4234.5  -18.34177
4237.1  -4.450946
4239.7  22.48676
4242.3  22.61908
4244.9  29.95158
4247.5  -22.94704
4250.1  -11.67834
4252.7  -33.93251
4255.3  57.88792
4257.9  20.11636
4260.5  45.03834
4263.1  13.21154
4265.7  -0.01350288
4268.3  -12.03341
4270.9  56.33367
4273.5  21.84964
4276.1  3.290673
4278.7  -25.17335
4281.3  -12.3115
4283.9  -35.40694
4286.5  20.40532
4289.1  83.96246
4291.7  47.75803
4294.3  -5.767884
4296.9  25.48412
4299.5  22.96808
4302.1  2.664681
4304.7  -19.79115
4307.3  0.2856147
4309.9  -37.59219
4312.5  -34.25568
4315.1  0.6850997
4317.7  -1.858535
4320.3  97.29333
4322.9  -20.55738
4325.5  -11.93627
4328.1  9.35675
4330.7  23.05822
4333.3  12.24793
4335.9  -26.52678
4338.5  15.97083
4341.1  -6.039152
4343.7  20.92181
4346.3  42.16018
4348.9  15.34534
4351.5  -30.55621
4354.1  21.91789
4356.7  10.43547
4359.3  -20.23195
4361.9  -19.26815
4364.5  29.23658
4367.1  36.92582
4369.7  -11.93579
4372.3  -22.63504
4374.9  25.51301
4377.5  41.28223
4380.1  13.65725
4382.7  -34.21619
4385.3  -18.41661
4387.9  42.02393
4390.5  -29.59735
4393.1  9.723739
4395.7  24.96512
4398.3  38.62682
4400.9  7.808516
4403.5  9.985655
4406.1  44.03021
4408.7  15.82901
4411.3  19.54979
4413.9  64.87152
4416.5  30.94046
4419.1  32.63718
4421.7  31.04902
4424.3  0.4984012
4426.9  52.97326
4429.5  16.418
4432.1  -2.08172
4434.7  -27.44134
4437.3  31.67237
4439.9  39.78083
4442.5  4.427153
4445.1  46.20969
4447.7  -8.015224
4450.3  -21.9785
4452.9  13.46873
4455.5  -21.41772
4458.1  44.45856
4460.7  38.31366
4463.3  3.949592
4465.9  0.6604454
4468.5  36.77158
4471.1  -1.967045
4473.7  30.9801
4476.3  -5.929125
4478.9  -46.23869
4481.5  21.55823
4484.1  8.768709
4486.7  23.37671
4489.3  -13.2471
4491.9  6.874615
4494.5  7.786672
4497.1  35.50148
4499.7  -19.09282
4502.3  -0.9530976
4504.9  47.54856
4507.5  8.742183
4510.1  10.91646
4512.7  15.66182
4515.3  -10.22721
4517.9  32.69476
4520.5  -18.94787
4523.1  59.5453
4525.7  15.81877
4528.3  4.081476
4530.9  13.82952
4533.5  39.93599
4536.1  -2.704255
4538.7  77.98944
4541.3  82.91429
4543.9  46.71632
4546.5  -19.15958
4549.1  45.08091
4551.7  45.05336
4554.3  53.6992
4556.9  49.23167
4559.5  66.65804
4562.1  81.4943
4564.7  53.4799
4567.3  57.12923
4569.9  63.43052
4572.5  127.6016
4575.1  153.2577
4577.7  92.00806
4580.3  90.45639
4582.9  157.3893
4585.5  167.2439
4588.1  244.081
4590.7  111.0604
4593.3  127.0288
4595.9  273.5454
4598.5  288.3385
4601.1  254.9165
4603.7  341.775
4606.3  311.5974
4608.9  486.7061
4611.5  470.7205
4614.1  481.4835
4616.7  569.1375
4619.3  632.9747
4621.9  644.0339
4624.5  696.6785
4627.1  817.1002
4629.7  942.8734
4632.3  1009.032
4634.9  989.9397
4637.5  1030.825
4640.1  1033.08
4642.7  1162.546
4645.3  1324.288
4647.9  1378.86
4650.5  1501.335
4653.1  1672.136
4655.7  1805.349
4658.3  1647.428
4660.9  1750.526
4663.5  1822.703
4666.1  1794.702
4668.7  2095.027
4671.3  2558.371
4673.9  2672.591
4676.5  2296.107
4679.1  2230.676
4681.7  2735.375
4684.3  2804.906
4686.9  3212.176
4689.5  3415.977
4692.1  3383.699
4694.7  3506.67
4697.3  3074.338
4699.9  3211.492
4702.5  3609.123
4705.1  4052.901
4707.7  3893.962
4710.3  4374.995
4712.9  4671.678
4715.5  4904.997
4718.1  5082.948
4720.7  4730.416
4723.3  4807.279
4725.9  5027.354
4728.5  5124.921
4731.1  5316.914
4733.7  4971.422
4736.3  5695.36
4738.9  6131.177
4741.5  6670.219
4744.1  6352.906
4746.7  6009.994
4749.3  5865.039
4751.9  6841.773
4754.5  6930.019
4757.1  6632.631
4759.7  7054.332
4762.3  7064.467
4764.9  7072.263
4767.5  7855.681
4770.1  7667.405
4772.7  9181.953
4775.3  8728.596
4777.9  8530.141
4780.5  8186.133
4783.1  9165.056
4785.7  8712.603
4788.3  9477.396
4790.9  8772.959
4793.5  9234.077
4796.1  9588.949
4798.7  9784.902
4801.3  9479.325
4803.9  10310.93
4806.5  9700.022
4809.1  10435.13
4811.7  9983.626
4814.3  10317.29
4816.9  10923.85
4819.5  11643.17
4822.1  10974.52
4824.7  11031.17
4827.3  11605.79
4829.9  12463.89
4832.5  11388.75
4835.1  11043.68
4837.7  11509.24
4840.3  11363.7
4842.9  12319.23
4845.5  11047.86
4848.1  12662.87
4850.7  11268.
4853.3  11028.13
4855.9  10623.66
4858.5  10002.09
4861.1  10178.88
4863.7  10702.62
4866.3  11182.53
4868.9  10833.66
4871.5  12623.19
4874.1  12471.53
4876.7  12543.59
4879.3  13828.26
4881.9  13094.74
4884.5  12501.62
4887.1  13352.25
4889.7  13114.88
4892.3  14460.29
4894.9  15183.79
4897.5  14539.92
4900.1  14398.15
4902.7  15007.04
4905.3  15102.49
4907.9  14587.69
4910.5  15179.06
4913.1  15446.04
4915.7  14195.8
4918.3  14213.2
4920.9  14286.96
4923.5  14041.59
4926.1  16820.53
4928.7  16696.07
4931.3  15603.35
4933.9  15258.8
4936.5  15851.47
4939.1  15883.16
4941.7  16154.98
4944.3  17714.92
4946.9  16455.91
4949.5  17774.92
4952.1  16113.69
4954.7  16822.03
4957.3  17302.01
4959.9  17083.4
4962.5  17708.66
4965.1  17968.37
4967.7  18537.37
4970.3  17170.3
4972.9  17331.64
4975.5  18052.69
4978.1  17511.84
4980.7  17498.28
4983.3  17208.76
4985.9  17461.53
4988.5  18065.62
4991.1  17892.51
4993.7  18047.54
4996.3  18333.2
4998.9  17403.63
5001.5  17727.79
5004.1  18176.86
5006.7  18034.43
5009.3  17900.29
5011.9  17703.07
5014.5  17928.51
5017.1  17528.33
5019.7  17953.96
5022.3  18745.68
5024.9  19238.71
5027.5  19445.4
5030.1  19535.13
5032.7  20028.87
5035.3  19110.1
5037.9  18404.9
5040.5  18855.34
5043.1  19241.9
5045.7  20380.85
5048.3  19658.15
5050.9  20706.79
5053.5  21029.82
5056.1  20688.92
5058.7  21467.87
5061.3  21325.48
5063.9  19586.23
5066.5  20399.26
5069.1  20988.64
5071.7  21953.54
5074.3  21488.44
5076.9  20769.2
5079.5  20339.96
5082.1  21266.03
5084.7  21070.09
5087.3  21870.18
5089.9  22088.5
5092.5  22162.13
5095.1  21574.63
5097.7  22197.21
5100.3  22314.95
5102.9  20451.15
5105.5  21950.26
5108.1  22253.85
5110.7  22458.29
5113.3  22320.5
5115.9  23061.55
5118.5  23382.84
5121.1  22157.85
5123.7  22138.96
5126.3  21400.17
5128.9  23084.65
5131.5  21979.37
5134.1  21733.
5136.7  22048.62
5139.3  22379.05
5141.9  22032.44
5144.5  21959.22
5147.1  22498.15
5149.7  21988.91
5152.3  22979.53
5154.9  23456.38
5157.5  23751.49
5160.1  23019.29
5162.7  22201.84
5165.3  21202.84
5167.9  20975.89
5170.5  20201.38
5173.1  22003.9
5175.7  23310.16
5178.3  22910.45
5180.9  22895.24
5183.5  23008.59
5186.1  23099.16
5188.7  22755.9
5191.3  23960.71
5193.9  23943.42
5196.5  24298.98
5199.1  24073.75
5201.7  23527.89
5204.3  23682.78
5206.9  24060.62
5209.5  24943.79
5212.1  24127.24
5214.7  25417.63
5217.3  26143.48
5219.9  25300.21
5222.5  24489.59
5225.1  24402.12
5227.7  25234.5
5230.3  24925.22
5232.9  24524.99
5235.5  25666.9
5238.1  26236.17
5240.7  26520.63
5243.3  26440.2
5245.9  26183.67
5248.5  26267.94
5251.1  26655.62
5253.7  26795.96
5256.3  26646.14
5258.9  26314.62
5261.5  25904.63
5264.1  24119.61
5266.7  23120.47
5269.3  24273.05
5271.9  25090.09
5274.5  25720.68
5277.1  26414.44
5279.7  26982.45
5282.3  26956.98
5284.9  28891.92
5287.5  27978.29
5290.1  28575.37
5292.7  28335.44
5295.3  27147.8
5297.9  26828.03
5300.5  27839.93
5303.1  28570.12
5305.7  27213.65
5308.3  29806.02
5310.9  29317.27
5313.5  28868.23
5316.1  28545.53
5318.7  28961.67
5321.3  28132.99
5323.9  26543.57
5326.5  26618.87
5329.1  27376.5
5331.7  28642.06
5334.3  29401.55
5336.9  28195.51
5339.5  28989.88
5342.1  28602.4
5344.7  28820.16
5347.3  28892.39
5349.9  29353.27
5352.5  30571.4
5355.1  30397.66
5357.7  30973.88
5360.3  29922.51
5362.9  30048.57
5365.5  28396.72
5368.1  28621.63
5370.7  28992.98
5373.3  29009.44
5375.9  30303.28
5378.5  30387.05
5381.1  30152.25
5383.7  30500.33
5386.3  30995.78
5388.9  29510.48
5391.5  29624.1
5394.1  29634.5
5396.7  29596.54
5399.3  29382.99
5401.9  29315.58
5404.5  29543.88
5407.1  29257.47
5409.7  29423.32
5412.3  30037.65
5414.9  30599.47
5417.5  30852.11
5420.1  30211.77
5422.7  30939.14
5425.3  30538.85
5427.9  29875.11
5430.5  29625.69
5433.1  30544.3
5435.7  30865.64
5438.3  31881.47
5440.9  32154.37
5443.5  30688.57
5446.1  31034.12
5448.7  32215.46
5451.3  31475.3
5453.9  31445.58
5456.5  31674.63
5459.1  30978.64
5461.7  31982.14
5464.3  32052.02
5466.9  32016.1
5469.5  31274.4
5472.1  31205.78
5474.7  30690.53
5477.3  31490.65
5479.9  31644.17
5482.5  32033.17
5485.1  32016.2
5487.7  31895.53
5490.3  32404.54
5492.9  32435.17
5495.5  32974.73
5498.1  32391.14
5500.7  31830.11
5503.3  32585.13
5505.9  32626.65
5508.5  31920.26
5511.1  32155.53
5513.7  33167.5
5516.3  32993.49
5518.9  33065.73
5521.5  32868.54
5524.1  31794.06
5526.7  32252.94
5529.3  33185.72
5531.9  32481.12
5534.5  32980.61
5537.1  33405.79
5539.7  32948.5
5542.3  33746.77
5544.9  33512.76
5547.5  33509.78
5550.1  33958.64
5552.7  33501.54
5555.3  33373.9
5557.9  33389.28
5560.5  32894.98
5563.1  33739.57
5565.7  33730.41
5568.3  33198.72
5570.9  32394.8
5573.5  33027.11
5576.1  33780.88
5578.7  32620.28
5581.3  33645.03
5583.9  33635.71
5586.5  33121.57
5589.1  32659.25
5591.7  32684.49
5594.3  33227.62
5596.9  32835.25
5599.5  33143.22
5602.1  33178.3
5604.7  34335.08
5607.3  35591.84
5609.9  34108.62
5612.5  33414.45
5615.1  32915.33
5617.7  33779.49
5620.3  34256.53
5622.9  33389.16
5625.5  34513.45
5628.1  35001.08
5630.7  34899.96
5633.3  34042.05
5635.9  34377.48
5638.5  34654.29
5641.1  34588.62
5643.7  34783.22
5646.3  35069.66
5648.9  35176.15
5651.5  34028.11
5654.1  33983.25
5656.7  33945.76
5659.3  32975.59
5661.9  34009.68
5664.5  34899.84
5667.1  34715.55
5669.7  35665.65
5672.3  35856.92
5674.9  35519.77
5677.5  35394.
5680.1  34418.43
5682.7  34416.87
5685.3  35061.36
5687.9  34854.52
5690.5  35155.71
5693.1  36024.06
5695.7  35090.28
5698.3  35196.66
5700.9  35097.61
5703.5  33892.84
5706.1  33673.07
5708.7  33385.52
5711.3  33746.98
5713.9  35106.87
5716.5  36042.21
5719.1  36295.06
5721.7  37043.97
5724.3  35889.14
5726.9  35556.13
5729.5  35593.58
5732.1  36218.47
5734.7  36315.92
5737.3  35801.82
5739.9  36034.61
5742.5  36691.13
5745.1  36026.34
5747.7  36836.38
5750.3  35949.4
5752.9  36199.82
5755.5  35360.48
5758.1  36050.35
5760.7  36122.42
5763.3  36086.47
5765.9  36920.51
5768.5  36456.98
5771.1  36808.78
5773.7  36623.34
5776.3  34563.54
5778.9  35265.33
5781.5  35210.31
5784.1  35390.02
5786.7  35486.02
5789.3  36527.71
5791.9  36615.32
5794.5  36521.21
5797.1  35676.18
5799.7  36818.95
5802.3  36713.6
5804.9  37446.91
5807.5  37101.92
5810.1  37495.9
5812.7  36612.82
5815.3  37181.72
5817.9  37370.07
5820.5  37581.7
5823.1  37688.4
5825.7  37948.32
5828.3  37826.73
5830.9  37619.58
5833.5  38225.24
5836.1  37347.25
5838.7  37954.52
5841.3  38331.45
5843.9  37622.4
5846.5  37331.2
5849.1  37375.93
5851.7  36915.23
5854.3  36282.4
5856.9  36349.8
5859.5  36690.62
5862.1  37031.05
5864.7  37516.06
5867.3  37421.39
5869.9  37115.84
5872.5  37595.99
5875.1  38356.09
5877.7  37965.7
5880.3  37125.94
5882.9  36697.2
5885.5  34655.39
5888.1  33991.4
5890.7  33049.39
5893.3  32847.06
5895.9  35153.41
5898.5  36847.94
5901.1  37212.16
5903.7  37502.18
5906.3  37769.12
5908.9  37583.53
5911.5  37058.58
5914.1  37910.02
5916.7  38448.89
5919.3  38089.14
5921.9  38495.36
5924.5  37369.82
5927.1  37232.93
5929.7  37511.05
5932.3  37739.31
5934.9  38214.58
5937.5  39031.31
5940.1  38231.12
5942.7  37963.22
5945.3  37922.21
5947.9  38218.64
5950.5  37514.32
5953.1  37119.15
5955.7  36831.12
5958.3  37524.77
5960.9  38920.01
5963.5  38650.29
5966.1  38587.53
5968.7  38223.24
5971.3  37468.23
5973.9  37492.01
5976.5  38047.27
5979.1  37826.81
5981.7  37558.84
5984.3  37235.11
5986.9  37848.12
5989.5  37651.62
5992.1  37902.82
5994.7  38400.86
5997.3  38079.53
5999.9  38184.99
6002.5  37438.63
6005.1  37393.34
6007.7  36723.11
6010.3  37346.29
6012.9  38347.69
6015.5  36832.16
6018.1  37606.48
6020.7  37331.36
6023.3  37162.53
6025.9  37578.23
6028.5  38284.91
6031.1  38525.41
6033.7  38163.41
6036.3  38560.42
6038.9  38962.55
6041.5  38495.36
6044.1  38146.25
6046.7  38983.48
6049.3  38536.73
6051.9  37865.74
6054.5  38581.62
6057.1  38397.79
6059.7  38015.63
6062.3  37327.46
6064.9  37675.12
6067.5  38648.09
6070.1  38943.69
6072.7  38283.96
6075.3  38013.09
6077.9  37278.99
6080.5  38139.56
6083.1  38024.98
6085.7  38252.76
6088.3  38019.77
6090.9  38325.63
6093.5  38746.65
6096.1  38094.61
6098.7  37361.04
6101.3  36994.08
6103.9  37728.82
6106.5  37899.39
6109.1  38306.89
6111.7  38207.43
6114.3  38667.78
6116.9  37267.73
6119.5  37825.21
6122.1  37406.69
6124.7  37712.84
6127.3  38839.75
6129.9  38215.93
6132.5  37097.66
6135.1  36131.21
6137.7  36939.54
6140.3  36722.8
6142.9  37139.36
6145.5  38063.86
6148.1  37705.63
6150.7  38104.45
6153.3  37467.
6155.9  37137.79
6158.5  36084.97
6161.1  36237.26
6163.7  35391.37
6166.3  35839.11
6168.9  36557.52
6171.5  36920.63
6174.1  36752.16
6176.7  37674.
6179.3  38373.66
6181.9  37564.68
6184.5  38700.23
6187.1  37177.56
6189.7  37455.02
6192.3  38081.09
6194.9  37974.25
6197.5  38119.15
6200.1  38474.75
6202.7  38660.25
6205.3  38696.26
6207.9  38567.8
6210.5  38096.46
6213.1  37782.3
6215.7  36969.41
6218.3  37216.8
6220.9  38204.52
6223.5  37482.9
6226.1  37916.24
6228.7  37812.45
6231.3  37534.08
6233.9  37675.7
6236.5  37214.27
6239.1  37140.04
6241.7  36876.77
6244.3  36919.11
6246.9  36753.78
6249.5  36424.79
6252.1  36764.07
6254.7  36794.68
6257.3  36830.4
6259.9  37494.97
6262.5  37958.69
6265.1  37254.19
6267.7  38201.48
6270.3  37600.75
6272.9  37243.14
6275.5  36433.09
6278.1  36023.39
6280.7  36196.92
6283.3  36373.63
6285.9  37135.79
6288.5  37208.86
6291.1  37463.51
6293.7  36893.44
6296.3  36470.05
6298.9  36593.02
6301.5  36351.32
6304.1  37827.23
6306.7  37733.61
6309.3  37688.11
6311.9  37108.59
6314.5  36134.19
6317.1  36804.13
6319.7  37064.3
6322.3  37433.93
6324.9  37761.78
6327.5  38019.2
6330.1  37458.18
6332.7  37318.33
6335.3  37456.04
6337.9  37779.61
6340.5  37600.98
6343.1  38085.25
6345.7  38361.34
6348.3  37864.31
6350.9  37960.97
6353.5  38042.91
6356.1  37382.64
6358.7  37697.11
6361.3  37169.9
6363.9  37369.76
6366.5  37886.
6369.1  38735.52
6371.7  38787.53
6374.3  38046.6
6376.9  38346.18
6379.5  38576.87
6382.1  38495.67
6384.7  38563.26
6387.3  38007.2
6389.9  37719.87
6392.5  38046.15
6395.1  37400.25
6397.7  37592.39
6400.3  38291.19
6402.9  37547.97
6405.5  37820.87
6408.1  37451.14
6410.7  37320.84
6413.3  37494.19
6415.9  37602.86
6418.5  37876.64
6421.1  37960.39
6423.7  38182.15
6426.3  37936.02
6428.9  38308.74
6431.5  38061.52
6434.1  37553.18
6436.7  38015.43
6439.3  38043.7
6441.9  38646.12
6444.5  37877.38
6447.1  37310.61
6449.7  37180.24
6452.3  37210.
6454.9  37253.33
6457.5  36413.64
6460.1  37267.69
6462.7  38328.95
6465.3  37605.96
6467.9  37771.26
6470.5  38474.59
6473.1  38467.88
6475.7  38130.29
6478.3  38399.
6480.9  38177.92
6483.5  38513.16
6486.1  38499.39
6488.7  37413.62
6491.3  35513.35
6493.9  35344.62
6496.5  36474.02
6499.1  36848.38
6501.7  37521.22
6504.3  38290.13
6506.9  38242.14
6509.5  38417.62
6512.1  38343.11
6514.7  37975.4
6517.3  37820.27
6519.9  38438.01
6522.5  38091.55
6525.1  37578.5
6527.7  38000.95
6530.3  37857.94
6532.9  38346.34
6535.5  38076.94
6538.1  37967.12
6540.7  37868.57
6543.3  37484.46
6545.9  37427.27
6548.5  37255.94
6551.1  36980.93
6553.7  36067.05
6556.3  34596.18
6558.9  31828.18
6561.5  31889.05
6564.1  32260.88
6566.7  33846.77
6569.3  34878.98
6571.9  35903.61
6574.5  36569.69
6577.1  36980.57
6579.7  37511.1
6582.3  37829.02
6584.9  37709.18
6587.5  37015.36
6590.1  36674.91
6592.7  36907.6
6595.3  37259.03
6597.9  37517.86
6600.5  37847.81
6603.1  37475.82
6605.7  37809.84
6608.3  37816.36
6610.9  37773.38
6613.5  38120.57
6616.1  38018.33
6618.7  38500.95
6621.3  38483.99
6623.9  38050.12
6626.5  37899.79
6629.1  37586.36
6631.7  37385.75
6634.3  37391.3
6636.9  37734.24
6639.5  37978.29
6642.1  38392.07
6644.7  38366.54
6647.3  37902.89
6649.9  37856.15
6652.5  38250.77
6655.1  38092.32
6657.7  38209.62
6660.3  37656.76
6662.9  37913.7
6665.5  37884.4
6668.1  38199.81
6670.7  38310.3
6673.3  37855.57
6675.9  37985.71
6678.5  38011.54
6681.1  38166.07
6683.7  38389.8
6686.3  38390.01
6688.9  38571.58
6691.5  38298.65
6694.1  38053.52
6696.7  38344.56
6699.3  37894.48
6701.9  37690.91
6704.5  37203.13
6707.1  37421.82
6709.7  37766.71
6712.3  36436.7
6714.9  36906.75
6717.5  37325.64
6720.1  37566.75
6722.7  37170.96
6725.3  37810.84
6727.9  37762.98
6730.5  37901.7
6733.1  37959.06
6735.7  37777.92
6738.3  37747.77
6740.9  38191.63
6743.5  37855.87
6746.1  37697.61
6748.7  37545.77
6751.3  37304.96
6753.9  37240.78
6756.5  37758.55
6759.1  37982.68
6761.7  37531.61
6764.3  37450.29
6766.9  37575.46
6769.5  37493.26
6772.1  37994.07
6774.7  37889.09
6777.3  38135.44
6779.9  37335.96
6782.5  37625.25
6785.1  38207.37
6787.7  37290.04
6790.3  37625.98
6792.9  37936.76
6795.5  37623.08
6798.1  37792.99
6800.7  37772.66
6803.3  37263.39
6805.9  37350.44
6808.5  37584.94
6811.1  37138.13
6813.7  37641.09
6816.3  38029.26
6818.9  37391.47
6821.5  36961.
6824.1  37406.49
6826.7  37356.73
6829.3  37953.09
6831.9  37459.26
6834.5  36655.96
6837.1  36201.67
6839.7  36433.96
6842.3  36328.53
6844.9  36817.3
6847.5  36979.95
6850.1  36733.92
6852.7  36770.12
6855.3  36589.45
6857.9  36129.52
6860.5  35873.41
6863.1  33093.41
6865.7  30261.35
6868.3  29414.22
6870.9  29107.51
6873.5  30362.82
6876.1  32333.
6878.7  33103.01
6881.3  33661.8
6883.9  33446.52
6886.5  33018.01
6889.1  32831.99
6891.7  33174.
6894.3  33528.66
6896.9  33260.73
6899.5  34045.07
6902.1  34388.79
6904.7  34956.05
6907.3  34703.12
6909.9  34689.28
6912.5  34904.11
6915.1  34799.11
6917.7  35593.48
6920.3  35212.46
6922.9  35766.45
6925.5  36317.08
6928.1  36153.25
6930.7  36213.
6933.3  36229.43
6935.9  35955.12
6938.5  36126.62
6941.1  35959.68
6943.7  35837.63
6946.3  36268.77
6948.9  36251.07
6951.5  36563.51
6954.1  36430.15
6956.7  36491.78
6959.3  36654.65
6961.9  36830.77
6964.5  36658.18
6967.1  36744.16
6969.7  36313.42
6972.3  36013.07
6974.9  35519.31
6977.5  35554.54
6980.1  35848.75
6982.7  35920.6
6985.3  36304.79
6987.9  36749.41
6990.5  36416.91
6993.1  36809.61
6995.7  36076.24
6998.3  35891.65
7000.9  36017.64
7003.5  35582.69
7006.1  35731.59
7008.7  35552.69
7011.3  35171.87
7013.9  36025.46
7016.5  35539.47
7019.1  35282.09
7021.7  35363.11
7024.3  35908.06
7026.9  35932.79
7029.5  36164.02
7032.1  35724.42
7034.7  35899.92
7037.3  35925.41
7039.9  35922.36
7042.5  35809.05
7045.1  36194.27
7047.7  36045.98
7050.3  35468.21
7052.9  35483.48
7055.5  35648.
7058.1  35543.38
7060.7  35775.78
7063.3  35542.41
7065.9  35468.22
7068.5  35535.83
7071.1  35735.75
7073.7  36030.35
7076.3  35718.
7078.9  35336.3
7081.5  35089.87
7084.1  35122.52
7086.7  35039.38
7089.3  35010.42
7091.9  35049.44
7094.5  35337.48
7097.1  35581.48
7099.7  35956.28
7102.3  35392.17
7104.9  35310.31
7107.5  34852.07
7110.1  35249.89
7112.7  35018.21
7115.3  34997.32
7117.9  34606.05
7120.5  34992.95
7123.1  35236.21
7125.7  34729.79
7128.3  34805.33
7130.9  34667.02
7133.5  34982.33
7136.1  34922.48
7138.7  34959.61
7141.3  35099.76
7143.9  34502.55
7146.5  34463.18
7149.1  34549.72
7151.7  34210.51
7154.3  34604.8
7156.9  34641.93
7159.5  34859.93
7162.1  33771.64
7164.7  34459.74
7167.3  34025.07
7169.9  34102.63
7172.5  34336.59
7175.1  33956.11
7177.7  33544.04
7180.3  33175.8
7182.9  32973.15
7185.5  32877.18
7188.1  32742.96
7190.7  32775.22
7193.3  32944.46
7195.9  33068.66
7198.5  33262.29
7201.1  33045.49
7203.7  33104.58
7206.3  33104.26
7208.9  33319.16
7211.5  33849.11
7214.1  33653.59
7216.7  33159.9
7219.3  33181.58
7221.9  33325.31
7224.5  33569.34
7227.1  33452.98
7229.7  33547.93
7232.3  33354.61
7234.9  33822.28
7237.5  33580.12
7240.1  33565.45
7242.7  33210.77
7245.3  33156.34
7247.9  33408.79
7250.5  33423.18
7253.1  33342.39
7255.7  33648.72
7258.3  33403.98
7260.9  33081.1
7263.5  33215.71
7266.1  33538.64
7268.7  33512.94
7271.3  33051.32
7273.9  33255.03
7276.5  33544.55
7279.1  32674.53
7281.7  32971.54
7284.3  32443.27
7286.9  31515.13
7289.5  31998.45
7292.1  31935.66
7294.7  32856.91
7297.3  32762.09
7299.9  33232.34
7302.5  32806.12
7305.1  32740.99
7307.7  32392.35
7310.3  32496.14
7312.9  32660.09
7315.5  32835.15
7318.1  32689.32
7320.7  32620.86
7323.3  32700.31
7325.9  32344.12
7328.5  31929.69
7331.1  32064.78
7333.7  32437.25
7336.3  33042.66
7338.9  33185.12
7341.5  33020.45
7344.1  32544.63
7346.7  32055.1
7349.3  31969.78
7351.9  31946.86
7354.5  31903.21
7357.1  32064.32
7359.7  32121.57
7362.3  31854.32
7364.9  32264.13
7367.5  32164.76
7370.1  32595.21
7372.7  32220.76
7375.3  32151.26
7377.9  32266.91
7380.5  31672.19
7383.1  31672.56
7385.7  31505.12
7388.3  31177.12
7390.9  31623.84
7393.5  31640.37
7396.1  31129.96
7398.7  31601.51
7401.3  31928.32
7403.9  31380.35
7406.5  30685.73
7409.1  30877.23
7411.7  30846.33
7414.3  31061.5
7416.9  30704.15
7419.5  30832.22
7422.1  31162.19
7424.7  31290.04
7427.3  31381.03
7429.9  31254.52
7432.5  31648.3
7435.1  31597.29
7437.7  31477.15
7440.3  31290.19
7442.9  30551.96
7445.5  30931.78
7448.1  31410.17
7450.7  31236.47
7453.3  31501.04
7455.9  31503.6
7458.5  31059.13
7461.1  31187.87
7463.7  31028.2
7466.3  31177.78
7468.9  31235.58
7471.5  31327.13
7474.1  31267.06
7476.7  31008.52
7479.3  31211.44
7481.9  31237.07
7484.5  31274.62
7487.1  31002.65
7489.7  30659.74
7492.3  30683.58
7494.9  30878.2
7497.5  31022.03
7500.1  30590.28
7502.7  30388.11
7505.3  30174.52
7507.9  30259.3
7510.5  30500.89
7513.1  30432.88
7515.7  31016.66
7518.3  30490.4
7520.9  30516.63
7523.5  30461.48
7526.1  30705.69
7528.7  30534.61
7531.3  30517.02
7533.9  30679.53
7536.5  30697.29
7539.1  30601.74
7541.7  30726.24
7544.3  30293.62
7546.9  30108.16
7549.5  30173.21
7552.1  30218.51
7554.7  30487.42
7557.3  30085.02
7559.9  29946.9
7562.5  29918.84
7565.1  30109.77
7567.7  30291.52
7570.3  29773.24
7572.9  29887.68
7575.5  29543.14
7578.1  29744.83
7580.7  29429.1
7583.3  29665.24
7585.9  29120.77
7588.5  27549.88
7591.1  23024.93
7593.7  18780.88
7596.3  14456.99
7598.9  11154.2
7601.5  9260.446
7604.1  9030.952
7606.7  10088.95
7609.3  12173.28
7611.9  15763.26
7614.5  19167.72
7617.1  19931.65
7619.7  19166.07
7622.3  18136.79
7624.9  16654.71
7627.5  15933.1
7630.1  16238.18
7632.7  16868.48
7635.3  17206.55
7637.9  17984.32
7640.5  19308.82
7643.1  19744.76
7645.7  20646.98
7648.3  21609.06
7650.9  21989.11
7653.5  22384.03
7656.1  22875.14
7658.7  23724.58
7661.3  23906.18
7663.9  24400.8
7666.5  25166.49
7669.1  26449.
7671.7  26876.01
7674.3  27144.73
7676.9  27272.94
7679.5  27721.81
7682.1  27614.42
7684.7  27400.15
7687.3  27623.3
7689.9  27782.48
7692.5  27813.13
7695.1  27466.5
7697.7  27671.65
7700.3  28028.53
7702.9  27818.88
7705.5  27496.54
7708.1  27580.06
7710.7  27066.26
7713.3  27768.14
7715.9  27756.6
7718.5  27366.46
7721.1  27434.66
7723.7  27426.53
7726.3  27537.09
7728.9  27883.16
7731.5  27957.01
7734.1  28022.25
7736.7  28109.54
7739.3  27196.96
7741.9  27051.68
7744.5  26876.98
7747.1  27262.5
7749.7  28040.6
7752.3  27509.08
7754.9  27386.27
7757.5  27661.3
7760.1  27414.74
7762.7  27812.25
7765.3  27992.11
7767.9  27397.64
7770.5  26765.79
7773.1  27036.59
7775.7  26871.92
7778.3  26927.62
7780.9  27160.29
7783.5  27064.54
7786.1  27224.62
7788.7  27015.
7791.3  26989.5
7793.9  27174.08
7796.5  26851.17
7799.1  26846.74
7801.7  26898.49
7804.3  26972.85
7806.9  27067.
7809.5  27090.14
7812.1  27005.35
7814.7  27072.95
7817.3  26986.99
7819.9  27230.25
7822.5  27564.31
7825.1  27063.1
7827.7  26608.48
7830.3  26318.87
7832.9  26501.16
7835.5  26397.62
7838.1  26505.69
7840.7  26694.7
7843.3  26753.7
7845.9  26229.43
7848.5  26513.25
7851.1  26510.12
7853.7  26823.23
7856.3  27078.59
7858.9  26437.34
7861.5  26744.43
7864.1  26428.19
7866.7  26343.46
7869.3  26594.93
7871.9  26180.63
7874.5  26586.92
7877.1  25921.66
7879.7  26247.23
7882.3  26728.71
7884.9  26331.56
7887.5  26186.3
7890.1  26257.13
7892.7  26101.69
7895.3  25970.93
7897.9  26081.25
7900.5  26222.33
7903.1  25761.52
7905.7  25775.56
7908.3  25922.
7910.9  25523.39
7913.5  25607.28
7916.1  25866.48
7918.7  25391.25
7921.3  25099.4
7923.9  25413.25
7926.5  25468.71
7929.1  24670.44
7931.7  24892.87
7934.3  25266.37
7936.9  24636.97
7939.5  24676.5
7942.1  24731.02
7944.7  24887.16
7947.3  24872.43
7949.9  24582.96
7952.5  25534.77
7955.1  25584.33
7957.7  25226.19
7960.3  25113.33
7962.9  25358.77
7965.5  25528.7
7968.1  25455.5
7970.7  25211.3
7973.3  25156.11
7975.9  25247.04
7978.5  25225.04
7981.1  24839.53
7983.7  25462.34
7986.3  25243.15
7988.9  24686.58
7991.5  24444.13
7994.1  24366.54
7996.7  24442.17
7999.3  24788.09
8001.9  24629.46
8004.5  24898.
8007.1  25051.48
8009.7  24780.45
8012.3  24912.9
8014.9  25258.94
8017.5  24894.52
8020.1  24226.42
8022.7  24144.7
8025.3  24267.52
8027.9  24320.95
8030.5  24316.52
8033.1  24476.31
8035.7  24542.32
8038.3  24658.79
8040.9  24137.07
8043.5  23903.6
8046.1  23591.55
8048.7  23849.92
8051.3  24406.05
8053.9  24181.25
8056.5  24317.64
8059.1  24146.28
8061.7  24494.27
8064.3  24230.48
8066.9  23818.63
8069.5  23726.99
8072.1  24159.65
8074.7  23943.36
8077.3  23886.89
8079.9  23925.56
8082.5  23721.24
8085.1  23368.02
8087.7  23302.9
8090.3  23608.55
8092.9  23876.72
8095.5  23612.76
8098.1  23157.74
8100.7  23587.92
8103.3  23798.85
8105.9  23754.72
8108.5  23694.39
8111.1  23830.23
8113.7  23573.09
8116.3  23490.89
8118.9  23615.64
8121.5  23550.96
8124.1  23569.47
8126.7  23332.01
8129.3  23248.39
8131.9  23093.67
8134.5  22889.78
8137.1  23148.31
8139.7  23344.89
8142.3  23006.8
8144.9  22848.43
8147.5  22922.15
8150.1  22879.85
8152.7  23135.37
8155.3  22960.53
8157.9  22713.09
8160.5  22510.43
8163.1  22686.05
8165.7  22420.38
8168.3  22469.26
8170.9  22737.52
8173.5  22807.69
8176.1  22551.45
8178.7  22168.63
8181.3  22062.98
8183.9  21944.48
8186.5  22337.64
8189.1  22111.6
8191.7  21847.91
8194.3  21927.87
8196.9  21781.53
8199.5  21775.98
8202.1  21975.16
8204.7  22369.92
8207.3  22277.51
8209.9  22302.04
8212.5  22162.71
8215.1  22015.31
8217.7  21766.84
8220.3  21745.92
8222.9  21814.9
8225.5  21573.07
8228.1  21647.67
8230.7  21995.31
8233.3  22083.83
8235.9  22042.4
8238.5  21832.75
8241.1  21855.87
8243.7  21883.16
8246.3  22120.07
8248.9  22095.32
8251.5  21913.72
8254.1  21611.12
8256.7  21683.62
8259.3  21807.74
8261.9  22332.13
8264.5  22444.38
8267.1  22061.22
8269.7  21875.81
8272.3  21937.12
8274.9  21301.88
8277.5  21277.79
8280.1  21565.93
8282.7  21668.16
8285.3  21737.52
8287.9  21699.71
8290.5  21715.91
8293.1  21467.34
8295.7  21465.38
8298.3  21817.03
8300.9  21575.38
8303.5  21537.4
8306.1  21060.8
8308.7  21246.79
8311.3  21170.04
8313.9  21706.89
8316.5  21457.35
8319.1  21835.69
8321.7  21236.3
8324.3  20992.16
8326.9  20943.4
8329.5  20656.65
8332.1  20287.22
8334.7  20683.54
8337.3  20902.04
8339.9  20981.26
8342.5  21124.34
8345.1  21078.5
8347.7  20714.47
8350.3  20612.03
8352.9  20836.79
8355.5  20855.84
8358.1  20769.78
8360.7  20897.06
8363.3  21274.55
8365.9  21489.1
8368.5  21151.31
8371.1  21141.14
8373.7  20979.85
8376.3  20853.96
8378.9  20976.06
8381.5  20436.6
8384.1  20623.76
8386.7  20592.87
8389.3  20656.5
8391.9  20972.55
8394.5  20507.26
8397.1  20242.69
8399.7  20972.15
8402.3  20893.94
8404.9  20734.79
8407.5  21073.5
8410.1  20867.28
8412.7  20825.04
8415.3  20502.79
8417.9  20313.7
8420.5  20283.6
8423.1  20842.56
8425.7  20843.04
8428.3  20512.73
8430.9  20507.72
8433.5  20552.17
8436.1  20002.08
8438.7  20356.53
8441.3  20190.76
8443.9  20096.23
8446.5  20447.01
8449.1  20579.44
8451.7  20195.5
8454.3  20206.61
8456.9  20672.11
8459.5  20547.25
8462.1  19887.84
8464.7  20288.6
8467.3  19965.34
8469.9  19627.07
8472.5  19561.71
8475.1  20195.34
8477.7  20491.87
8480.3  20159.08
8482.9  20333.18
8485.5  20423.67
8488.1  20254.08
8490.7  19802.11
8493.3  19078.9
8495.9  18426.48
8498.5  18553.71
8501.1  19167.08
8503.7  19514.79
8506.3  19798.17
8508.9  19574.92
8511.5  19356.2
8514.1  19554.45
8516.7  19434.98
8519.3  19707.22
8521.9  19930.68
8524.5  19997.
8527.1  19986.25
8529.7  19536.91
8532.3  18831.84
8534.9  17853.8
8537.5  16440.31
8540.1  15694.08
8542.7  16057.95
8545.3  17029.7
8547.9  18377.17
8550.5  18782.25
8553.1  18973.71
8555.7  19231.71
8558.3  19394.85
8560.9  19529.81
8563.5  19450.12
8566.1  19670.1
8568.7  19896.55
8571.3  19798.44
8573.9  19593.21
8576.5  19913.93
8579.1  19579.03
8581.7  19475.71
8584.3  19393.1
8586.9  19131.56
8589.5  19209.91
8592.1  19407.42
8594.7  19447.69
8597.3  19115.38
8599.9  19591.83
8602.5  19161.34
8605.1  19165.94
8607.7  18728.29
8610.3  18723.74
8612.9  18752.42
8615.5  19078.7
8618.1  19191.79
8620.7  19537.15
8623.3  19680.06
8625.9  19663.85
8628.5  19751.95
8631.1  19266.35
8633.7  18975.5
8636.3  19027.09
8638.9  18925.04
8641.5  19061.14
8644.1  18737.93
8646.7  18931.38
8649.3  19037.15
8651.9  18645.65
8654.5  18047.05
8657.1  16570.21
8659.7  15631.15
8662.3  16037.14
8664.9  16617.87
8667.5  17164.51
8670.1  17905.02
8672.7  18184.54
8675.3  18212.06
8677.9  18479.02
8680.5  18439.79
8683.1  18436.04
8685.7  18371.1
8688.3  18705.18
8690.9  18895.7
8693.5  18620.34
8696.1  18509.65
8698.7  18334.54
8701.3  18418.26
8703.9  18490.28
8706.5  18593.49
8709.1  18769.23
8711.7  18660.8
8714.3  18787.22
8716.9  18773.27
8719.5  18941.27
8722.1  18639.27
8724.7  18583.1
8727.3  18318.14
8729.9  18386.72
8732.5  18485.75
8735.1  18208.75
8737.7  18115.31
8740.3  17966.64
8742.9  17894.79
8745.5  17842.48
8748.1  17888.1
8750.7  17901.5
8753.3  18155.54
8755.9  18280.05
8758.5  17806.77
8761.1  17860.79
8763.7  17397.47
8766.3  17595.87
8768.9  17686.5
8771.5  18276.79
8774.1  18009.35
8776.7  18133.78
8779.3  18129.2
8781.9  18064.64
8784.5  17911.65
8787.1  17749.26
8789.7  17601.7
8792.3  17720.49
8794.9  17893.71
8797.5  17848.72
8800.1  17603.63
8802.7  17499.21
8805.3  17215.1
8807.9  17461.06
8810.5  17715.56
8813.1  17614.38
8815.7  17523.81
8818.3  17898.55
8820.9  18024.12
8823.5  17805.76
8826.1  17992.44
8828.7  17663.59
8831.3  17105.13
8833.9  17469.43
8836.5  17372.78
8839.1  17307.25
8841.7  17129.31
8844.3  17074.36
8846.9  17637.44
8849.5  17396.36
8852.1  17546.77
8854.7  17487.16
8857.3  17105.66
8859.9  16349.76
8862.5  15962.5
8865.1  16074.46
8867.7  16290.95
8870.3  16670.07
8872.9  16924.24
8875.5  17295.81
8878.1  17312.08
8880.7  17408.95
8883.3  17139.07
8885.9  16960.15
8888.5  17037.94
8891.1  16592.52
8893.7  16914.67
8896.3  17591.03
8898.9  17312.16
8901.5  17321.62
8904.1  17518.18
8906.7  16601.26
8909.3  16425.58
8911.9  16895.32
8914.5  16334.2
8917.1  15964.03
8919.7  16298.79
8922.3  15997.46
8924.9  15580.71
8927.5  15679.52
8930.1  16023.6
8932.7  16166.92
8935.3  16505.63
8937.9  16607.63
8940.5  16427.13
8943.1  16343.65
8945.7  16182.79
8948.3  16193.98
8950.9  15847.5
8953.5  15866.56
8956.1  15753.81
8958.7  15892.52
8961.3  15618.47
8963.9  15664.28
8966.5  16062.86
8969.1  15970.08
8971.7  15790.64
8974.3  15416.32
8976.9  15544.24
8979.5  16169.72
8982.1  16063.2
8984.7  15649.46
8987.3  15492.99
8989.9  15350.36
8992.5  14966.87
8995.1  15428.6
8997.7  15439.43
9000.3  15352.79
9002.9  15143.34
9005.5  14878.33
9008.1  14844.87
9010.7  14335.71
9013.3  13950.41
9015.9  14143.98
9018.5  14830.66
9021.1  14747.33
9023.7  15159.22
9026.3  15651.16
9028.9  15472.54
9031.5  15875.12
9034.1  15384.05
9036.7  15358.96
9039.3  15254.72
9041.9  15314.84
9044.5  15713.72
9047.1  16007.93
9049.7  15969.9
9052.3  15479.89
9054.9  15399.99
9057.5  15189.94
9060.1  14748.39
9062.7  14606.05
9065.3  14738.95
9067.9  14782.43
9070.5  15060.35
9073.1  15116.19
9075.7  15121.59
9078.3  14968.6
9080.9  14966.06
9083.5  14627.08
9086.1  14159.51
9088.7  14130.64
9091.3  14186.84
9093.9  14425.35
9096.5  14603.08
9099.1  14806.14
9101.7  14989.45
9104.3  15271.56
9106.9  14736.36
9109.5  14454.76
9112.1  14384.18
9114.7  14325.19
9117.3  14376.01
9119.9  14737.61
9122.5  15162.26
9125.1  15241.4
9127.7  15005.23
9130.3  14985.41
9132.9  14913.
9135.5  14601.51
9138.1  14697.07
9140.7  14469.54
9143.3  14564.08
9145.9  14882.61
9148.5  14994.5
9151.1  14865.65
9153.7  14816.88
9156.3  14675.74
9158.9  14670.19
9161.5  14446.26
9164.1  14448.83
9166.7  14592.29
9169.3  14582.3
9171.9  14770.09
9174.5  14817.77
9177.1  14643.07
9179.7  14565.25
9182.3  14473.51
9184.9  14068.38
9187.5  14077.74
9190.1  14332.11
9192.7  14307.15
9195.3  14441.1
9197.9  14788.26
9200.5  14760.21
9203.1  14301.24
9205.7  14004.19
9208.3  13853.27
9210.9  13751.93
9213.5  13734.39
9216.1  14005.37
9218.7  14287.93
9221.3  14142.39
9223.9  13802.05
9226.5  13660.68
9229.1  13579.95
9231.7  13405.5
9234.3  13480.11
9236.9  13513.27
9239.5  13735.23
9242.1  13932.85
9244.7  13995.16
9247.3  14088.93
9249.9  13887.09
9252.5  13631.46
9255.1  13312.97
9257.7  13385.56
9260.3  13597.41
9262.9  14022.65
9265.5  14178.1
9268.1  14332.54
9270.7  14056.41
9273.3  13894.3
9275.9  13800.41
9278.5  13695.17
9281.1  13575.33
9283.7  13761.01
9286.3  13704.17
9288.9  13755.72
9291.5  13925.22
9294.1  13663.1
9296.7  13714.78
9299.3  13421.31
9301.9  12664.78
9304.5  12623.85
9307.1  12530.76
9309.7  12399.2
9312.3  12490.59
9314.9  13201.78
9317.5  12975.22
9320.1  12772.71
9322.7  12780.7
9325.3  12678.46
9327.9  11927.56
9330.5  12073.77
9333.1  12200.04
9335.7  12457.82
9338.3  11766.27
9340.9  11655.16
9343.5  12224.24
9346.1  12575.08
9348.7  12162.99
9351.3  11797.44
9353.9  11396.53
9356.5  11827.83
9359.1  11952.52
9361.7  12369.79
9364.3  12078.12
9366.9  11677.74
9369.5  11335.53
9372.1  11222.75
9374.7  10937.71
9377.3  11064.67
9379.9  10493.63
9382.5  11759.42
9385.1  12396.24
9387.7  12895.42
9390.3  12908.31
9392.9  12856.19
9395.5  12560.26
9398.1  12323.52
9400.7  11766.03
9403.3  11765.61
9405.9  11854.
9408.5  11994.33
9411.1  12335.82
9413.7  12164.01
9416.3  12209.34
9418.9  11952.39
9421.5  11804.83
9424.1  11149.79
9426.7  11178.35
9429.3  11570.17
9431.9  12167.48
9434.5  12161.12
9437.1  12096.86
9439.7  12025.39
9442.3  11714.31
9444.9  11138.98
9447.5  11358.47
9450.1  11673.76
9452.7  11451.34
9455.3  11473.88
9457.9  11474.93
9460.5  11514.16
9463.1  11824.62
9465.7  11603.01
9468.3  11796.57
9470.9  11107.8
9473.5  10440.91
9476.1  10015.83
9478.7  10073.4
9481.3  10748.51
9483.9  11767.79
9486.5  11732.38
9489.1  11409.17
9491.7  11179.76
9494.3  11063.7
9496.9  10581.56
9499.5  10040.69
9502.1  10419.16
9504.7  10691.24
9507.3  10801.38
9509.9  10908.1
9512.5  11013.
9515.1  10942.38
9517.7  10642.84
9520.3  10176.19
9522.9  9800.686
9525.5  9622.474
9528.1  10209.24
9530.7  10265.09
9533.3  10836.96
9535.9  10762.66
9538.5  10363.74
9541.1  10177.45
9543.7  9984.147
9546.3  9498.029
9548.9  9716.796
9551.5  9612.114
9554.1  9807.843
9556.7  10103.55
9559.3  10552.52
9561.9  11216.96
9564.5  10490.42
9567.1  10817.73
9569.7  10707.39
9572.3  10352.36
9574.9  10074.78
9577.5  9977.283
9580.1  9826.939
9582.7  10124.54
9585.3  10176.96
9587.9  10441.55
9590.5  10554.62
9593.1  10493.74
9595.7  10536.67
9598.3  10471.52
9600.9  10279.
9603.5  9902.34
9606.1  10051.21
9608.7  9762.771
9611.3  10199.22
9613.9  10190.1
9616.5  10158.03
9619.1  10038.87
9621.7  9992.877
9624.3  10197.
9626.9  10019.55
9629.5  9736.355
9632.1  9759.881
9634.7  9427.229
9637.3  9244.315
9639.9  9288.722
9642.5  9434.823
9645.1  9336.481
9647.7  9401.617
9650.3  9398.372
9652.9  9755.399
9655.5  9805.5
9658.1  9615.369
9660.7  9498.773
9663.3  9171.459
9665.9  9120.295
9668.5  9206.922
9671.1  9273.63
9673.7  9383.279
9676.3  9305.178
9678.9  9472.087
9681.5  9668.341
9684.1  9698.992
9686.7  9716.51
9689.3  9155.034
9691.9  9123.775
9694.5  9102.624
9697.1  8993.139
9699.7  9480.978
9702.3  9108.089
9704.9  9178.102
9707.5  9210.285
9710.1  9301.605
9712.7  9155.365
9715.3  8859.431
9717.9  9021.933
9720.5  8991.534
9723.1  8739.013
9725.7  8907.863
9728.3  8523.235
9730.9  8766.131
9733.5  8426.982
9736.1  8511.745
9738.7  8528.42
9741.3  8408.786
9743.9  8749.496
9746.5  8744.834
9749.1  8877.795
9751.7  8557.552
9754.3  8469.252
9756.9  8513.453
9759.5  8234.187
9762.1  8148.674
9764.7  8027.703
9767.3  7958.114
9769.9  7869.305
9772.5  7843.96
9775.1  8084.03
9777.7  8181.623
9780.3  8111.327
9782.9  8038.02
9785.5  7206.26
9788.1  6839.533
9790.7  7266.064
9793.3  7514.196
9795.9  7391.365
9798.5  8018.937
9801.1  7977.302
9803.7  7690.658
9806.3  7608.763
9808.9  7544.271
9811.5  7548.096
9814.1  7473.503
9816.7  7328.315
9819.3  7377.92
9821.9  7249.585
9824.5  7269.64
9827.1  7139.176
9829.7  7301.01
9832.3  7167.513
9834.9  7210.044
9837.5  7220.767
9840.1  6980.913
9842.7  6949.397
9845.3  6809.122
9847.9  6654.175
9850.5  6759.846
9853.1  6734.967
9855.7  6839.001
9858.3  6757.157
9860.9  6862.294
9863.5  6978.524
9866.1  7071.347
9868.7  7532.488
9871.3  7456.141
9873.9  7093.946
9876.5  6954.8
9879.1  6856.199
9881.7  6493.627
9884.3  6232.045
9886.9  6232.222
9889.5  5997.822
9892.1  6265.279
9894.7  6708.317
9897.3  6700.424
9899.9  6655.731
9902.5  6891.619
9905.1  6535.992
9907.7  6194.009
9910.3  6230.637
9912.9  6180.155
9915.5  5812.862
9918.1  5854.78
9920.7  6201.49
9923.3  6432.498
9925.9  6319.714
9928.5  6375.17
9931.1  6363.436
9933.7  6310.785
9936.3  6180.376
9938.9  6247.721
9941.5  6152.485
9944.1  5969.5
9946.7  5725.885
9949.3  5753.569
9951.9  5552.343
9954.5  5313.078
9957.1  5010.587
9959.7  5222.192
9962.3  5524.74
9964.9  5364.954
9967.5  5498.575
9970.1  5473.439
9972.7  5593.977
9975.3  5780.238
9977.9  5681.113
9980.5  5465.781
9983.1  5506.99
9985.7  5616.626
9988.3  5605.464
9990.9  5498.205
9993.5  5371.444
9996.1  5429.071
