3501.3  47.40016
3503.9  47.03312
3506.5  26.08763
3509.1  27.75587
3511.7  20.21066
3514.3  47.3525
3516.9  67.05794
3519.5  77.74949
3522.1  48.4324
3524.7  15.86145
3527.3  23.42588
3529.9  -5.595896
3532.5  48.41542
3535.1  101.8919
3537.7  25.22739
3540.3  27.8939
3542.9  47.05082
3545.5  36.95111
3548.1  44.70857
3550.7  28.37557
3553.3  37.91351
3555.9  45.19672
3558.5  44.20887
3561.1  35.20372
3563.7  47.42418
3566.3  29.5284
3568.9  46.24812
3571.5  42.35402
3574.1  16.96386
3576.7  34.03821
3579.3  24.02952
3581.9  35.87185
3584.5  21.42248
3587.1  49.14533
3589.7  30.91293
3592.3  32.75955
3594.9  29.78036
3597.5  25.04126
3600.1  19.24831
3602.7  25.50585
3605.3  27.15892
3607.9  10.4727
3610.5  53.33143
3613.1  32.03196
3615.7  23.13666
3618.3  54.82222
3620.9  16.23335
3623.5  34.39957
3626.1  8.993144
3628.7  -14.52606
3631.3  26.7997
3633.9  64.0221
3636.5  64.40288
3639.1  28.68025
3641.7  27.63581
3644.3  9.036424
3646.9  -11.24169
3649.5  43.23625
3652.1  -6.206243
3654.7  40.43716
3657.3  66.26078
3659.9  34.09558
3662.5  36.74767
3665.1  40.03825
3667.7  36.65196
3670.3  34.29867
3672.9  26.65392
3675.5  17.16286
3678.1  37.20092
3680.7  50.14704
3683.3  84.14299
3685.9  7.99669
3688.5  71.05521
3691.1  45.58501
3693.7  6.366611
3696.3  16.93376
3698.9  8.62375
3701.5  51.21552
3704.1  31.39528
3706.7  -48.37571
3709.3  29.32223
3711.9  35.35289
3714.5  17.4607
3717.1  71.56316
3719.7  27.05925
3722.3  14.4486
3724.9  -21.40789
3727.5  53.2411
3730.1  48.02002
3732.7  44.67624
3735.3  46.32074
3737.9  59.60099
3740.5  -5.835515
3743.1  4.182316
3745.7  41.41784
3748.3  29.82556
3750.9  19.74773
3753.5  -9.106247
3756.1  31.16624
3758.7  49.85209
3761.3  -9.602627
3763.9  -10.29576
3766.5  55.6921
3769.1  36.7301
3771.7  46.92833
3774.3  28.17637
3776.9  9.815034
3779.5  33.54798
3782.1  17.71698
3784.7  34.59374
3787.3  31.05359
3789.9  38.30977
3792.5  36.94356
3795.1  18.46162
3797.7  28.22133
3800.3  33.90861
3802.9  35.24966
3805.5  9.302258
3808.1  22.75664
3810.7  16.57204
3813.3  21.75201
3815.9  26.16424
3818.5  67.58906
3821.1  16.45073
3823.7  44.5123
3826.3  23.68568
3828.9  -15.99427
3831.5  59.56719
3834.1  48.04199
3836.7  24.24675
3839.3  4.49012
3841.9  20.28628
3844.5  25.06352
3847.1  13.95842
3849.7  61.16308
3852.3  10.78538
3854.9  23.01501
3857.5  60.30549
3860.1  30.34296
3862.7  49.94769
3865.3  65.53979
3867.9  11.76871
3870.5  -13.18887
3873.1  24.13516
3875.7  67.86358
3878.3  49.19331
3880.9  34.88749
3883.5  49.92003
3886.1  61.5996
3888.7  57.7612
3891.3  16.3853
3893.9  54.6553
3896.5  27.77791
3899.1  6.904132
3901.7  -4.036525
3904.3  18.72723
3906.9  10.56557
3909.5  18.01401
3912.1  12.36147
3914.7  28.35865
3917.3  42.56018
3919.9  28.33324
3922.5  39.79577
3925.1  39.75501
3927.7  39.33364
3930.3  22.82679
3932.9  28.34443
3935.5  37.07208
3938.1  38.7217
3940.7  8.504792
3943.3  11.65327
3945.9  7.955171
3948.5  48.03925
3951.1  -2.244325
3953.7  28.78181
3956.3  33.82851
3958.9  52.23205
3961.5  14.66637
3964.1  38.64243
3966.7  -17.62503
3969.3  32.39394
3971.9  31.6707
3974.5  6.987368
3977.1  -30.20307
3979.7  5.201382
3982.3  3.022331
3984.9  -3.436573
3987.5  -10.65713
3990.1  14.1331
3992.7  32.26677
3995.3  -7.214881
3997.9  16.82775
4000.5  46.48375
4003.1  -2.906699
4005.7  20.70951
4008.3  39.1921
4010.9  65.18397
4013.5  33.75023
4016.1  69.29641
4018.7  13.49944
4021.3  20.61689
4023.9  5.905612
4026.5  5.564124
4029.1  9.756973
4031.7  33.21014
4034.3  38.12294
4036.9  20.59614
4039.5  -0.1538139
4042.1  49.41213
4044.7  28.33864
4047.3  44.62323
4049.9  20.59937
4052.5  27.38141
4055.1  31.22663
4057.7  30.48811
4060.3  16.7813
4062.9  -14.91741
4065.5  49.42327
4068.1  48.67072
4070.7  43.23977
4073.3  -14.21734
4075.9  32.08564
4078.5  25.71092
4081.1  -2.008794
4083.7  -3.961835
4086.3  -10.02238
4088.9  20.03856
4091.5  76.78036
4094.1  70.34892
4096.7  31.6953
4099.3  -14.58099
4101.9  65.2683
4104.5  49.37748
4107.1  30.499
4109.7  58.30868
4112.3  45.37931
4114.9  34.04554
4117.5  10.31392
4120.1  38.45317
4122.7  39.55764
4125.3  23.52986
4127.9  58.47343
4130.5  25.3096
4133.1  2.337316
4135.7  16.79223
4138.3  36.53546
4140.9  17.29699
4143.5  26.95039
4146.1  -7.100877
4148.7  27.09782
4151.3  -5.762303
4153.9  49.4536
4156.5  33.94652
4159.1  35.033
4161.7  2.853735
4164.3  -120.1383
4166.9  -73.63349
4169.5  45.10162
4172.1  14.56242
4174.7  20.84851
4177.3  -29.87024
4179.9  35.39375
4182.5  6.655862
4185.1  41.46619
4187.7  56.78954
4190.3  -17.44112
4192.9  -10.04546
4195.5  1.053287
4198.1  24.18726
4200.7  20.97263
4203.3  27.44285
4205.9  28.61572
4208.5  21.33238
4211.1  10.18651
4213.7  2.059778
4216.3  22.59769
4218.9  -7.657089
4221.5  34.75396
4224.1  73.37321
4226.7  15.28834
4229.3  50.86884
4231.9  57.60501
4234.5  37.90139
4237.1  48.49873
4239.7  27.54313
4242.3  18.184
4244.9  29.68331
4247.5  17.66055
4250.1  -12.67826
4252.7  25.14012
4255.3  40.21067
4257.9  53.87597
4260.5  31.89513
4263.1  21.078
4265.7  77.24035
4268.3  32.39409
4270.9  28.25416
4273.5  29.93937
4276.1  -4.630708
4278.7  59.97584
4281.3  24.78833
4283.9  39.24677
4286.5  31.53713
4289.1  57.32211
4291.7  47.8855
4294.3  13.61201
4296.9  35.93532
4299.5  40.19244
4302.1  43.59146
4304.7  41.80014
4307.3  -2.427989
4309.9  36.95174
4312.5  11.91171
4315.1  19.17826
4317.7  32.38523
4320.3  38.41219
4322.9  35.76414
4325.5  59.20777
4328.1  51.74966
4330.7  19.05219
4333.3  51.79963
4335.9  23.62913
4338.5  0.21997
4341.1  56.14942
4343.7  31.62866
4346.3  83.30628
4348.9  -16.50387
4351.5  52.59327
4354.1  42.52705
4356.7  7.625913
4359.3  33.33321
4361.9  44.0033
4364.5  -1.745693
4367.1  17.16251
4369.7  24.20963
4372.3  48.42461
4374.9  36.17318
4377.5  21.00463
4380.1  36.7646
4382.7  38.57264
4385.3  26.40549
4387.9  50.39124
4390.5  -2.834987
4393.1  71.55279
4395.7  52.57134
4398.3  11.88557
4400.9  8.578544
4403.5  36.34838
4406.1  54.0826
4408.7  53.54622
4411.3  29.30471
4413.9  19.07033
4416.5  37.71748
4419.1  33.8274
4421.7  41.47141
4424.3  8.075459
4426.9  12.62448
4429.5  15.83926
4432.1  56.24328
4434.7  28.09444
4437.3  24.33632
4439.9  37.38507
4442.5  15.92914
4445.1  26.32364
4447.7  54.60294
4450.3  9.338205
4452.9  51.51672
4455.5  45.75232
4458.1  42.34278
4460.7  -1.740496
4463.3  70.8612
4465.9  66.00726
4468.5  29.95915
4471.1  26.81467
4473.7  34.35822
4476.3  25.54843
4478.9  39.45863
4481.5  42.56306
4484.1  35.75402
4486.7  26.44424
4489.3  -7.115306
4491.9  17.77017
4494.5  42.29519
4497.1  44.70779
4499.7  14.43264
4502.3  -0.676282
4504.9  21.15757
4507.5  49.42304
4510.1  34.57671
4512.7  -29.71608
4515.3  9.314695
4517.9  13.38357
4520.5  46.94412
4523.1  40.59545
4525.7  69.05461
4528.3  32.58882
4530.9  29.0953
4533.5  26.84919
4536.1  43.56203
4538.7  40.84396
4541.3  40.16282
4543.9  0.4738978
4546.5  6.025272
4549.1  20.47713
4551.7  3.622269
4554.3  0.6496317
4556.9  17.25226
4559.5  0.4199224
4562.1  38.32584
4564.7  -3.015492
4567.3  39.93739
4569.9  26.62177
4572.5  36.9012
4575.1  28.33243
4577.7  17.09515
4580.3  55.55448
4582.9  20.3165
4585.5  6.583617
4588.1  22.2973
4590.7  -10.76617
4593.3  4.495014
4595.9  35.45871
4598.5  -9.123968
4601.1  -8.301452
4603.7  4.22635
4606.3  -5.579273
4608.9  52.26898
4611.5  40.0432
4614.1  32.67463
4616.7  4.662983
4619.3  27.66014
4621.9  57.30378
4624.5  3.113539
4627.1  63.05864
4629.7  41.13592
4632.3  8.091022
4634.9  48.9585
4637.5  28.74124
4640.1  10.27212
4642.7  47.82152
4645.3  24.79485
4647.9  40.2213
4650.5  48.93332
4653.1  55.11682
4655.7  22.56432
4658.3  27.30565
4660.9  15.64542
4663.5  68.08494
4666.1  22.84215
4668.7  54.61852
4671.3  51.89621
4673.9  54.02543
4676.5  42.8387
4679.1  33.23378
4681.7  39.84272
4684.3  33.30502
4686.9  16.12395
4689.5  53.1472
4692.1  72.97645
4694.7  70.66786
4697.3  110.9252
4699.9  60.90989
4702.5  47.98517
4705.1  122.2282
4707.7  101.6791
4710.3  157.5367
4712.9  114.2828
4715.5  179.5806
4718.1  186.2713
4720.7  201.6238
4723.3  226.7281
4725.9  228.7601
4728.5  264.7448
4731.1  326.3403
4733.7  329.318
4736.3  387.9597
4738.9  466.523
4741.5  478.8882
4744.1  571.9501
4746.7  486.4117
4749.3  648.048
4751.9  683.2759
4754.5  753.3611
4757.1  875.6435
4759.7  847.8157
4762.3  952.8356
4764.9  1130.843
4767.5  1325.606
4770.1  1459.277
4772.7  1528.593
4775.3  1837.393
4777.9  1743.3
4780.5  2349.392
4783.1  2020.204
4785.7  2213.604
4788.3  2420.985
4790.9  2613.374
4793.5  2953.676
4796.1  3058.159
4798.7  2930.068
4801.3  3074.454
4803.9  3138.838
4806.5  3426.841
4809.1  3579.2
4811.7  3727.919
4814.3  4033.379
4816.9  4087.615
4819.5  4596.236
4822.1  4214.041
4824.7  4358.572
4827.3  5024.249
4829.9  4906.845
4832.5  5916.984
4835.1  5937.693
4837.7  5755.461
4840.3  6409.233
4842.9  6357.158
4845.5  7059.241
4848.1  7286.327
4850.7  7176.206
4853.3  6947.83
4855.9  7080.356
4858.5  7037.211
4861.1  7015.21
4863.7  7008.774
4866.3  8330.024
4868.9  8653.163
4871.5  8721.538
4874.1  8848.015
4876.7  9087.55
4879.3  9969.207
4881.9  9978.839
4884.5  10286.69
4887.1  10120.38
4889.7  10230.28
4892.3  10912.93
4894.9  11587.45
4897.5  12248.18
4900.1  11854.43
4902.7  12211.9
4905.3  12143.13
4907.9  12606.78
4910.5  14063.01
4913.1  13299.58
4915.7  13825.29
4918.3  14134.96
4920.9  13842.98
4923.5  14747.55
4926.1  15869.09
4928.7  16908.32
4931.3  16007.17
4933.9  17314.29
4936.5  16180.27
4939.1  18318.19
4941.7  18694.37
4944.3  19374.97
4946.9  20444.01
4949.5  20260.91
4952.1  19701.4
4954.7  19800.21
4957.3  20307.47
4959.9  20174.44
4962.5  20445.29
4965.1  19592.24
4967.7  20809.14
4970.3  21238.62
4972.9  20763.68
4975.5  20427.43
4978.1  21437.03
4980.7  20588.54
4983.3  20462.98
4985.9  20974.33
4988.5  22888.11
4991.1  22305.21
4993.7  23717.11
4996.3  22780.52
4998.9  24273.04
5001.5  24039.81
5004.1  23750.71
5006.7  22793.93
5009.3  22803.68
5011.9  24555.29
5014.5  25701.16
5017.1  24397.3
5019.7  24031.22
5022.3  24027.54
5024.9  26079.96
5027.5  26991.64
5030.1  27367.3
5032.7  27197.84
5035.3  25652.39
5037.9  25611.25
5040.5  26640.63
5043.1  26649.5
5045.7  26061.61
5048.3  25672.58
5050.9  27553.82
5053.5  27169.12
5056.1  27183.78
5058.7  29325.89
5061.3  27870.8
5063.9  28489.78
5066.5  29018.01
5069.1  28074.02
5071.7  28693.69
5074.3  29066.82
5076.9  29327.63
5079.5  29483.34
5082.1  29759.63
5084.7  30096.33
5087.3  31553.28
5089.9  33514.57
5092.5  33419.91
5095.1  33443.12
5097.7  33293.7
5100.3  33056.87
5102.9  31706.61
5105.5  33383.78
5108.1  33826.09
5110.7  32528.75
5113.3  33661.92
5115.9  33339.32
5118.5  34128.59
5121.1  34459.76
5123.7  34540.68
5126.3  32683.73
5128.9  30943.92
5131.5  31369.49
5134.1  32923.45
5136.7  30509.76
5139.3  32381.97
5141.9  32673.56
5144.5  32089.63
5147.1  32728.55
5149.7  32919.07
5152.3  34047.34
5154.9  33670.71
5157.5  34702.72
5160.1  35100.91
5162.7  34808.05
5165.3  32529.18
5167.9  30772.63
5170.5  29738.34
5173.1  31779.58
5175.7  33275.98
5178.3  34492.91
5180.9  34727.63
5183.5  34132.41
5186.1  33279.03
5188.7  33972.96
5191.3  35962.75
5193.9  35635.63
5196.5  36790.78
5199.1  37733.54
5201.7  37446.3
5204.3  38005.24
5206.9  37467.65
5209.5  38679.02
5212.1  36681.97
5214.7  37429.82
5217.3  37912.8
5219.9  38414.48
5222.5  36782.24
5225.1  37688.97
5227.7  36922.86
5230.3  37101.75
5232.9  37087.79
5235.5  38012.55
5238.1  39834.53
5240.7  39773.17
5243.3  41621.55
5245.9  41616.9
5248.5  40973.98
5251.1  41911.28
5253.7  41966.77
5256.3  41699.29
5258.9  42136.18
5261.5  41427.64
5264.1  37339.71
5266.7  37916.02
5269.3  38119.49
5271.9  38709.03
5274.5  40721.33
5277.1  41003.29
5279.7  41788.2
5282.3  43065.26
5284.9  41974.29
5287.5  43369.99
5290.1  43665.75
5292.7  44823.49
5295.3  43566.66
5297.9  41832.28
5300.5  42808.89
5303.1  42575.88
5305.7  43141.68
5308.3  43970.13
5310.9  44132.33
5313.5  44194.83
5316.1  43814.64
5318.7  43511.26
5321.3  41850.56
5323.9  40752.75
5326.5  39456.77
5329.1  40109.02
5331.7  40757.34
5334.3  43951.71
5336.9  43373.71
5339.5  43594.05
5342.1  44128.47
5344.7  43838.47
5347.3  44630.65
5349.9  46798.13
5352.5  48513.32
5355.1  48385.89
5357.7  48391.3
5360.3  50034.05
5362.9  48616.28
5365.5  47303.71
5368.1  46923.63
5370.7  45553.61
5373.3  46750.73
5375.9  49100.93
5378.5  48129.53
5381.1  48331.87
5383.7  49264.49
5386.3  48744.12
5388.9  47845.22
5391.5  48571.62
5394.1  46658.56
5396.7  46481.28
5399.3  46692.51
5401.9  45945.25
5404.5  44472.95
5407.1  44509.62
5409.7  46309.
5412.3  45860.88
5414.9  47201.1
5417.5  48696.36
5420.1  47951.42
5422.7  48878.19
5425.3  48859.73
5427.9  48830.56
5430.5  48642.77
5433.1  48690.15
5435.7  50925.68
5438.3  51254.4
5440.9  51158.43
5443.5  52058.79
5446.1  51305.71
5448.7  50688.26
5451.3  49244.91
5453.9  50867.16
5456.5  49701.37
5459.1  50171.98
5461.7  48933.49
5464.3  49493.46
5466.9  49842.03
5469.5  48974.67
5472.1  48893.85
5474.7  47343.68
5477.3  46663.36
5479.9  45422.7
5482.5  46729.47
5485.1  47312.24
5487.7  46835.57
5490.3  47355.44
5492.9  47831.54
5495.5  46224.44
5498.1  45808.24
5500.7  46413.17
5503.3  44899.04
5505.9  46058.61
5508.5  44004.95
5511.1  44688.91
5513.7  45145.32
5516.3  45473.47
5518.9  47303.58
5521.5  48114.65
5524.1  46854.83
5526.7  47158.32
5529.3  47276.38
5531.9  47910.56
5534.5  48243.66
5537.1  49952.49
5539.7  50848.11
5542.3  50292.29
5544.9  51155.34
5547.5  52658.89
5550.1  54002.81
5552.7  53851.51
5555.3  54562.67
5557.9  54598.05
5560.5  54306.22
5563.1  55336.05
5565.7  54539.52
5568.3  54849.16
5570.9  54101.43
5573.5  53350.73
5576.1  53273.82
5578.7  55491.61
5581.3  56650.09
5583.9  55497.44
5586.5  55668.95
5589.1  53758.2
5591.7  53330.74
5594.3  53569.45
5596.9  52951.29
5599.5  53021.18
5602.1  51940.79
5604.7  53240.2
5607.3  55464.81
5609.9  55587.8
5612.5  55174.46
5615.1  54036.89
5617.7  53365.02
5620.3  53116.96
5622.9  54323.62
5625.5  54989.21
5628.1  55051.82
5630.7  55259.06
5633.3  55432.79
5635.9  55896.41
5638.5  54868.38
5641.1  55295.8
5643.7  57080.39
5646.3  57405.25
5648.9  57869.46
5651.5  56730.62
5654.1  55739.44
5656.7  56544.09
5659.3  56771.92
5661.9  57580.84
5664.5  57009.32
5667.1  58719.92
5669.7  57500.55
5672.3  59746.59
5674.9  60337.17
5677.5  60097.44
5680.1  59692.9
5682.7  58659.26
5685.3  58212.39
5687.9  57740.36
5690.5  58523.41
5693.1  58356.53
5695.7  58664.99
5698.3  59597.11
5700.9  57596.27
5703.5  57342.41
5706.1  56696.21
5708.7  56531.5
5711.3  55951.55
5713.9  56438.19
5716.5  58432.14
5719.1  58558.78
5721.7  59891.39
5724.3  60591.48
5726.9  61640.08
5729.5  61666.68
5732.1  61777.91
5734.7  61128.47
5737.3  60952.44
5739.9  60540.95
5742.5  61060.29
5745.1  60577.81
5747.7  59776.51
5750.3  59720.79
5752.9  58987.66
5755.5  57606.61
5758.1  57365.22
5760.7  57174.34
5763.3  56617.83
5765.9  56835.48
5768.5  56800.43
5771.1  55673.97
5773.7  55612.61
5776.3  54213.18
5778.9  51056.7
5781.5  50949.68
5784.1  49047.28
5786.7  48574.81
5789.3  48375.98
5791.9  48168.53
5794.5  48616.3
5797.1  48312.96
5799.7  46846.5
5802.3  45733.27
5804.9  45173.84
5807.5  45547.1
5810.1  45517.2
5812.7  45038.14
5815.3  45006.6
5817.9  44319.1
5820.5  45375.3
5823.1  45276.2
5825.7  46430.57
5828.3  44093.06
5830.9  45472.09
5833.5  45437.24
5836.1  45332.74
5838.7  44983.5
5841.3  46121.14
5843.9  46642.98
5846.5  46040.27
5849.1  46830.11
5851.7  47221.22
5854.3  47396.7
5856.9  47181.59
5859.5  47932.35
5862.1  49028.36
5864.7  50486.64
5867.3  51662.22
5869.9  52628.55
5872.5  53679.21
5875.1  53800.38
5877.7  55302.68
5880.3  55650.53
5882.9  55509.83
5885.5  53940.44
5888.1  51623.53
5890.7  49258.95
5893.3  48028.75
5895.9  48508.88
5898.5  52084.62
5901.1  52113.35
5903.7  54940.81
5906.3  55438.5
5908.9  54651.44
5911.5  55780.72
5914.1  54569.76
5916.7  55010.54
5919.3  55557.96
5921.9  54634.16
5924.5  53331.51
5927.1  52624.8
5929.7  52256.16
5932.3  52239.51
5934.9  51746.78
5937.5  51789.26
5940.1  52293.61
5942.7  52400.32
5945.3  51472.53
5947.9  50370.2
5950.5  50101.09
5953.1  50291.4
5955.7  49493.78
5958.3  50037.71
5960.9  49758.29
5963.5  50079.3
5966.1  49823.89
5968.7  49404.66
5971.3  49753.18
5973.9  49854.52
5976.5  51422.55
5979.1  51689.81
5981.7  51778.26
5984.3  52271.24
5986.9  52892.
5989.5  53135.07
5992.1  54651.14
5994.7  56140.13
5997.3  56474.07
5999.9  56652.13
6002.5  57940.83
6005.1  59352.4
6007.7  59180.32
6010.3  59927.42
6012.9  60718.81
6015.5  61835.33
6018.1  62396.86
6020.7  63078.7
6023.3  63415.87
6025.9  65127.19
6028.5  66438.15
6031.1  67836.89
6033.7  69542.11
6036.3  69075.96
6038.9  71004.74
6041.5  70480.16
6044.1  69532.14
6046.7  71051.33
6049.3  72040.62
6051.9  71457.94
6054.5  71804.72
6057.1  72214.89
6059.7  71667.11
6062.3  71050.11
6064.9  70627.5
6067.5  70399.23
6070.1  71193.53
6072.7  71811.42
6075.3  71742.3
6077.9  70844.89
6080.5  69595.89
6083.1  70309.79
6085.7  71158.5
6088.3  70271.5
6090.9  70048.28
6093.5  70436.88
6096.1  69353.89
6098.7  69528.26
6101.3  68909.03
6103.9  68915.05
6106.5  69637.59
6109.1  70118.77
6111.7  70804.79
6114.3  70349.13
6116.9  70270.56
6119.5  70813.96
6122.1  70343.97
6124.7  70154.41
6127.3  70279.79
6129.9  70621.18
6132.5  71196.64
6135.1  70455.02
6137.7  69599.76
6140.3  69596.28
6142.9  70396.79
6145.5  72132.61
6148.1  71831.73
6150.7  70180.06
6153.3  70428.81
6155.9  70795.19
6158.5  68702.6
6161.1  67704.2
6163.7  67500.8
6166.3  66631.91
6168.9  67672.19
6171.5  69034.9
6174.1  69645.23
6176.7  70699.
6179.3  70389.75
6181.9  70871.65
6184.5  70954.13
6187.1  70497.95
6189.7  69875.44
6192.3  69981.6
6194.9  72012.06
6197.5  70851.48
6200.1  71669.29
6202.7  71891.23
6205.3  71608.16
6207.9  73016.95
6210.5  72574.86
6213.1  70710.15
6215.7  70804.73
6218.3  70391.99
6220.9  70081.6
6223.5  70446.53
6226.1  71301.42
6228.7  70522.39
6231.3  71191.09
6233.9  71433.88
6236.5  71337.98
6239.1  72456.27
6241.7  71297.48
6244.3  70851.57
6246.9  71013.81
6249.5  70812.52
6252.1  70421.35
6254.7  69981.16
6257.3  70608.5
6259.9  71981.16
6262.5  70966.67
6265.1  72370.5
6267.7  73042.29
6270.3  73610.95
6272.9  72303.13
6275.5  71482.54
6278.1  71068.41
6280.7  68781.27
6283.3  68275.56
6285.9  68959.8
6288.5  69125.14
6291.1  69855.3
6293.7  70536.74
6296.3  68989.22
6298.9  68432.38
6301.5  69035.52
6304.1  68492.82
6306.7  68952.27
6309.3  69127.55
6311.9  68973.46
6314.5  68129.2
6317.1  67820.84
6319.7  67127.46
6322.3  67911.37
6324.9  68943.3
6327.5  69804.39
6330.1  69755.16
6332.7  69073.4
6335.3  68902.04
6337.9  68317.48
6340.5  68458.62
6343.1  69067.03
6345.7  68783.43
6348.3  69238.95
6350.9  69997.66
6353.5  69913.69
6356.1  69469.17
6358.7  68818.81
6361.3  68873.3
6363.9  69912.17
6366.5  70001.26
6369.1  70214.63
6371.7  72635.29
6374.3  72837.99
6376.9  73887.63
6379.5  73150.57
6382.1  73721.81
6384.7  73806.67
6387.3  73711.36
6389.9  74356.54
6392.5  74266.12
6395.1  73846.27
6397.7  74386.63
6400.3  74736.87
6402.9  73669.27
6405.5  74057.98
6408.1  74130.89
6410.7  73407.1
6413.3  74710.66
6415.9  75417.98
6418.5  74782.99
6421.1  74635.29
6423.7  75815.57
6426.3  76633.09
6428.9  76404.35
6431.5  76904.8
6434.1  76269.41
6436.7  75450.69
6439.3  75264.48
6441.9  75715.34
6444.5  76768.09
6447.1  77381.38
6449.7  76111.49
6452.3  75567.62
6454.9  74299.1
6457.5  74363.92
6460.1  74375.68
6462.7  73803.29
6465.3  75095.3
6467.9  75316.39
6470.5  75539.34
6473.1  74763.66
6475.7  75571.17
6478.3  75029.87
6480.9  75898.11
6483.5  76662.53
6486.1  74464.02
6488.7  74262.09
6491.3  73731.66
6493.9  72118.66
6496.5  71638.39
6499.1  72959.78
6501.7  72662.14
6504.3  75734.75
6506.9  77032.57
6509.5  77063.52
6512.1  76332.04
6514.7  77809.73
6517.3  77968.77
6519.9  76726.54
6522.5  76733.84
6525.1  77395.22
6527.7  77172.97
6530.3  78475.28
6532.9  77635.55
6535.5  78993.59
6538.1  79048.02
6540.7  77511.7
6543.3  78391.43
6545.9  78792.27
6548.5  77710.84
6551.1  76865.77
6553.7  75440.39
6556.3  72628.92
6558.9  70573.15
6561.5  65030.64
6564.1  64526.59
6566.7  65878.15
6569.3  69138.05
6571.9  73124.88
6574.5  74882.76
6577.1  76018.61
6579.7  77339.4
6582.3  77961.43
6584.9  78231.99
6587.5  77580.98
6590.1  77586.38
6592.7  77347.71
6595.3  77524.43
6597.9  77558.45
6600.5  77915.27
6603.1  78820.95
6605.7  78872.86
6608.3  78787.64
6610.9  78530.25
6613.5  78481.04
6616.1  78970.64
6618.7  78579.62
6621.3  78890.24
6623.9  79134.16
6626.5  79089.88
6629.1  78095.92
6631.7  77100.53
6634.3  78369.16
6636.9  77889.38
6639.5  77258.69
6642.1  78142.73
6644.7  78316.73
6647.3  79995.66
6649.9  78977.96
6652.5  79185.88
6655.1  78690.44
6657.7  78793.53
6660.3  79607.23
6662.9  78483.3
6665.5  79234.43
6668.1  78997.54
6670.7  79326.52
6673.3  79017.5
6675.9  79155.23
6678.5  79331.98
6681.1  79468.64
6683.7  79121.68
6686.3  80213.74
6688.9  80156.32
6691.5  80302.84
6694.1  80166.94
6696.7  80017.91
6699.3  79182.15
6701.9  78506.81
6704.5  78656.32
6707.1  78760.98
6709.7  78045.89
6712.3  77976.52
6714.9  77701.78
6717.5  77374.73
6720.1  77195.73
6722.7  78057.17
6725.3  78129.72
6727.9  78944.34
6730.5  78688.12
6733.1  78720.38
6735.7  79287.3
6738.3  78511.2
6740.9  77502.3
6743.5  77453.41
6746.1  78379.2
6748.7  77903.56
6751.3  77743.27
6753.9  77971.27
6756.5  77642.97
6759.1  77370.69
6761.7  78754.99
6764.3  77661.62
6766.9  78256.45
6769.5  78967.82
6772.1  78270.92
6774.7  78437.59
6777.3  78211.97
6779.9  78745.94
6782.5  78387.18
6785.1  77876.34
6787.7  78074.66
6790.3  76974.26
6792.9  79525.84
6795.5  78351.33
6798.1  78323.31
6800.7  78405.88
6803.3  78712.09
6805.9  79002.78
6808.5  78652.02
6811.1  78664.93
6813.7  79672.09
6816.3  79329.16
6818.9  79002.19
6821.5  78899.55
6824.1  79290.63
6826.7  79950.95
6829.3  78926.53
6831.9  79121.71
6834.5  79339.23
6837.1  78225.21
6839.7  77053.48
6842.3  76832.88
6844.9  77229.52
6847.5  77940.84
6850.1  78445.84
6852.7  78295.79
6855.3  78079.13
6857.9  77183.57
6860.5  77438.53
6863.1  76413.73
6865.7  73633.73
6868.3  70292.73
6870.9  65160.94
6873.5  63266.51
6876.1  64396.88
6878.7  66353.66
6881.3  67960.62
6883.9  69413.48
6886.5  71488.65
6889.1  71491.49
6891.7  70922.76
6894.3  70493.83
6896.9  70049.36
6899.5  70862.27
6902.1  71628.05
6904.7  72220.95
6907.3  72884.7
6909.9  73355.33
6912.5  73884.39
6915.1  74152.3
6917.7  74508.66
6920.3  74854.83
6922.9  74546.91
6925.5  75727.83
6928.1  76138.66
6930.7  76686.93
6933.3  76708.42
6935.9  77041.04
6938.5  77918.09
6941.1  78247.08
6943.7  78821.
6946.3  78199.62
6948.9  77798.2
6951.5  78527.88
6954.1  78774.83
6956.7  79389.45
6959.3  79232.83
6961.9  78809.38
6964.5  79183.7
6967.1  79292.84
6969.7  78751.02
6972.3  78187.07
6974.9  77069.9
6977.5  78144.36
6980.1  77849.79
6982.7  78320.9
6985.3  79518.47
6987.9  80032.4
6990.5  80163.97
6993.1  80062.44
6995.7  79575.87
6998.3  79009.24
7000.9  78294.32
7003.5  78442.91
7006.1  77894.4
7008.7  78098.23
7011.3  78244.39
7013.9  77933.76
7016.5  77960.23
7019.1  77384.98
7021.7  78304.31
7024.3  77502.11
7026.9  78082.
7029.5  78692.52
7032.1  78670.75
7034.7  79235.66
7037.3  79563.59
7039.9  79549.53
7042.5  80856.25
7045.1  79847.7
7047.7  80298.6
7050.3  80206.53
7052.9  79756.03
7055.5  79403.85
7058.1  77581.52
7060.7  77891.8
7063.3  78409.93
7065.9  78150.45
7068.5  77620.91
7071.1  78378.85
7073.7  77953.31
7076.3  77933.26
7078.9  78249.76
7081.5  78491.7
7084.1  77391.37
7086.7  77068.79
7089.3  76586.58
7091.9  76790.16
7094.5  76785.96
7097.1  76432.1
7099.7  76807.48
7102.3  77667.24
7104.9  78021.91
7107.5  77081.98
7110.1  77837.02
7112.7  77854.
7115.3  77918.77
7117.9  76920.63
7120.5  76695.16
7123.1  76606.27
7125.7  76549.21
7128.3  76897.95
7130.9  75951.13
7133.5  75754.34
7136.1  76515.17
7138.7  76473.13
7141.3  75912.05
7143.9  75990.27
7146.5  75771.8
7149.1  76029.4
7151.7  76367.23
7154.3  76429.48
7156.9  77206.01
7159.5  77028.08
7162.1  76073.55
7164.7  75236.95
7167.3  75371.9
7169.9  75742.55
7172.5  75509.55
7175.1  75380.05
7177.7  75397.07
7180.3  75395.7
7182.9  73675.48
7185.5  73719.58
7188.1  73410.92
7190.7  72754.09
7193.3  73589.23
7195.9  73993.24
7198.5  73682.28
7201.1  73908.77
7203.7  73356.41
7206.3  73345.52
7208.9  74257.88
7211.5  74396.43
7214.1  75545.84
7216.7  75473.25
7219.3  74370.46
7221.9  74644.73
7224.5  74816.02
7227.1  75102.8
7229.7  75071.78
7232.3  75710.53
7234.9  75700.32
7237.5  75479.8
7240.1  75679.03
7242.7  75669.06
7245.3  75701.85
7247.9  76197.17
7250.5  75869.63
7253.1  75878.59
7255.7  75983.16
7258.3  76116.57
7260.9  75072.55
7263.5  75246.75
7266.1  76218.31
7268.7  76116.55
7271.3  75524.73
7273.9  75818.3
7276.5  75805.69
7279.1  74871.62
7281.7  74635.02
7284.3  74744.74
7286.9  74216.56
7289.5  73407.04
7292.1  74033.5
7294.7  74225.67
7297.3  74598.29
7299.9  75514.6
7302.5  75500.16
7305.1  75813.19
7307.7  76245.82
7310.3  76341.82
7312.9  75740.67
7315.5  76063.72
7318.1  76509.92
7320.7  75949.64
7323.3  76680.4
7325.9  76050.45
7328.5  74827.59
7331.1  75536.36
7333.7  76080.23
7336.3  77252.35
7338.9  77272.57
7341.5  76787.22
7344.1  77254.77
7346.7  76179.95
7349.3  75812.64
7351.9  75994.98
7354.5  75030.39
7357.1  74834.52
7359.7  74681.51
7362.3  75472.29
7364.9  76179.77
7367.5  75194.56
7370.1  75655.66
7372.7  75991.26
7375.3  75830.52
7377.9  75689.
7380.5  75906.32
7383.1  74926.32
7385.7  74134.02
7388.3  73409.2
7390.9  73692.45
7393.5  74491.09
7396.1  74255.88
7398.7  74858.64
7401.3  74508.02
7403.9  74373.78
7406.5  73819.05
7409.1  73336.56
7411.7  72863.48
7414.3  73645.67
7416.9  72777.47
7419.5  73498.16
7422.1  73961.72
7424.7  73408.21
7427.3  73792.13
7429.9  74632.5
7432.5  75281.57
7435.1  75136.73
7437.7  74730.98
7440.3  73990.97
7442.9  74369.52
7445.5  73675.34
7448.1  73325.02
7450.7  75117.11
7453.3  75600.11
7455.9  75304.24
7458.5  74717.33
7461.1  74648.64
7463.7  74450.78
7466.3  74386.89
7468.9  75023.04
7471.5  74748.27
7474.1  74146.64
7476.7  74445.76
7479.3  74541.59
7481.9  74438.43
7484.5  75017.03
7487.1  74350.38
7489.7  73619.66
7492.3  73162.49
7494.9  73848.16
7497.5  73680.28
7500.1  74298.81
7502.7  74221.2
7505.3  73867.43
7507.9  74019.6
7510.5  73212.08
7513.1  73242.51
7515.7  73661.15
7518.3  73350.16
7520.9  73966.45
7523.5  73464.13
7526.1  73252.78
7528.7  73572.83
7531.3  73463.2
7533.9  73154.56
7536.5  74283.36
7539.1  73616.83
7541.7  72993.04
7544.3  73231.8
7546.9  73437.65
7549.5  73921.63
7552.1  73661.81
7554.7  72864.37
7557.3  73160.37
7559.9  72417.84
7562.5  72417.48
7565.1  72092.95
7567.7  71872.62
7570.3  71759.58
7572.9  71502.52
7575.5  72302.85
7578.1  72576.95
7580.7  71891.15
7583.3  71141.82
7585.9  70764.45
7588.5  70170.72
7591.1  66382.16
7593.7  66356.87
7596.3  49117.46
7598.9  40504.14
7601.5  33197.15
7604.1  28967.25
7606.7  26284.94
7609.3  26358.76
7611.9  27152.88
7614.5  37995.61
7617.1  41991.14
7619.7  45611.42
7622.3  48345.
7624.9  46681.09
7627.5  44108.
7630.1  42716.4
7632.7  41715.37
7635.3  41422.63
7637.9  42229.64
7640.5  43598.45
7643.1  46036.42
7645.7  47592.34
7648.3  49329.4
7650.9  51467.84
7653.5  52750.87
7656.1  53432.66
7658.7  53959.11
7661.3  55429.98
7663.9  55716.98
7666.5  57189.95
7669.1  59116.18
7671.7  61633.27
7674.3  62603.36
7676.9  63976.11
7679.5  64181.3
7682.1  65357.87
7684.7  65721.27
7687.3  65867.92
7689.9  66059.47
7692.5  66306.02
7695.1  65501.8
7697.7  65291.46
7700.3  65784.31
7702.9  66191.29
7705.5  66314.29
7708.1  66384.43
7710.7  66567.14
7713.3  66748.5
7715.9  66389.59
7718.5  66327.95
7721.1  65956.77
7723.7  66557.94
7726.3  66787.89
7728.9  66711.41
7731.5  67371.16
7734.1  68381.67
7736.7  68127.01
7739.3  67594.97
7741.9  66798.91
7744.5  66135.99
7747.1  65576.95
7749.7  64847.33
7752.3  65496.7
7754.9  66347.8
7757.5  66584.23
7760.1  66518.48
7762.7  67197.81
7765.3  67093.89
7767.9  66637.08
7770.5  67141.86
7773.1  66613.38
7775.7  65868.58
7778.3  65529.55
7780.9  65191.21
7783.5  66116.3
7786.1  66218.86
7788.7  65846.29
7791.3  65787.62
7793.9  66235.05
7796.5  65637.54
7799.1  65878.79
7801.7  66022.95
7804.3  66207.17
7806.9  66564.09
7809.5  66685.17
7812.1  66267.6
7814.7  66314.73
7817.3  67152.6
7819.9  67197.06
7822.5  67275.3
7825.1  65747.8
7827.7  65364.55
7830.3  65570.82
7832.9  65002.17
7835.5  64409.75
7838.1  64557.1
7840.7  65448.44
7843.3  65551.13
7845.9  65446.07
7848.5  65550.18
7851.1  65424.25
7853.7  66030.98
7856.3  65357.33
7858.9  65351.64
7861.5  65278.59
7864.1  65512.62
7866.7  65622.15
7869.3  65706.27
7871.9  65597.53
7874.5  65854.45
7877.1  65229.96
7879.7  64424.51
7882.3  64632.84
7884.9  64772.43
7887.5  64855.69
7890.1  64831.14
7892.7  65142.72
7895.3  64980.49
7897.9  64650.75
7900.5  64580.68
7903.1  64382.89
7905.7  64582.7
7908.3  64925.45
7910.9  63954.97
7913.5  63626.39
7916.1  63392.56
7918.7  63111.5
7921.3  63434.35
7923.9  62968.74
7926.5  62869.48
7929.1  62697.1
7931.7  61987.52
7934.3  61409.73
7936.9  61172.7
7939.5  61188.26
7942.1  61550.63
7944.7  61502.72
7947.3  61126.1
7949.9  61411.38
7952.5  62018.54
7955.1  62364.95
7957.7  63275.74
7960.3  63768.11
7962.9  64064.54
7965.5  64138.92
7968.1  63562.42
7970.7  63539.07
7973.3  62902.21
7975.9  63121.26
7978.5  63594.3
7981.1  63273.89
7983.7  63854.71
7986.3  63968.74
7988.9  63656.25
7991.5  62803.02
7994.1  62314.43
7996.7  62331.97
7999.3  62127.22
8001.9  61627.63
8004.5  62672.35
8007.1  62901.08
8009.7  62511.23
8012.3  62450.95
8014.9  62328.6
8017.5  63206.75
8020.1  63026.03
8022.7  62853.38
8025.3  62332.23
8027.9  61754.2
8030.5  61707.12
8033.1  61493.97
8035.7  62136.24
8038.3  62762.35
8040.9  62318.49
8043.5  61444.35
8046.1  61243.36
8048.7  61202.85
8051.3  61268.47
8053.9  61519.
8056.5  61875.55
8059.1  62179.98
8061.7  62488.74
8064.3  62160.13
8066.9  61653.18
8069.5  61248.59
8072.1  61414.14
8074.7  60801.74
8077.3  60544.45
8079.9  61103.04
8082.5  60918.57
8085.1  60592.54
8087.7  60574.59
8090.3  60418.75
8092.9  60434.03
8095.5  59997.56
8098.1  59428.79
8100.7  60025.06
8103.3  60644.06
8105.9  60794.8
8108.5  60588.95
8111.1  60734.45
8113.7  60243.57
8116.3  60609.28
8118.9  60808.95
8121.5  60503.13
8124.1  60127.64
8126.7  60547.4
8129.3  60394.34
8131.9  60297.33
8134.5  59898.28
8137.1  60407.09
8139.7  59707.45
8142.3  59255.02
8144.9  59295.04
8147.5  58980.45
8150.1  58893.57
8152.7  58910.88
8155.3  59097.45
8157.9  58851.46
8160.5  58751.52
8163.1  58116.85
8165.7  58004.74
8168.3  57886.26
8170.9  57516.46
8173.5  57658.96
8176.1  57910.42
8178.7  56940.32
8181.3  56898.81
8183.9  55983.04
8186.5  55447.52
8189.1  55845.23
8191.7  55316.99
8194.3  55112.75
8196.9  55412.52
8199.5  55672.84
8202.1  55655.96
8204.7  56640.09
8207.3  56883.39
8209.9  56758.58
8212.5  56784.51
8215.1  56219.23
8217.7  56640.09
8220.3  56789.52
8222.9  56681.45
8225.5  56439.27
8228.1  56299.08
8230.7  55983.04
8233.3  55881.25
8235.9  56417.66
8238.5  57068.85
8241.1  56976.73
8243.7  57188.85
8246.3  57671.68
8248.9  57563.34
8251.5  56916.54
8254.1  56936.41
8256.7  57183.39
8259.3  57322.52
8261.9  57677.71
8264.5  57681.66
8267.1  57306.28
8269.7  57099.96
8272.3  56968.52
8274.9  56662.04
8277.5  56704.26
8280.1  56926.91
8282.7  57178.06
8285.3  56846.34
8287.9  56156.1
8290.5  56064.82
8293.1  56067.34
8295.7  55879.18
8298.3  55645.56
8300.9  55994.01
8303.5  56315.4
8306.1  55187.71
8308.7  55214.29
8311.3  55218.26
8313.9  55337.4
8316.5  55824.69
8319.1  55763.86
8321.7  54895.89
8324.3  54364.62
8326.9  53913.42
8329.5  53526.28
8332.1  53068.59
8334.7  53017.13
8337.3  52813.24
8339.9  53285.8
8342.5  53487.61
8345.1  53530.02
8347.7  54030.2
8350.3  53965.74
8352.9  54276.47
8355.5  54810.17
8358.1  54338.55
8360.7  53976.47
8363.3  53834.86
8365.9  53690.79
8368.5  53988.21
8371.1  53506.41
8373.7  53946.61
8376.3  53779.04
8378.9  53469.77
8381.5  52732.2
8384.1  52290.48
8386.7  52270.72
8389.3  52588.02
8391.9  52657.3
8394.5  53154.87
8397.1  53031.27
8399.7  53599.
8402.3  53584.73
8404.9  53770.41
8407.5  53483.43
8410.1  53652.72
8412.7  53498.46
8415.3  52653.18
8417.9  52961.58
8420.5  52783.26
8423.1  52973.4
8425.7  52354.26
8428.3  52821.8
8430.9  52881.43
8433.5  52499.48
8436.1  52007.66
8438.7  51213.78
8441.3  52044.47
8443.9  52254.13
8446.5  52575.63
8449.1  52606.71
8451.7  52447.15
8454.3  52415.48
8456.9  52564.84
8459.5  52870.72
8462.1  52578.45
8464.7  52281.61
8467.3  52487.68
8469.9  52667.04
8472.5  52466.86
8475.1  52428.31
8477.7  52601.22
8480.3  52918.44
8482.9  52898.64
8485.5  52806.97
8488.1  52823.83
8490.7  51906.43
8493.3  50282.89
8495.9  48921.21
8498.5  48192.88
8501.1  48034.77
8503.7  48919.24
8506.3  50148.11
8508.9  50533.07
8511.5  51135.48
8514.1  50919.85
8516.7  50487.41
8519.3  50815.37
8521.9  51096.71
8524.5  51559.15
8527.1  51268.99
8529.7  50282.66
8532.3  49008.88
8534.9  47295.86
8537.5  44725.8
8540.1  43096.52
8542.7  41674.11
8545.3  41902.95
8547.9  44052.6
8550.5  46308.41
8553.1  47164.27
8555.7  48260.88
8558.3  49035.65
8560.9  49730.32
8563.5  49784.89
8566.1  50231.48
8568.7  50750.12
8571.3  50356.87
8573.9  50082.07
8576.5  49403.17
8579.1  50014.07
8581.7  49388.59
8584.3  49658.91
8586.9  49486.03
8589.5  49579.23
8592.1  49357.63
8594.7  49401.39
8597.3  49398.41
8599.9  49059.93
8602.5  48968.12
8605.1  49406.68
8607.7  48995.98
8610.3  48553.
8612.9  48802.4
8615.5  48576.82
8618.1  48554.1
8620.7  48331.76
8623.3  48653.57
8625.9  48609.72
8628.5  48792.14
8631.1  48518.18
8633.7  48484.57
8636.3  48730.55
8638.9  48742.21
8641.5  48341.55
8644.1  47684.97
8646.7  47445.11
8649.3  47220.49
8651.9  47101.45
8654.5  45393.14
8657.1  43373.51
8659.7  42134.75
8662.3  41318.03
8664.9  41254.8
8667.5  42214.92
8670.1  43593.92
8672.7  45111.09
8675.3  46031.1
8677.9  46808.86
8680.5  47378.06
8683.1  47331.83
8685.7  47282.39
8688.3  46949.23
8690.9  46773.43
8693.5  46811.26
8696.1  47142.41
8698.7  47663.84
8701.3  48421.91
8703.9  48399.8
8706.5  47798.21
8709.1  47947.57
8711.7  47540.93
8714.3  47298.69
8716.9  47341.3
8719.5  47911.3
8722.1  47877.46
8724.7  48430.79
8727.3  48502.91
8729.9  47766.21
8732.5  47877.99
8735.1  47509.05
8737.7  47422.48
8740.3  47486.98
8742.9  47079.27
8745.5  47318.72
8748.1  47633.04
8750.7  47579.18
8753.3  48078.8
8755.9  46886.76
8758.5  47872.87
8761.1  47812.82
8763.7  47238.25
8766.3  47772.24
8768.9  48172.76
8771.5  47452.48
8774.1  47882.45
8776.7  48211.62
8779.3  47610.81
8781.9  48114.75
8784.5  47294.27
8787.1  47357.58
8789.7  47029.63
8792.3  46844.79
8794.9  47039.94
8797.5  47134.3
8800.1  46385.86
8802.7  45790.27
8805.3  45255.81
8807.9  44626.49
8810.5  45012.59
8813.1  46072.29
8815.7  46824.73
8818.3  46505.7
8820.9  46013.51
8823.5  46172.5
8826.1  46129.02
8828.7  45169.64
8831.3  45632.86
8833.9  46122.77
8836.5  45678.27
8839.1  45951.29
8841.7  45963.89
8844.3  45900.
8846.9  45683.99
8849.5  45573.3
8852.1  45155.8
8854.7  44630.26
8857.3  44583.59
8859.9  44169.74
8862.5  43608.14
8865.1  43228.25
8867.7  42608.14
8870.3  42657.74
8872.9  43153.92
8875.5  43289.77
8878.1  43297.69
8880.7  43508.59
8883.3  43827.88
8885.9  43794.15
8888.5  43696.6
8891.1  44657.9
8893.7  44278.67
8896.3  43925.95
8898.9  43353.12
8901.5  43629.59
8904.1  43025.78
8906.7  42854.91
8909.3  43116.76
8911.9  43530.35
8914.5  42911.97
8917.1  43250.31
8919.7  42649.35
8922.3  42211.28
8924.9  41750.96
8927.5  42373.87
8930.1  42552.54
8932.7  42537.76
8935.3  42639.07
8937.9  42995.08
8940.5  42548.86
8943.1  42538.39
8945.7  41854.27
8948.3  40648.65
8950.9  40566.24
8953.5  41277.2
8956.1  41704.66
8958.7  41876.7
8961.3  41590.45
8963.9  42183.16
8966.5  42349.25
8969.1  41822.12
8971.7  41424.93
8974.3  41062.62
8976.9  40825.81
8979.5  40734.01
8982.1  40613.69
8984.7  40590.76
8987.3  40647.35
8989.9  40812.94
8992.5  40173.56
8995.1  39703.7
8997.7  39982.77
9000.3  39629.27
9002.9  39148.22
9005.5  38908.72
9008.1  38723.
9010.7  38077.24
9013.3  37846.24
9015.9  38420.66
9018.5  38062.02
9021.1  38047.87
9023.7  38004.52
9026.3  38538.51
9028.9  38782.25
9031.5  39129.25
9034.1  39378.89
9036.7  40087.09
9039.3  40176.02
9041.9  40038.08
9044.5  40187.69
9047.1  39547.48
9049.7  39612.74
9052.3  39276.34
9054.9  39363.63
9057.5  38776.26
9060.1  38328.41
9062.7  38889.97
9065.3  38074.71
9067.9  38062.04
9070.5  37990.75
9073.1  37497.05
9075.7  37166.39
9078.3  36940.07
9080.9  37091.01
9083.5  36678.47
9086.1  36500.06
9088.7  36513.45
9091.3  36099.91
9093.9  35941.57
9096.5  36112.96
9099.1  36157.93
9101.7  36008.2
9104.3  35783.55
9106.9  35907.5
9109.5  36078.56
9112.1  35714.2
9114.7  35813.37
9117.3  36020.3
9119.9  35664.71
9122.5  35634.93
9125.1  35674.84
9127.7  35651.41
9130.3  35632.95
9132.9  35413.12
9135.5  35336.
9138.1  35021.25
9140.7  34828.11
9143.3  35131.13
9145.9  35050.81
9148.5  34680.41
9151.1  34774.45
9153.7  34569.86
9156.3  34246.46
9158.9  34343.71
9161.5  34470.53
9164.1  34662.75
9166.7  34361.2
9169.3  34356.05
9171.9  33923.75
9174.5  33880.13
9177.1  33652.18
9179.7  33585.93
9182.3  33668.27
9184.9  33787.74
9187.5  33697.64
9190.1  33805.95
9192.7  33631.37
9195.3  33746.61
9197.9  33336.62
9200.5  33499.2
9203.1  33338.81
9205.7  33187.82
9208.3  33073.22
9210.9  32548.82
9213.5  31817.12
9216.1  31527.02
9218.7  31767.58
9221.3  31471.73
9223.9  31549.23
9226.5  31667.47
9229.1  31358.78
9231.7  31194.88
9234.3  31189.84
9236.9  31135.4
9239.5  31064.61
9242.1  31082.25
9244.7  31349.05
9247.3  31415.01
9249.9  31162.86
9252.5  31086.22
9255.1  31037.9
9257.7  30820.2
9260.3  30668.44
9262.9  31091.66
9265.5  30975.6
9268.1  30993.35
9270.7  31684.26
9273.3  31230.
9275.9  31077.44
9278.5  31217.3
9281.1  31173.43
9283.7  31022.08
9286.3  30799.71
9288.9  30399.98
9291.5  30321.73
9294.1  29980.16
9296.7  30005.05
9299.3  29320.45
9301.9  29235.81
9304.5  29127.47
9307.1  29262.21
9309.7  28545.86
9312.3  28001.97
9314.9  27713.68
9317.5  26958.56
9320.1  26655.62
9322.7  26282.22
9325.3  26438.38
9327.9  27096.25
9330.5  26991.75
9333.1  26709.26
9335.7  26593.3
9338.3  26261.71
9340.9  24838.32
9343.5  24208.11
9346.1  24351.97
9348.7  24297.23
9351.3  24101.48
9353.9  24654.08
9356.5  25133.84
9359.1  25148.47
9361.7  25000.35
9364.3  24531.47
9366.9  24642.74
9369.5  24552.94
9372.1  24239.73
9374.7  24260.08
9377.3  24176.53
9379.9  24238.96
9382.5  24389.61
9385.1  24633.58
9387.7  25091.74
9390.3  25673.94
9392.9  26601.31
9395.5  26580.62
9398.1  26364.89
9400.7  26428.41
9403.3  26109.71
9405.9  25520.89
9408.5  24391.24
9411.1  24165.16
9413.7  24483.1
9416.3  24152.46
9418.9  24135.38
9421.5  24256.89
9424.1  23967.1
9426.7  23951.28
9429.3  24044.41
9431.9  23273.18
9434.5  22551.79
9437.1  22357.09
9439.7  22432.57
9442.3  22496.53
9444.9  22858.92
9447.5  23324.46
9450.1  23515.39
9452.7  23592.07
9455.3  23531.95
9457.9  23270.81
9460.5  23043.22
9463.1  22984.63
9465.7  22890.2
9468.3  23233.62
9470.9  23537.57
9473.5  23413.02
9476.1  23264.82
9478.7  23082.97
9481.3  23272.73
9483.9  23860.28
9486.5  23425.4
9489.1  22840.57
9491.7  23084.13
9494.3  23150.18
9496.9  22731.26
9499.5  22077.94
9502.1  22164.41
9504.7  22041.24
9507.3  22087.97
9509.9  22665.87
9512.5  22454.15
9515.1  22055.78
9517.7  22124.14
9520.3  21931.36
9522.9  21164.26
9525.5  21299.48
9528.1  21154.93
9530.7  22264.19
9533.3  22266.76
9535.9  21607.47
9538.5  21527.53
9541.1  21000.64
9543.7  20620.
9546.3  20639.01
9548.9  20406.69
9551.5  20420.5
9554.1  20937.52
9556.7  21012.85
9559.3  21346.92
9561.9  21048.51
9564.5  20617.77
9567.1  20420.28
9569.7  20699.52
9572.3  20873.57
9574.9  21024.78
9577.5  21141.61
9580.1  20802.4
9582.7  21011.1
9585.3  20975.44
9587.9  20729.18
9590.5  20810.47
9593.1  20499.55
9595.7  20521.06
9598.3  20761.77
9600.9  20537.96
9603.5  20176.84
9606.1  20450.39
9608.7  20440.72
9611.3  20818.15
9613.9  20513.96
9616.5  20408.09
9619.1  19893.29
9621.7  20160.46
9624.3  19798.93
9626.9  19899.04
9629.5  19891.7
9632.1  19901.91
9634.7  19958.42
9637.3  19833.14
9639.9  19257.97
9642.5  19468.01
9645.1  19471.92
9647.7  19417.63
9650.3  19304.49
9652.9  19264.79
9655.5  19203.55
9658.1  19380.12
9660.7  19449.86
9663.3  19595.43
9665.9  19719.14
9668.5  19775.11
9671.1  19652.99
9673.7  19558.64
9676.3  19540.19
9678.9  19632.12
9681.5  19365.89
9684.1  19588.24
9686.7  19179.7
9689.3  19596.58
9691.9  19574.67
9694.5  19317.41
9697.1  19189.12
9699.7  19577.13
9702.3  19265.45
9704.9  19117.74
9707.5  19143.98
9710.1  18939.26
9712.7  18694.51
9715.3  18882.79
9717.9  18588.85
9720.5  18485.89
9723.1  18260.56
9725.7  18205.13
9728.3  18505.68
9730.9  18181.97
9733.5  18235.66
9736.1  18156.54
9738.7  17740.26
9741.3  17736.89
9743.9  17140.99
9746.5  17596.43
9749.1  17792.11
9751.7  17567.06
9754.3  17502.77
9756.9  17175.6
9759.5  17136.36
9762.1  17232.19
9764.7  17036.75
9767.3  16860.37
9769.9  16744.41
9772.5  16611.65
9775.1  16377.31
9777.7  16571.54
9780.3  16832.47
9782.9  16673.27
9785.5  16561.4
9788.1  16565.19
9790.7  16552.14
9793.3  16156.75
9795.9  16108.76
9798.5  16298.55
9801.1  16325.98
9803.7  16115.51
9806.3  16187.05
9808.9  16260.78
9811.5  16249.55
9814.1  15750.56
9816.7  15634.19
9819.3  15682.09
9821.9  15674.04
9824.5  15556.73
9827.1  15694.35
9829.7  15721.5
9832.3  15477.1
9834.9  15232.32
9837.5  15238.85
9840.1  15109.26
9842.7  15210.12
9845.3  15249.59
9847.9  14930.79
9850.5  15088.32
9853.1  15291.65
9855.7  15063.63
9858.3  14752.03
9860.9  14526.69
9863.5  14749.63
9866.1  14809.29
9868.7  14662.16
9871.3  14805.67
9873.9  14492.26
9876.5  14508.07
9879.1  14517.35
9881.7  14370.31
9884.3  13940.04
9886.9  13538.89
9889.5  13436.52
9892.1  13377.41
9894.7  13629.69
9897.3  13646.61
9899.9  13324.18
9902.5  13392.37
9905.1  13491.41
9907.7  13405.81
9910.3  13305.46
9912.9  13120.24
9915.5  12852.78
9918.1  13379.9
9920.7  13424.04
9923.3  13172.25
9925.9  13119.06
9928.5  12949.78
9931.1  13050.41
9933.7  13121.3
9936.3  12959.17
9938.9  12819.48
9941.5  12703.54
9944.1  12839.86
9946.7  12639.03
9949.3  12225.47
9951.9  12386.98
9954.5  12554.22
9957.1  12303.
9959.7  12372.28
9962.3  12396.57
9964.9  11993.24
9967.5  11745.61
9970.1  11377.48
9972.7  11484.81
9975.3  11526.2
9977.9  11778.91
9980.5  11758.65
9983.1  11629.18
9985.7  11803.3
9988.3  11922.
9990.9  11632.57
9993.5  11794.67
9996.1  11459.22
