3501.3  0.
3503.9  0.
3506.5  0.
3509.1  0.
3511.7  0.
3514.3  0.
3516.9  0.
3519.5  0.
3522.1  0.
3524.7  0.
3527.3  0.
3529.9  0.
3532.5  0.
3535.1  0.
3537.7  0.
3540.3  0.
3542.9  0.
3545.5  0.
3548.1  0.
3550.7  0.
3553.3  0.
3555.9  0.
3558.5  0.
3561.1  0.
3563.7  0.
3566.3  0.
3568.9  0.
3571.5  0.
3574.1  0.
3576.7  0.
3579.3  0.
3581.9  0.
3584.5  0.
3587.1  0.
3589.7  0.
3592.3  0.
3594.9  0.
3597.5  0.
3600.1  0.
3602.7  0.
3605.3  0.
3607.9  0.
3610.5  0.
3613.1  0.
3615.7  0.
3618.3  0.
3620.9  0.
3623.5  0.
3626.1  0.
3628.7  0.
3631.3  0.
3633.9  0.
3636.5  0.
3639.1  0.
3641.7  0.
3644.3  0.
3646.9  0.
3649.5  0.
3652.1  0.
3654.7  0.
3657.3  0.
3659.9  0.
3662.5  0.
3665.1  0.
3667.7  0.
3670.3  0.
3672.9  0.
3675.5  0.
3678.1  0.
3680.7  0.
3683.3  0.
3685.9  0.
3688.5  0.
3691.1  0.
3693.7  0.
3696.3  0.
3698.9  0.
3701.5  0.
3704.1  0.
3706.7  0.
3709.3  0.
3711.9  0.
3714.5  0.
3717.1  0.
3719.7  0.
3722.3  0.
3724.9  0.
3727.5  0.
3730.1  0.
3732.7  0.
3735.3  0.
3737.9  0.
3740.5  0.
3743.1  0.
3745.7  0.
3748.3  0.
3750.9  0.
3753.5  0.
3756.1  0.
3758.7  0.
3761.3  0.
3763.9  0.
3766.5  0.
3769.1  0.
3771.7  0.
3774.3  0.
3776.9  0.
3779.5  0.0908677
3782.1  -18.16998
3784.7  -48.2964
3787.3  -51.05429
3789.9  -60.9525
3792.5  -61.77766
3795.1  -35.67083
3797.7  -66.8681
3800.3  49.02496
3802.9  6.477845
3805.5  67.02583
3808.1  35.26876
3810.7  -45.74746
3813.3  34.55796
3815.9  11.36248
3818.5  27.53169
3821.1  -14.02949
3823.7  24.8571
3826.3  16.31761
3828.9  -25.04889
3831.5  -37.68349
3834.1  -32.31915
3836.7  41.44248
3839.3  14.25513
3841.9  -47.56782
3844.5  2.080828
3847.1  2.798889
3849.7  -7.848089
3852.3  12.24399
3854.9  32.44158
3857.5  -43.21917
3860.1  -12.07342
3862.7  -13.89569
3865.3  -8.351178
3867.9  12.69674
3870.5  -59.93102
3873.1  22.88216
3875.7  -35.89235
3878.3  20.41127
3880.9  18.64744
3883.5  -5.323893
3886.1  14.0383
3888.7  30.04848
3891.3  13.47285
3893.9  8.387193
3896.5  5.070203
3899.1  7.068336
3901.7  -62.16264
3904.3  -25.05694
3906.9  -15.89062
3909.5  -112.8747
3912.1  -133.5952
3914.7  -54.2325
3917.3  -314.6235
3919.9  -506.7669
3922.5  -224.5073
3925.1  -299.3782
3927.7  -92.18079
3930.3  -107.6425
3932.9  -7.49962
3935.5  -28.59258
3938.1  -36.66993
3940.7  34.01254
3943.3  21.60235
3945.9  -13.13178
3948.5  39.00195
3951.1  -29.13304
3953.7  -59.28125
3956.3  8.535762
3958.9  0.01418562
3961.5  46.68995
3964.1  -9.875884
3966.7  -5.398915
3969.3  38.82988
3971.9  -45.07436
3974.5  7.81658
3977.1  25.96728
3979.7  26.2792
3982.3  -11.48367
3984.9  -15.16249
3987.5  -13.45851
3990.1  -19.80936
3992.7  -55.05184
3995.3  -95.08837
3997.9  6.528036
4000.5  27.71169
4003.1  15.8631
4005.7  27.38935
4008.3  -15.25747
4010.9  -59.56112
4013.5  -117.3508
4016.1  -31.90008
4018.7  -21.7081
4021.3  -66.65514
4023.9  45.68782
4026.5  17.80578
4029.1  -64.61473
4031.7  -47.44767
4034.3  -37.64789
4036.9  -70.44683
4039.5  -100.7096
4042.1  -26.31365
4044.7  -245.2759
4047.3  -9.726023
4049.9  32.9236
4052.5  55.5368
4055.1  -70.04206
4057.7  -154.9232
4060.3  -41.38861
4062.9  20.65664
4065.5  -15.71066
4068.1  -21.30741
4070.7  -6.710811
4073.3  -15.15201
4075.9  34.35808
4078.5  -23.93686
4081.1  -21.65717
4083.7  -20.32192
4086.3  -5.663518
4088.9  -34.07697
4091.5  49.14555
4094.1  -23.88599
4096.7  -32.61375
4099.3  29.86013
4101.9  5.391699
4104.5  -13.7654
4107.1  2.988761
4109.7  -39.14708
4112.3  5.019349
4114.9  13.37637
4117.5  -37.92108
4120.1  2.725555
4122.7  -43.14185
4125.3  -1.653588
4127.9  23.62374
4130.5  10.63433
4133.1  12.45794
4135.7  -39.9764
4138.3  -7.051686
4140.9  -57.35355
4143.5  -26.62943
4146.1  20.97988
4148.7  -1.783439
4151.3  55.92102
4153.9  5.713768
4156.5  -59.95591
4159.1  33.69776
4161.7  0.8946193
4164.3  -10.21972
4166.9  4.545284
4169.5  17.19833
4172.1  28.91587
4174.7  -17.68096
4177.3  11.64073
4179.9  -34.80415
4182.5  -23.65805
4185.1  -32.01102
4187.7  -12.08195
4190.3  -66.12312
4192.9  2.950767
4195.5  -21.25402
4198.1  -42.70417
4200.7  -70.13132
4203.3  -4.681636
4205.9  -10.72709
4208.5  68.4453
4211.1  45.63484
4213.7  30.31316
4216.3  -33.29658
4218.9  -39.63894
4221.5  20.87041
4224.1  7.622533
4226.7  -18.0534
4229.3  -16.04036
4231.9  -20.16234
4234.5  -9.559579
4237.1  9.218451
4239.7  -8.872551
4242.3  -4.213659
4244.9  -34.0662
4247.5  -27.20541
4250.1  -10.01749
4252.7  36.99227
4255.3  17.70516
4257.9  -2.095091
4260.5  3.21024
4263.1  -23.56849
4265.7  -9.117702
4268.3  -39.44018
4270.9  41.89443
4273.5  -47.88243
4276.1  -44.07463
4278.7  29.66951
4281.3  71.39823
4283.9  19.2601
4286.5  9.076691
4289.1  39.47318
4291.7  -23.6309
4294.3  30.20305
4296.9  -48.65276
4299.5  -16.50403
4302.1  -1.582953
4304.7  10.12973
4307.3  35.14599
4309.9  -9.653451
4312.5  4.528408
4315.1  -43.82137
4317.7  -19.93579
4320.3  7.469203
4322.9  48.80558
4325.5  5.62116
4328.1  -67.29708
4330.7  8.287848
4333.3  -14.12521
4335.9  32.47683
4338.5  18.7954
4341.1  35.50016
4343.7  10.95085
4346.3  14.94039
4348.9  -4.398486
4351.5  -3.581208
4354.1  25.64197
4356.7  -6.281996
4359.3  -1.042508
4361.9  2.492849
4364.5  0.9524968
4367.1  -5.792215
4369.7  -1.264956
4372.3  -34.40452
4374.9  -17.757
4377.5  9.970119
4380.1  21.90055
4382.7  20.19757
4385.3  -6.806221
4387.9  -8.756479
4390.5  -0.9517089
4393.1  25.44593
4395.7  3.2317
4398.3  -24.46597
4400.9  -2.583772
4403.5  17.41298
4406.1  41.06171
4408.7  17.92803
4411.3  36.35113
4413.9  -22.47192
4416.5  -8.426585
4419.1  13.30526
4421.7  29.82328
4424.3  6.06359
4426.9  -0.8969344
4429.5  3.118583
4432.1  1.948079
4434.7  -22.83659
4437.3  -9.359371
4439.9  34.60799
4442.5  25.76644
4445.1  14.41024
4447.7  -0.6812931
4450.3  49.20681
4452.9  -22.83398
4455.5  -8.517873
4458.1  3.082852
4460.7  -65.4045
4463.3  28.16978
4465.9  23.51511
4468.5  21.51451
4471.1  -13.30583
4473.7  -26.73604
4476.3  33.03656
4478.9  43.04663
4481.5  -19.74429
4484.1  13.7421
4486.7  52.75587
4489.3  47.98657
4491.9  50.96426
4494.5  50.96239
4497.1  59.45163
4499.7  26.29657
4502.3  39.70994
4504.9  35.45963
4507.5  47.70061
4510.1  19.87299
4512.7  -7.501524
4515.3  34.64479
4517.9  21.07307
4520.5  8.859837
4523.1  -1.666233
4525.7  26.5605
4528.3  34.88581
4530.9  -8.797231
4533.5  -43.72422
4536.1  47.81483
4538.7  -3.622425
4541.3  -36.79103
4543.9  10.84471
4546.5  52.58907
4549.1  -61.89298
4551.7  -3.19736
4554.3  6.959092
4556.9  42.39371
4559.5  35.53573
4562.1  -14.61423
4564.7  0.1166212
4567.3  8.143124
4569.9  0.4369221
4572.5  4.45508
4575.1  15.93526
4577.7  71.84295
4580.3  35.00328
4582.9  56.99177
4585.5  -8.106051
4588.1  -14.63491
4590.7  0.7227874
4593.3  5.543225
4595.9  62.60272
4598.5  38.89793
4601.1  8.778476
4603.7  -18.34052
4606.3  78.63982
4608.9  33.91067
4611.5  46.78406
4614.1  23.85865
4616.7  44.86585
4619.3  56.0588
4621.9  51.66981
4624.5  41.57458
4627.1  10.83876
4629.7  57.66861
4632.3  -5.793108
4634.9  34.61435
4637.5  9.148901
4640.1  -1.789338
4642.7  -2.504734
4645.3  -38.93776
4647.9  2.506217
4650.5  81.95493
4653.1  13.06804
4655.7  11.56497
4658.3  58.57385
4660.9  1.714989
4663.5  -30.58281
4666.1  5.921148
4668.7  65.95539
4671.3  17.28041
4673.9  20.94571
4676.5  15.60789
4679.1  73.11224
4681.7  37.68172
4684.3  58.12624
4686.9  45.6847
4689.5  39.35001
4692.1  74.56398
4694.7  28.36054
4697.3  18.96298
4699.9  55.30459
4702.5  1.637361
4705.1  -35.09162
4707.7  35.25699
4710.3  92.46996
4712.9  29.27291
4715.5  -6.783437
4718.1  71.30916
4720.7  29.49773
4723.3  68.43529
4725.9  14.21564
4728.5  56.33214
4731.1  40.34187
4733.7  27.68178
4736.3  92.51457
4738.9  51.9859
4741.5  92.24902
4744.1  92.36008
4746.7  58.98534
4749.3  84.73264
4751.9  169.0215
4754.5  123.2788
4757.1  160.6438
4759.7  128.5812
4762.3  133.0984
4764.9  144.5367
4767.5  212.3487
4770.1  154.6215
4772.7  204.0646
4775.3  274.5529
4777.9  296.0996
4780.5  442.088
4783.1  305.4877
4785.7  245.4606
4788.3  120.9194
4790.9  257.1245
4793.5  497.7883
4796.1  398.4326
4798.7  266.036
4801.3  311.8124
4803.9  376.5032
4806.5  71.6273
4809.1  353.1851
4811.7  436.5636
4814.3  467.0872
4816.9  574.9925
4819.5  572.3988
4822.1  485.0421
4824.7  382.6124
4827.3  473.9464
4829.9  515.8501
4832.5  568.4958
4835.1  721.8409
4837.7  658.6887
4840.3  971.1616
4842.9  716.8296
4845.5  800.085
4848.1  686.1303
4850.7  902.4825
4853.3  614.7349
4855.9  924.3121
4858.5  882.0322
4861.1  653.7558
4863.7  722.1472
4866.3  682.5527
4868.9  692.9398
4871.5  917.2875
4874.1  1181.085
4876.7  954.0251
4879.3  785.717
4881.9  1079.385
4884.5  576.0842
4887.1  929.4236
4889.7  1002.591
4892.3  1052.004
4894.9  780.6507
4897.5  1304.812
4900.1  1085.341
4902.7  1205.648
4905.3  1457.352
4907.9  1277.141
4910.5  1365.918
4913.1  1259.761
4915.7  1370.481
4918.3  1053.095
4920.9  1663.531
4923.5  1699.164
4926.1  2046.641
4928.7  1432.209
4931.3  1924.527
4933.9  1757.59
4936.5  1644.618
4939.1  1713.386
4941.7  1969.005
4944.3  1520.688
4946.9  1841.905
4949.5  2256.23
4952.1  1722.89
4954.7  2021.886
4957.3  1891.151
4959.9  1548.347
4962.5  1709.627
4965.1  2087.531
4967.7  2209.125
4970.3  1501.258
4972.9  1768.487
4975.5  2102.802
4978.1  2121.212
4980.7  1936.27
4983.3  1690.087
4985.9  2381.967
4988.5  2019.953
4991.1  1544.245
4993.7  2447.721
4996.3  2508.542
4998.9  2397.384
5001.5  2651.431
5004.1  2332.246
5006.7  1976.606
5009.3  2820.051
5011.9  2837.09
5014.5  2691.802
5017.1  2603.944
5019.7  2080.285
5022.3  2314.464
5024.9  2536.937
5027.5  2802.335
5030.1  2867.357
5032.7  2550.497
5035.3  2718.673
5037.9  2560.806
5040.5  2752.222
5043.1  2438.909
5045.7  2447.635
5048.3  2350.644
5050.9  2983.349
5053.5  2475.385
5056.1  2229.237
5058.7  2393.208
5061.3  2801.592
5063.9  2737.205
5066.5  3271.157
5069.1  3092.725
5071.7  2881.596
5074.3  3109.403
5076.9  2986.788
5079.5  3133.8
5082.1  3082.259
5084.7  3082.256
5087.3  3122.436
5089.9  3377.163
5092.5  3535.943
5095.1  3803.316
5097.7  3857.29
5100.3  3781.702
5102.9  3765.328
5105.5  3534.782
5108.1  3383.588
5110.7  3351.952
5113.3  3176.816
5115.9  3278.092
5118.5  3657.978
5121.1  4003.417
5123.7  3380.707
5126.3  3407.323
5128.9  3157.065
5131.5  3433.754
5134.1  3065.097
5136.7  3120.932
5139.3  3568.954
5141.9  3484.291
5144.5  3380.968
5147.1  3628.999
5149.7  3767.692
5152.3  3266.352
5154.9  4026.057
5157.5  3902.666
5160.1  3097.193
5162.7  4090.69
5165.3  4179.567
5167.9  3132.638
5170.5  3167.294
5173.1  3338.242
5175.7  3740.411
5178.3  3722.032
5180.9  3698.125
5183.5  4277.124
5186.1  3862.223
5188.7  3363.489
5191.3  3511.093
5193.9  3742.86
5196.5  3868.681
5199.1  3994.889
5201.7  3724.547
5204.3  3756.632
5206.9  4061.118
5209.5  3844.794
5212.1  4037.113
5214.7  3763.794
5217.3  3889.473
5219.9  4338.559
5222.5  3745.693
5225.1  4057.067
5227.7  4312.514
5230.3  4056.195
5232.9  3548.589
5235.5  3989.031
5238.1  4130.194
5240.7  4291.157
5243.3  4499.927
5245.9  4717.758
5248.5  4759.654
5251.1  4681.287
5253.7  5147.878
5256.3  4852.646
5258.9  4535.287
5261.5  4869.804
5264.1  4337.468
5266.7  4146.051
5269.3  4018.347
5271.9  4533.46
5274.5  3778.141
5277.1  4783.727
5279.7  4885.432
5282.3  5042.619
5284.9  4627.844
5287.5  5023.454
5290.1  5017.386
5292.7  5081.673
5295.3  5164.249
5297.9  4797.111
5300.5  4972.046
5303.1  4308.92
5305.7  4444.115
5308.3  4780.464
5310.9  4882.979
5313.5  4912.234
5316.1  4677.027
5318.7  5082.221
5321.3  4973.077
5323.9  4910.298
5326.5  4816.465
5329.1  4823.705
5331.7  4156.724
5334.3  4669.205
5336.9  5048.02
5339.5  5014.14
5342.1  5178.653
5344.7  5223.257
5347.3  5141.49
5349.9  5371.37
5352.5  5251.651
5355.1  5945.547
5357.7  5052.368
5360.3  5891.388
5362.9  5932.519
5365.5  5902.679
5368.1  5529.277
5370.7  5177.238
5373.3  5013.712
5375.9  5348.972
5378.5  5119.072
5381.1  5625.959
5383.7  5520.905
5386.3  5410.548
5388.9  5115.485
5391.5  5542.369
5394.1  5484.309
5396.7  5629.37
5399.3  5722.396
5401.9  5166.736
5404.5  5115.767
5407.1  5268.936
5409.7  4457.579
5412.3  4833.772
5414.9  5141.737
5417.5  5009.096
5420.1  5123.634
5422.7  5288.106
5425.3  5419.278
5427.9  5842.789
5430.5  5095.537
5433.1  5299.662
5435.7  4891.354
5438.3  5205.494
5440.9  6084.601
5443.5  5711.922
5446.1  6108.205
5448.7  5936.244
5451.3  6237.583
5453.9  6403.103
5456.5  6119.167
5459.1  6120.46
5461.7  5835.97
5464.3  6754.634
5466.9  6818.488
5469.5  5981.297
5472.1  6032.11
5474.7  6487.423
5477.3  6108.705
5479.9  5961.729
5482.5  5948.962
5485.1  6135.847
5487.7  6222.566
5490.3  6479.714
5492.9  6177.183
5495.5  5768.289
5498.1  6491.466
5500.7  6327.867
5503.3  6347.345
5505.9  6560.607
5508.5  6343.918
5511.1  5937.739
5513.7  5828.545
5516.3  5978.312
5518.9  6487.42
5521.5  6110.148
5524.1  6103.428
5526.7  6663.363
5529.3  5960.771
5531.9  6472.959
5534.5  6538.503
5537.1  6693.04
5539.7  6165.449
5542.3  6689.233
5544.9  6674.966
5547.5  6493.163
5550.1  6753.733
5552.7  7063.048
5555.3  6970.686
5557.9  7039.902
5560.5  6322.816
5563.1  7162.459
5565.7  7111.746
5568.3  7083.043
5570.9  5328.838
5573.5  5214.088
5576.1  5594.961
5578.7  6541.52
5581.3  8417.34
5583.9  7433.612
5586.5  7081.745
5589.1  6871.616
5591.7  6375.201
5594.3  6458.973
5596.9  6509.102
5599.5  6552.707
5602.1  6646.379
5604.7  6777.014
5607.3  7104.085
5609.9  6854.009
5612.5  7456.104
5615.1  7081.052
5617.7  6758.107
5620.3  6903.735
5622.9  6641.602
5625.5  6436.257
5628.1  6938.03
5630.7  7304.86
5633.3  7216.695
5635.9  7432.581
5638.5  7023.413
5641.1  6800.76
5643.7  7313.29
5646.3  7210.632
5648.9  7168.955
5651.5  7274.739
5654.1  6879.261
5656.7  7006.654
5659.3  6861.149
5661.9  7167.308
5664.5  6917.741
5667.1  7363.015
5669.7  7082.102
5672.3  6790.431
5674.9  6619.485
5677.5  7263.789
5680.1  7076.462
5682.7  6943.954
5685.3  7291.125
5687.9  6714.968
5690.5  6444.068
5693.1  6571.824
5695.7  6537.622
5698.3  6748.732
5700.9  6948.091
5703.5  6601.38
5706.1  6494.365
5708.7  6140.77
5711.3  6430.769
5713.9  6343.427
5716.5  6098.056
5719.1  6359.17
5721.7  6559.542
5724.3  7121.24
5726.9  7070.729
5729.5  6991.951
5732.1  6902.798
5734.7  6775.401
5737.3  7272.218
5739.9  7349.903
5742.5  6994.374
5745.1  7222.354
5747.7  7429.894
5750.3  7734.679
5752.9  7198.939
5755.5  7531.905
5758.1  7437.025
5760.7  7040.021
5763.3  7242.268
5765.9  7319.066
5768.5  7922.571
5771.1  7108.604
5773.7  7388.884
5776.3  7578.139
5778.9  7937.955
5781.5  7585.352
5784.1  7236.188
5786.7  7130.524
5789.3  7178.307
5791.9  7260.531
5794.5  7682.619
5797.1  7834.821
5799.7  7611.631
5802.3  7414.035
5804.9  7329.616
5807.5  7499.385
5810.1  7652.034
5812.7  6752.104
5815.3  7485.931
5817.9  7323.45
5820.5  7344.421
5823.1  7475.879
5825.7  7435.025
5828.3  7409.585
5830.9  7605.901
5833.5  7264.752
5836.1  7190.288
5838.7  7660.491
5841.3  7989.702
5843.9  7286.282
5846.5  7679.149
5849.1  7854.849
5851.7  7875.752
5854.3  7706.048
5856.9  7686.081
5859.5  7522.922
5862.1  7588.585
5864.7  7766.865
5867.3  7986.202
5869.9  7963.294
5872.5  7611.089
5875.1  8193.896
5877.7  8130.148
5880.3  8013.568
5882.9  7878.215
5885.5  8054.729
5888.1  8148.375
5890.7  7751.665
5893.3  6854.41
5895.9  7228.715
5898.5  7521.828
5901.1  7531.629
5903.7  7621.592
5906.3  7770.338
5908.9  7803.785
5911.5  8359.816
5914.1  8576.969
5916.7  7928.667
5919.3  8072.686
5921.9  7744.669
5924.5  8162.619
5927.1  7750.395
5929.7  8037.925
5932.3  7967.
5934.9  7725.277
5937.5  8087.417
5940.1  8237.242
5942.7  7984.792
5945.3  8252.833
5947.9  8270.565
5950.5  8112.161
5953.1  8045.984
5955.7  8377.712
5958.3  8390.158
5960.9  8351.359
5963.5  8199.249
5966.1  8172.381
5968.7  8406.161
5971.3  8103.898
5973.9  8455.715
5976.5  8657.382
5979.1  8576.649
5981.7  8131.279
5984.3  8711.948
5986.9  8821.274
5989.5  8983.372
5992.1  8691.156
5994.7  9027.076
5997.3  8801.625
5999.9  9156.489
6002.5  9126.887
6005.1  8853.107
6007.7  9147.548
6010.3  8708.668
6012.9  8237.344
6015.5  8345.386
6018.1  8875.721
6020.7  8460.
6023.3  8757.779
6025.9  8405.844
6028.5  8465.172
6031.1  8567.146
6033.7  8674.527
6036.3  9446.3
6038.9  8702.065
6041.5  9133.734
6044.1  8757.87
6046.7  8523.109
6049.3  8351.125
6051.9  8809.127
6054.5  8860.054
6057.1  8337.74
6059.7  8072.563
6062.3  8567.237
6064.9  8989.301
6067.5  8440.418
6070.1  8547.204
6072.7  8623.005
6075.3  8603.785
6077.9  9019.157
6080.5  8887.994
6083.1  8351.225
6085.7  8848.315
6088.3  8795.455
6090.9  8874.956
6093.5  9267.381
6096.1  9018.302
6098.7  8639.993
6101.3  8811.659
6103.9  8610.434
6106.5  9058.824
6109.1  9247.058
6111.7  9340.779
6114.3  9112.401
6116.9  9519.26
6119.5  9541.316
6122.1  9560.134
6124.7  9472.091
6127.3  9672.977
6129.9  9769.479
6132.5  9794.072
6135.1  9450.723
6137.7  9668.171
6140.3  9933.933
6142.9  9371.605
6145.5  9999.194
6148.1  9944.282
6150.7  9865.417
6153.3  10300.82
6155.9  10190.18
6158.5  9904.259
6161.1  9956.497
6163.7  9755.402
6166.3  9794.127
6168.9  9324.829
6171.5  9750.602
6174.1  10274.73
6176.7  10213.94
6179.3  10052.73
6181.9  10405.15
6184.5  10710.97
6187.1  10606.58
6189.7  10332.61
6192.3  10601.07
6194.9  10038.54
6197.5  10423.91
6200.1  10697.95
6202.7  10917.57
6205.3  10254.45
6207.9  10460.63
6210.5  10511.84
6213.1  10774.32
6215.7  10329.92
6218.3  10199.14
6220.9  10315.91
6223.5  10596.46
6226.1  10539.67
6228.7  10668.56
6231.3  10809.92
6233.9  10662.9
6236.5  10924.17
6239.1  10446.61
6241.7  10076.04
6244.3  10761.95
6246.9  10535.71
6249.5  10934.76
6252.1  10936.25
6254.7  10910.29
6257.3  10409.6
6259.9  10294.79
6262.5  10678.69
6265.1  10802.35
6267.7  10872.77
6270.3  11190.4
6272.9  11067.6
6275.5  10400.76
6278.1  10579.68
6280.7  10654.76
6283.3  10102.23
6285.9  10393.2
6288.5  10512.26
6291.1  10739.19
6293.7  10898.37
6296.3  10280.71
6298.9  10374.17
6301.5  10534.66
6304.1  10983.04
6306.7  10653.12
6309.3  10680.33
6311.9  10825.82
6314.5  10871.28
6317.1  10735.71
6319.7  10507.92
6322.3  10072.01
6324.9  10983.33
6327.5  11071.9
6330.1  10944.72
6332.7  11415.26
6335.3  10920.93
6337.9  10670.7
6340.5  11133.64
6343.1  10919.59
6345.7  10659.72
6348.3  11012.68
6350.9  11078.24
6353.5  10926.22
6356.1  11084.18
6358.7  11094.66
6361.3  10627.64
6363.9  10858.23
6366.5  11747.59
6369.1  12741.06
6371.7  10739.21
6374.3  9916.469
6376.9  11296.77
6379.5  11300.69
6382.1  10907.74
6384.7  11068.69
6387.3  11385.06
6389.9  11518.31
6392.5  11610.14
6395.1  11742.61
6397.7  11190.79
6400.3  10722.07
6402.9  10819.76
6405.5  11049.2
6408.1  11676.52
6410.7  11262.71
6413.3  11295.58
6415.9  10971.08
6418.5  11209.21
6421.1  11340.57
6423.7  11166.3
6426.3  10968.98
6428.9  11582.98
6431.5  11526.7
6434.1  11130.2
6436.7  11449.23
6439.3  11318.05
6441.9  11096.12
6444.5  11007.96
6447.1  11082.56
6449.7  11225.96
6452.3  11186.28
6454.9  11183.09
6457.5  11104.64
6460.1  10926.7
6462.7  11115.22
6465.3  10764.07
6467.9  11164.88
6470.5  11252.28
6473.1  11327.72
6475.7  11344.91
6478.3  11487.93
6480.9  11703.33
6483.5  11779.52
6486.1  11823.27
6488.7  11196.21
6491.3  11321.52
6493.9  11278.43
6496.5  11287.05
6499.1  11276.4
6501.7  11493.03
6504.3  11488.61
6506.9  12113.82
6509.5  12494.63
6512.1  11919.72
6514.7  12092.61
6517.3  12355.72
6519.9  11891.09
6522.5  12123.56
6525.1  12034.57
6527.7  12296.34
6530.3  12657.76
6532.9  12091.2
6535.5  12297.92
6538.1  12299.78
6540.7  12166.7
6543.3  12287.35
6545.9  12448.49
6548.5  12318.93
6551.1  11867.81
6553.7  12167.86
6556.3  11756.52
6558.9  11009.
6561.5  10866.51
6564.1  10250.7
6566.7  9635.015
6569.3  9912.805
6571.9  11265.9
6574.5  11586.37
6577.1  11865.68
6579.7  12350.33
6582.3  12122.59
6584.9  12088.46
6587.5  11874.78
6590.1  12111.56
6592.7  12184.46
6595.3  12442.78
6597.9  12065.63
6600.5  11962.
6603.1  12273.68
6605.7  11833.37
6608.3  12138.34
6610.9  12269.42
6613.5  12265.61
6616.1  12443.9
6618.7  11832.4
6621.3  12516.36
6623.9  12882.96
6626.5  12585.53
6629.1  12487.53
6631.7  12112.28
6634.3  12177.85
6636.9  12349.98
6639.5  12252.66
6642.1  12422.42
6644.7  12773.57
6647.3  12576.51
6649.9  12316.47
6652.5  12749.91
6655.1  12871.64
6657.7  12518.23
6660.3  12739.39
6662.9  12919.12
6665.5  13186.39
6668.1  12837.52
6670.7  12718.24
6673.3  13204.52
6675.9  13157.4
6678.5  12752.11
6681.1  12639.67
6683.7  12947.89
6686.3  12727.42
6688.9  12743.98
6691.5  12794.72
6694.1  12972.24
6696.7  12652.49
6699.3  12775.93
6701.9  13280.95
6704.5  13037.05
6707.1  12984.31
6709.7  12602.8
6712.3  12882.77
6714.9  13307.84
6717.5  12714.65
6720.1  12762.48
6722.7  12360.62
6725.3  12457.04
6727.9  12760.74
6730.5  12890.84
6733.1  12606.11
6735.7  12793.24
6738.3  13157.92
6740.9  13019.
6743.5  12724.18
6746.1  12640.9
6748.7  12837.4
6751.3  13054.64
6753.9  12900.46
6756.5  12761.32
6759.1  12964.18
6761.7  13074.38
6764.3  12723.65
6766.9  12735.
6769.5  12668.87
6772.1  12986.07
6774.7  12856.19
6777.3  12748.87
6779.9  13523.88
6782.5  13343.26
6785.1  12802.48
6787.7  12917.58
6790.3  12835.08
6792.9  12974.75
6795.5  13244.39
6798.1  13087.79
6800.7  13186.24
6803.3  12932.54
6805.9  12965.2
6808.5  13130.72
6811.1  13121.06
6813.7  12933.08
6816.3  13212.1
6818.9  13501.62
6821.5  13255.92
6824.1  13153.89
6826.7  13232.85
6829.3  13464.4
6831.9  13364.89
6834.5  13123.89
6837.1  13049.91
6839.7  13364.21
6842.3  13040.18
6844.9  12839.06
6847.5  12970.88
6850.1  12427.16
6852.7  13073.45
6855.3  13212.62
6857.9  13162.54
6860.5  12600.23
6863.1  12827.63
6865.7  12519.66
6868.3  12118.3
6870.9  11487.65
6873.5  10371.62
6876.1  10026.63
6878.7  10806.16
6881.3  11344.08
6883.9  11737.89
6886.5  11803.76
6889.1  11745.19
6891.7  11734.47
6894.3  11814.22
6896.9  11752.46
6899.5  11987.94
6902.1  11932.63
6904.7  12238.33
6907.3  12266.05
6909.9  12433.11
6912.5  12707.85
6915.1  12432.15
6917.7  12302.22
6920.3  12601.92
6922.9  12531.1
6925.5  12785.6
6928.1  13061.46
6930.7  13222.83
6933.3  13382.24
6935.9  12914.33
6938.5  13002.89
6941.1  12882.4
6943.7  12857.92
6946.3  13041.19
6948.9  13287.05
6951.5  13461.71
6954.1  13565.24
6956.7  13049.64
6959.3  13030.55
6961.9  13017.35
6964.5  13225.29
6967.1  13634.75
6969.7  13455.54
6972.3  13679.57
6974.9  13445.4
6977.5  13955.8
6980.1  13417.33
6982.7  13555.33
6985.3  13146.9
6987.9  13591.45
6990.5  13942.47
6993.1  13841.89
6995.7  13807.31
6998.3  13706.68
7000.9  13544.26
7003.5  13590.7
7006.1  13431.68
7008.7  13250.01
7011.3  13032.25
7013.9  13230.47
7016.5  13444.57
7019.1  13529.93
7021.7  13159.41
7024.3  13231.1
7026.9  13144.28
7029.5  13500.27
7032.1  13775.17
7034.7  13308.29
7037.3  13239.11
7039.9  13527.7
7042.5  13282.89
7045.1  13209.44
7047.7  13578.44
7050.3  13891.14
7052.9  13941.27
7055.5  13733.55
7058.1  13459.49
7060.7  13228.07
7063.3  13108.14
7065.9  12902.
7068.5  13264.4
7071.1  13497.06
7073.7  13137.23
7076.3  13198.96
7078.9  13439.72
7081.5  13325.17
7084.1  13211.75
7086.7  13095.51
7089.3  13211.02
7091.9  13310.35
7094.5  13439.45
7097.1  13237.46
7099.7  12991.01
7102.3  13621.16
7104.9  13448.78
7107.5  13640.95
7110.1  13305.26
7112.7  13425.3
7115.3  13249.74
7117.9  13645.85
7120.5  13739.5
7123.1  13517.71
7125.7  13288.17
7128.3  13435.3
7130.9  13344.94
7133.5  13096.65
7136.1  13392.47
7138.7  13577.33
7141.3  13528.76
7143.9  13467.8
7146.5  13312.77
7149.1  13183.24
7151.7  13058.29
7154.3  13413.22
7156.9  13684.6
7159.5  13882.94
7162.1  13631.39
7164.7  13495.75
7167.3  13533.34
7169.9  13312.21
7172.5  13414.66
7175.1  13456.54
7177.7  12776.76
7180.3  12575.93
7182.9  12664.15
7185.5  12591.5
7188.1  12496.87
7190.7  12131.35
7193.3  11977.48
7195.9  12812.94
7198.5  12417.33
7201.1  12247.02
7203.7  12799.72
7206.3  12685.05
7208.9  12743.89
7211.5  12869.88
7214.1  12693.18
7216.7  12961.19
7219.3  13121.39
7221.9  13259.14
7224.5  13480.48
7227.1  13072.5
7229.7  13080.31
7232.3  13326.08
7234.9  12811.25
7237.5  12996.79
7240.1  12781.54
7242.7  12579.74
7245.3  13009.21
7247.9  12669.7
7250.5  12635.13
7253.1  13285.57
7255.7  12770.93
7258.3  12814.2
7260.9  12948.81
7263.5  12827.
7266.1  13048.89
7268.7  13022.06
7271.3  13345.15
7273.9  12991.93
7276.5  13212.66
7279.1  13282.29
7281.7  12679.49
7284.3  12425.35
7286.9  12847.51
7289.5  13063.12
7292.1  12738.61
7294.7  12530.28
7297.3  12624.63
7299.9  12947.65
7302.5  13090.12
7305.1  13195.95
7307.7  13075.05
7310.3  12901.23
7312.9  13038.97
7315.5  13267.63
7318.1  13448.82
7320.7  13229.44
7323.3  12967.11
7325.9  13454.06
7328.5  13088.13
7331.1  13481.66
7333.7  13551.87
7336.3  13634.65
7338.9  14016.41
7341.5  13705.35
7344.1  13794.95
7346.7  13529.25
7349.3  13343.56
7351.9  13464.56
7354.5  13478.95
7357.1  13276.15
7359.7  13556.17
7362.3  13745.55
7364.9  13066.37
7367.5  13168.45
7370.1  13805.18
7372.7  13666.39
7375.3  13580.33
7377.9  13994.43
7380.5  13734.94
7383.1  13539.95
7385.7  13185.22
7388.3  13079.13
7390.9  13422.79
7393.5  12986.23
7396.1  13096.94
7398.7  13509.21
7401.3  13602.77
7403.9  13342.11
7406.5  13240.24
7409.1  13274.4
7411.7  13320.99
7414.3  12903.84
7416.9  13014.79
7419.5  12669.24
7422.1  13001.96
7424.7  13248.73
7427.3  13203.
7429.9  13088.02
7432.5  13656.87
7435.1  13160.96
7437.7  13512.25
7440.3  13194.7
7442.9  13067.3
7445.5  13134.87
7448.1  12919.07
7450.7  13031.5
7453.3  13585.26
7455.9  13796.81
7458.5  13563.11
7461.1  13656.11
7463.7  13201.57
7466.3  13248.86
7468.9  13622.48
7471.5  13658.19
7474.1  13740.36
7476.7  13698.07
7479.3  13754.98
7481.9  13442.42
7484.5  13283.35
7487.1  13311.16
7489.7  13227.81
7492.3  13413.93
7494.9  13046.7
7497.5  13028.94
7500.1  13139.61
7502.7  13101.83
7505.3  13722.81
7507.9  13196.53
7510.5  13214.84
7513.1  13033.68
7515.7  13152.22
7518.3  13781.03
7520.9  13395.18
7523.5  13505.83
7526.1  13350.78
7528.7  13649.19
7531.3  13299.27
7533.9  13286.15
7536.5  13775.41
7539.1  13497.98
7541.7  13629.38
7544.3  13510.35
7546.9  13448.36
7549.5  13399.61
7552.1  13587.93
7554.7  13683.25
7557.3  13330.01
7559.9  13046.62
7562.5  13130.41
7565.1  13458.7
7567.7  13278.43
7570.3  13532.94
7572.9  13745.5
7575.5  13714.49
7578.1  13468.14
7580.7  12998.85
7583.3  13635.09
7585.9  13097.65
7588.5  12738.83
7591.1  12679.62
7593.7  11889.54
7596.3  10455.67
7598.9  8637.342
7601.5  6128.186
7604.1  5039.841
7606.7  4413.503
7609.3  4331.3
7611.9  4669.905
7614.5  5768.554
7617.1  7100.658
7619.7  8085.65
7622.3  9094.034
7624.9  9015.403
7627.5  8227.517
7630.1  7555.829
7632.7  7588.236
7635.3  7667.81
7637.9  7480.703
7640.5  8022.468
7643.1  8362.341
7645.7  8908.248
7648.3  9265.409
7650.9  9526.086
7653.5  9610.329
7656.1  9831.417
7658.7  10086.28
7661.3  10451.14
7663.9  10588.33
7666.5  10978.76
7669.1  10848.7
7671.7  11321.71
7674.3  11960.9
7676.9  12382.96
7679.5  12620.08
7682.1  12506.18
7684.7  12377.82
7687.3  12312.35
7689.9  12827.23
7692.5  12317.63
7695.1  12237.83
7697.7  12935.97
7700.3  12458.25
7702.9  12554.5
7705.5  12913.42
7708.1  12804.84
7710.7  13177.82
7713.3  12948.6
7715.9  12763.
7718.5  12586.55
7721.1  12154.03
7723.7  12239.76
7726.3  12876.44
7728.9  13029.31
7731.5  12944.7
7734.1  12771.69
7736.7  12801.93
7739.3  13042.86
7741.9  12720.62
7744.5  12659.
7747.1  12697.29
7749.7  12714.11
7752.3  12617.25
7754.9  12797.78
7757.5  12898.76
7760.1  13205.67
7762.7  12984.39
7765.3  12802.83
7767.9  12861.09
7770.5  13046.15
7773.1  12832.7
7775.7  12728.29
7778.3  12914.07
7780.9  12978.6
7783.5  12866.8
7786.1  12775.53
7788.7  12878.11
7791.3  13465.26
7793.9  13204.95
7796.5  12955.76
7799.1  12857.37
7801.7  12481.83
7804.3  12922.82
7806.9  13245.08
7809.5  13053.07
7812.1  13068.31
7814.7  13266.69
7817.3  12819.66
7819.9  13090.25
7822.5  12925.28
7825.1  12863.94
7827.7  13033.44
7830.3  12518.69
7832.9  12692.4
7835.5  12784.54
7838.1  12683.28
7840.7  12256.29
7843.3  12921.56
7845.9  13232.27
7848.5  13165.36
7851.1  12936.6
7853.7  12916.91
7856.3  12887.98
7858.9  12852.89
7861.5  12536.75
7864.1  12774.93
7866.7  12915.76
7869.3  13056.46
7871.9  12630.06
7874.5  12490.08
7877.1  12831.04
7879.7  12853.01
7882.3  12856.56
7884.9  12788.35
7887.5  12856.35
7890.1  12779.67
7892.7  12628.83
7895.3  12606.39
7897.9  12306.65
7900.5  12284.81
7903.1  12391.67
7905.7  12884.4
7908.3  13222.27
7910.9  12695.99
7913.5  12644.55
7916.1  12440.36
7918.7  12048.37
7921.3  11930.03
7923.9  12486.25
7926.5  12835.37
7929.1  12308.69
7931.7  12118.33
7934.3  12563.21
7936.9  11746.79
7939.5  12245.44
7942.1  12582.05
7944.7  12401.36
7947.3  12213.12
7949.9  11919.54
7952.5  12223.33
7955.1  12219.21
7957.7  12608.8
7960.3  12594.17
7962.9  12487.3
7965.5  12477.64
7968.1  12440.46
7970.7  11581.87
7973.3  12146.48
7975.9  12682.52
7978.5  12552.84
7981.1  12370.19
7983.7  12373.4
7986.3  12508.93
7988.9  13004.66
7991.5  12760.74
7994.1  12768.65
7996.7  12522.96
7999.3  12097.02
8001.9  12087.53
8004.5  11937.27
8007.1  12369.43
8009.7  12407.54
8012.3  12319.68
8014.9  12181.95
8017.5  12657.2
8020.1  12797.07
8022.7  12526.1
8025.3  12461.68
8027.9  12298.31
8030.5  12037.33
8033.1  11849.7
8035.7  12048.63
8038.3  12456.05
8040.9  12194.41
8043.5  12100.44
8046.1  12326.14
8048.7  12356.8
8051.3  12216.88
8053.9  12109.35
8056.5  12268.33
8059.1  12205.88
8061.7  12471.74
8064.3  12561.64
8066.9  12048.77
8069.5  12124.19
8072.1  11806.86
8074.7  12075.5
8077.3  11996.09
8079.9  11905.66
8082.5  12733.87
8085.1  12326.32
8087.7  12112.04
8090.3  11879.52
8092.9  11694.3
8095.5  11717.56
8098.1  11922.28
8100.7  11702.12
8103.3  11606.42
8105.9  11991.39
8108.5  11998.41
8111.1  11659.66
8113.7  11977.66
8116.3  12151.11
8118.9  11946.15
8121.5  12117.73
8124.1  12134.73
8126.7  12135.03
8129.3  11700.73
8131.9  11768.06
8134.5  11852.62
8137.1  12013.24
8139.7  11919.54
8142.3  11454.75
8144.9  11448.67
8147.5  11525.68
8150.1  11569.69
8152.7  11459.43
8155.3  11478.36
8157.9  11522.94
8160.5  11606.96
8163.1  11521.97
8165.7  11293.58
8168.3  11005.59
8170.9  11131.18
8173.5  11428.37
8176.1  11297.36
8178.7  11093.98
8181.3  11385.96
8183.9  10914.53
8186.5  11025.46
8189.1  11285.99
8191.7  11163.54
8194.3  11473.4
8196.9  11227.26
8199.5  11060.03
8202.1  11181.
8204.7  11593.53
8207.3  11643.54
8209.9  11854.28
8212.5  11892.57
8215.1  11367.82
8217.7  11535.07
8220.3  11814.8
8222.9  11583.78
8225.5  11303.29
8228.1  11117.49
8230.7  10842.65
8233.3  11259.51
8235.9  11198.38
8238.5  11507.7
8241.1  11423.86
8243.7  11550.17
8246.3  11628.35
8248.9  11740.01
8251.5  11725.49
8254.1  11940.68
8256.7  11926.93
8259.3  11507.45
8261.9  11313.21
8264.5  11818.74
8267.1  11638.45
8269.7  11869.38
8272.3  12122.26
8274.9  11898.52
8277.5  12141.32
8280.1  12352.07
8282.7  12109.33
8285.3  11230.44
8287.9  11357.93
8290.5  11762.67
8293.1  11094.62
8295.7  11291.22
8298.3  11567.76
8300.9  11202.95
8303.5  11505.87
8306.1  11144.27
8308.7  11507.69
8311.3  11484.08
8313.9  11206.09
8316.5  11594.39
8319.1  11439.65
8321.7  11393.
8324.3  11542.05
8326.9  11383.78
8329.5  11272.38
8332.1  11136.2
8334.7  10999.46
8337.3  11577.46
8339.9  11955.64
8342.5  11827.5
8345.1  11615.5
8347.7  11544.11
8350.3  10754.27
8352.9  10802.87
8355.5  11091.87
8358.1  11267.3
8360.7  11379.8
8363.3  11333.41
8365.9  11614.55
8368.5  11326.14
8371.1  11559.4
8373.7  11487.
8376.3  11411.54
8378.9  11472.35
8381.5  11620.56
8384.1  11862.58
8386.7  11334.03
8389.3  11100.85
8391.9  11723.15
8394.5  12379.61
8397.1  11645.48
8399.7  11811.07
8402.3  11618.08
8404.9  11194.04
8407.5  11313.37
8410.1  11889.42
8412.7  11917.79
8415.3  11752.02
8417.9  11382.12
8420.5  11759.27
8423.1  11908.43
8425.7  12149.79
8428.3  11509.53
8430.9  11436.69
8433.5  11095.01
8436.1  10721.66
8438.7  11334.67
8441.3  11595.65
8443.9  11423.47
8446.5  11844.4
8449.1  11856.08
8451.7  11507.31
8454.3  11550.1
8456.9  11422.16
8459.5  11559.17
8462.1  11589.61
8464.7  11655.47
8467.3  12011.26
8469.9  11119.96
8472.5  10857.81
8475.1  11299.51
8477.7  11377.04
8480.3  11651.58
8482.9  11763.7
8485.5  11865.56
8488.1  12136.21
8490.7  11875.95
8493.3  11535.4
8495.9  11256.82
8498.5  10579.34
8501.1  10041.3
8503.7  9937.386
8506.3  10945.75
8508.9  11445.07
8511.5  11118.38
8514.1  11234.82
8516.7  11036.01
8519.3  11131.48
8521.9  11378.3
8524.5  11334.
8527.1  11101.42
8529.7  10903.91
8532.3  11040.41
8534.9  10933.12
8537.5  10285.67
8540.1  9489.193
8542.7  8950.124
8545.3  8759.73
8547.9  9032.608
8550.5  9694.606
8553.1  10372.6
8555.7  10874.74
8558.3  10921.65
8560.9  10746.22
8563.5  10979.04
8566.1  11171.24
8568.7  11097.64
8571.3  11205.42
8573.9  10963.26
8576.5  10861.
8579.1  11061.07
8581.7  11013.93
8584.3  10934.09
8586.9  10980.71
8589.5  11218.72
8592.1  10811.8
8594.7  11158.46
8597.3  10693.23
8599.9  10835.53
8602.5  11033.91
8605.1  10892.15
8607.7  11126.69
8610.3  10854.74
8612.9  11107.78
8615.5  11087.63
8618.1  11041.09
8620.7  10953.44
8623.3  10742.93
8625.9  10593.38
8628.5  10461.13
8631.1  10942.67
8633.7  11009.1
8636.3  10573.98
8638.9  10616.97
8641.5  11077.36
8644.1  10915.65
8646.7  11310.3
8649.3  11213.76
8651.9  11023.9
8654.5  10984.78
8657.1  10300.18
8659.7  10012.87
8662.3  9018.892
8664.9  8905.896
8667.5  9118.336
8670.1  9960.893
8672.7  10386.92
8675.3  10668.15
8677.9  10738.74
8680.5  10946.52
8683.1  10918.97
8685.7  10544.52
8688.3  10447.66
8690.9  10284.33
8693.5  10728.87
8696.1  10930.5
8698.7  11094.17
8701.3  11136.13
8703.9  11125.23
8706.5  11027.33
8709.1  11140.09
8711.7  11062.6
8714.3  10785.9
8716.9  10940.23
8719.5  10811.52
8722.1  10961.03
8724.7  11164.
8727.3  11052.58
8729.9  11262.26
8732.5  11048.4
8735.1  10705.54
8737.7  10856.95
8740.3  10942.54
8742.9  11166.12
8745.5  10937.5
8748.1  10909.85
8750.7  10875.14
8753.3  10906.38
8755.9  10854.37
8758.5  10896.21
8761.1  11316.78
8763.7  11072.72
8766.3  10544.79
8768.9  10944.81
8771.5  10935.62
8774.1  10489.68
8776.7  10325.18
8779.3  10619.21
8781.9  10415.41
8784.5  10551.2
8787.1  10754.04
8789.7  10543.84
8792.3  10741.73
8794.9  10408.38
8797.5  10031.05
8800.1  10342.49
8802.7  10246.83
8805.3  10179.41
8807.9  10196.24
8810.5  10251.78
8813.1  10495.84
8815.7  10592.85
8818.3  11073.06
8820.9  11967.68
8823.5  11391.35
8826.1  10706.82
8828.7  10532.61
8831.3  9914.408
8833.9  9720.817
8836.5  9938.192
8839.1  10144.17
8841.7  10159.33
8844.3  10275.69
8846.9  10585.87
8849.5  10526.83
8852.1  10496.38
8854.7  10412.89
8857.3  10311.34
8859.9  10415.27
8862.5  10548.48
8865.1  10462.28
8867.7  10063.06
8870.3  9474.345
8872.9  9700.749
8875.5  10186.7
8878.1  10637.8
8880.7  10583.67
8883.3  10632.39
8885.9  10545.13
8888.5  10034.81
8891.1  9740.195
8893.7  9734.779
8896.3  10421.39
8898.9  10590.49
8901.5  10562.12
8904.1  10512.29
8906.7  10536.43
8909.3  10298.25
8911.9  10787.88
8914.5  11585.67
8917.1  10900.28
8919.7  10434.52
8922.3  9854.95
8924.9  9352.593
8927.5  9526.315
8930.1  10235.33
8932.7  10114.22
8935.3  10069.77
8937.9  10514.57
8940.5  10477.95
8943.1  10234.61
8945.7  9745.354
8948.3  9726.444
8950.9  9873.75
8953.5  9654.269
8956.1  9760.695
8958.7  9704.474
8961.3  9207.46
8963.9  8672.651
8966.5  8995.648
8969.1  9257.273
8971.7  9729.4
8974.3  9511.831
8976.9  9596.664
8979.5  9725.037
8982.1  9591.206
8984.7  9500.614
8987.3  9311.58
8989.9  8694.962
8992.5  8884.587
8995.1  8809.813
8997.7  9328.487
9000.3  9069.499
9002.9  9128.878
9005.5  8802.615
9008.1  8485.478
9010.7  8664.788
9013.3  8699.488
9015.9  8683.451
9018.5  8758.109
9021.1  8767.449
9023.7  8944.286
9026.3  8804.466
9028.9  9052.298
9031.5  8546.63
9034.1  8718.419
9036.7  9464.211
9039.3  9508.577
9041.9  9390.829
9044.5  9630.931
9047.1  9576.787
9049.7  9674.926
9052.3  9393.01
9054.9  9175.132
9057.5  8808.928
9060.1  8954.165
9062.7  8896.404
9065.3  8499.122
9067.9  8673.197
9070.5  8922.824
9073.1  8896.776
9075.7  8592.228
9078.3  8609.078
9080.9  8509.784
9083.5  8342.19
9086.1  8165.847
9088.7  8442.671
9091.3  8117.688
9093.9  8200.364
9096.5  8559.788
9099.1  8406.355
9101.7  8446.579
9104.3  8471.287
9106.9  8267.304
9109.5  7873.446
9112.1  8045.178
9114.7  8264.858
9117.3  8189.047
9119.9  8266.755
9122.5  8267.05
9125.1  8421.717
9127.7  8421.182
9130.3  8686.229
9132.9  8141.214
9135.5  8101.182
9138.1  7963.017
9140.7  7943.147
9143.3  8054.998
9145.9  8282.437
9148.5  8510.466
9151.1  8153.489
9153.7  8192.846
9156.3  7838.23
9158.9  7794.403
9161.5  7765.889
9164.1  7715.276
9166.7  7839.115
9169.3  8060.847
9171.9  7945.746
9174.5  7846.797
9177.1  7538.487
9179.7  7575.729
9182.3  7391.051
9184.9  7699.599
9187.5  8257.768
9190.1  8329.232
9192.7  7953.291
9195.3  8147.363
9197.9  8119.053
9200.5  8020.95
9203.1  7948.725
9205.7  8073.757
9208.3  7874.948
9210.9  7788.489
9213.5  7821.033
9216.1  7727.177
9218.7  7609.758
9221.3  7813.64
9223.9  7863.288
9226.5  7808.429
9229.1  7702.168
9231.7  7784.425
9234.3  7390.329
9236.9  7399.874
9239.5  7796.954
9242.1  7845.255
9244.7  7604.543
9247.3  7638.62
9249.9  7642.106
9252.5  7574.903
9255.1  7454.736
9257.7  7614.725
9260.3  7346.586
9262.9  7548.234
9265.5  7582.407
9268.1  7825.949
9270.7  8032.406
9273.3  7908.812
9275.9  7555.395
9278.5  7421.195
9281.1  7146.114
9283.7  7116.909
9286.3  6984.442
9288.9  6921.143
9291.5  7176.808
9294.1  6919.685
9296.7  6880.104
9299.3  7158.995
9301.9  6891.126
9304.5  6946.646
9307.1  7229.95
9309.7  6837.704
9312.3  6516.639
9314.9  5998.873
9317.5  5891.974
9320.1  4995.443
9322.7  4978.219
9325.3  5510.622
9327.9  4979.004
9330.5  5143.759
9333.1  5294.669
9335.7  5338.701
9338.3  5524.765
9340.9  5279.206
9343.5  4867.337
9346.1  4636.068
9348.7  4374.375
9351.3  4914.124
9353.9  5119.491
9356.5  4911.883
9359.1  4984.104
9361.7  4576.162
9364.3  4800.883
9366.9  5330.722
9369.5  5179.719
9372.1  4637.591
9374.7  4318.229
9377.3  4181.863
9379.9  3979.931
9382.5  3798.06
9385.1  4649.795
9387.7  4884.142
9390.3  5135.513
9392.9  5662.145
9395.5  6229.274
9398.1  6079.906
9400.7  5850.395
9403.3  6029.934
9405.9  5697.628
9408.5  5395.916
9411.1  5489.147
9413.7  5676.698
9416.3  5476.558
9418.9  5542.307
9421.5  5473.941
9424.1  5630.837
9426.7  5330.009
9429.3  4970.576
9431.9  5078.132
9434.5  5503.81
9437.1  5424.301
9439.7  5810.589
9442.3  5049.401
9444.9  4390.854
9447.5  4358.517
9450.1  4982.95
9452.7  5457.91
9455.3  5571.661
9457.9  5177.332
9460.5  4831.774
9463.1  4610.432
9465.7  4707.542
9468.3  4789.634
9470.9  5296.131
9473.5  5024.398
9476.1  4658.304
9478.7  4614.713
9481.3  4736.065
9483.9  4439.111
9486.5  4506.397
9489.1  5002.158
9491.7  5310.143
9494.3  5203.761
9496.9  5068.355
9499.5  4654.507
9502.1  4326.412
9504.7  4494.345
9507.3  4758.775
9509.9  4971.413
9512.5  5611.303
9515.1  5871.141
9517.7  5703.216
9520.3  5289.113
9522.9  4903.626
9525.5  4448.742
9528.1  4514.616
9530.7  4793.322
9533.3  4802.402
9535.9  5113.451
9538.5  4868.495
9541.1  4824.158
9543.7  4747.512
9546.3  4686.848
9548.9  4611.626
9551.5  4744.562
9554.1  4907.063
9556.7  4805.767
9559.3  4597.587
9561.9  4565.259
9564.5  4522.402
9567.1  4747.062
9569.7  4552.344
9572.3  4090.569
9574.9  4444.1
9577.5  4881.619
9580.1  4653.313
9582.7  4870.442
9585.3  4546.328
9587.9  4595.112
9590.5  4609.957
9593.1  4494.657
9595.7  4447.786
9598.3  4291.547
9600.9  4562.807
9603.5  4675.373
9606.1  4824.076
9608.7  4922.056
9611.3  4703.195
9613.9  4773.05
9616.5  4536.854
9619.1  4738.638
9621.7  4843.457
9624.3  4678.055
9626.9  4343.505
9629.5  4601.962
9632.1  4537.742
9634.7  4746.077
9637.3  4800.704
9639.9  4514.281
9642.5  4362.525
9645.1  4508.387
9647.7  4470.192
9650.3  4476.768
9652.9  4484.703
9655.5  4488.246
9658.1  4479.823
9660.7  4603.924
9663.3  4522.9
9665.9  4400.767
9668.5  4481.762
9671.1  4459.67
9673.7  4522.622
9676.3  4649.778
9678.9  4511.062
9681.5  4239.841
9684.1  4399.455
9686.7  4744.745
9689.3  4355.396
9691.9  4287.081
9694.5  4849.923
9697.1  4536.983
9699.7  4401.815
9702.3  4389.001
9704.9  4548.572
9707.5  4551.549
9710.1  4526.259
9712.7  4706.006
9715.3  4758.022
9717.9  4530.986
9720.5  4392.849
9723.1  4319.154
9725.7  4518.148
9728.3  4389.401
9730.9  4064.351
9733.5  4141.098
9736.1  4115.354
9738.7  4123.623
9741.3  3951.818
9743.9  3846.008
9746.5  3922.671
9749.1  3939.857
9751.7  3922.359
9754.3  3992.872
9756.9  4038.722
9759.5  4150.096
9762.1  3774.475
9764.7  3894.868
9767.3  4044.5
9769.9  3858.98
9772.5  3880.556
9775.1  3870.566
9777.7  3934.586
9780.3  3892.592
9782.9  3814.349
9785.5  3689.096
9788.1  3507.371
9790.7  3588.987
9793.3  3780.058
9795.9  3481.521
9798.5  3574.684
9801.1  3705.866
9803.7  3865.513
9806.3  3602.426
9808.9  3459.24
9811.5  3812.385
9814.1  3846.14
9816.7  3793.933
9819.3  3742.009
9821.9  3546.675
9824.5  3512.806
9827.1  3568.274
9829.7  3656.639
9832.3  3702.051
9834.9  3747.475
9837.5  3444.828
9840.1  3594.601
9842.7  3478.908
9845.3  3653.078
9847.9  3619.473
9850.5  3441.694
9853.1  3373.728
9855.7  3344.253
9858.3  3550.07
9860.9  3500.059
9863.5  3428.76
9866.1  2908.579
9868.7  3455.943
9871.3  3332.383
9873.9  3286.505
9876.5  3270.799
9879.1  3263.
9881.7  3158.219
9884.3  3223.236
9886.9  3344.316
9889.5  2922.486
9892.1  3391.49
9894.7  3257.309
9897.3  3280.293
9899.9  3206.225
9902.5  3244.497
9905.1  2993.782
9907.7  2834.57
9910.3  3089.599
9912.9  3018.867
9915.5  2985.911
9918.1  2698.741
9920.7  2871.166
9923.3  3005.81
9925.9  2818.245
9928.5  2572.656
9931.1  2834.461
9933.7  2984.272
9936.3  2853.762
9938.9  2328.24
9941.5  2586.437
9944.1  2744.311
9946.7  2717.824
9949.3  2382.832
9951.9  2698.295
9954.5  2835.345
9957.1  2871.999
9959.7  3019.952
9962.3  2896.447
9964.9  2678.975
9967.5  2948.751
9970.1  2866.667
9972.7  2558.917
9975.3  2448.881
9977.9  2518.44
9980.5  2507.911
9983.1  2534.082
9985.7  2474.479
9988.3  2397.449
9990.9  2488.535
9993.5  2670.603
9996.1  2587.561
