3501.3  -0.005872388
3503.9  -0.005039051
3506.5  -0.005791126
3509.1  -0.004314633
3511.7  -0.00539983
3514.3  -0.00555031
3516.9  -0.005717831
3519.5  -0.004753135
3522.1  -0.005498433
3524.7  -0.005414828
3527.3  -0.006101316
3529.9  -0.006336992
3532.5  -0.005512916
3535.1  -0.006428387
3537.7  -0.005418238
3540.3  -0.005261537
3542.9  -0.005901433
3545.5  -0.005993158
3548.1  -0.005230122
3550.7  -0.005940827
3553.3  -0.005914921
3555.9  -0.006172488
3558.5  -0.005970337
3561.1  -0.005730722
3563.7  -0.006511169
3566.3  -0.006220744
3568.9  -0.007471272
3571.5  -0.006968353
3574.1  -0.00584259
3576.7  -0.006100264
3579.3  -0.006373762
3581.9  -0.006433052
3584.5  -0.006147521
3587.1  -0.006212444
3589.7  -0.006347278
3592.3  -0.007409995
3594.9  -0.00567275
3597.5  -0.00658941
3600.1  -0.005705354
3602.7  -0.006161686
3605.3  -0.006609961
3607.9  -0.006537965
3610.5  -0.006657814
3613.1  -0.006744404
3615.7  -0.006587354
3618.3  -0.007094983
3620.9  -0.007460331
3623.5  -0.00772686
3626.1  -0.007109099
3628.7  -0.006895083
3631.3  -0.006709075
3633.9  -0.007298078
3636.5  -0.007665335
3639.1  -0.007565326
3641.7  -0.007770882
3644.3  -0.007373306
3646.9  -0.006201391
3649.5  -0.008751982
3652.1  -0.008331603
3654.7  -0.006771394
3657.3  -0.007419086
3659.9  -0.007301052
3662.5  -0.008005942
3665.1  -0.00776944
3667.7  -0.007740555
3670.3  -0.00886645
3672.9  -0.008069439
3675.5  -0.008870498
3678.1  -0.007880122
3680.7  -0.006607841
3683.3  -0.009460619
3685.9  -0.007274702
3688.5  -0.01024832
3691.1  -0.009341428
3693.7  -0.009372835
3696.3  -0.009313677
3698.9  -0.009259485
3701.5  -0.009488747
3704.1  -0.009384051
3706.7  -0.01075084
3709.3  -0.01005949
3711.9  -0.009071141
3714.5  -0.009055881
3717.1  -0.01138729
3719.7  -0.01053929
3722.3  -0.009549078
3724.9  -0.01132852
3727.5  -0.007269317
3730.1  -0.009926148
3732.7  -0.01012445
3735.3  -0.009339519
3737.9  -0.01250987
3740.5  -0.01025711
3743.1  -0.008690653
3745.7  -0.01221446
3748.3  -0.01391086
3750.9  -0.01049379
3753.5  -0.01074755
3756.1  -0.01368019
3758.7  -0.01167519
3761.3  -0.01131914
3763.9  -0.01260619
3766.5  -0.01130202
3769.1  -0.0111535
3771.7  -0.01251765
3774.3  -0.01060979
3776.9  -0.01320755
3779.5  -0.0120206
3782.1  -0.01311178
3784.7  -0.0142161
3787.3  -0.01311956
3789.9  -0.01455815
3792.5  -0.01501314
3795.1  -0.01423924
3797.7  -0.01550292
3800.3  -0.01387222
3802.9  -0.01568666
3805.5  -0.01665147
3808.1  -0.01364018
3810.7  -0.01664206
3813.3  -0.01543383
3815.9  -0.0162078
3818.5  -0.01897049
3821.1  -0.01820436
3823.7  -0.01572283
3826.3  -0.01554364
3828.9  -0.01834091
3831.5  -0.02091322
3834.1  -0.0228956
3836.7  -0.02165877
3839.3  -0.01787838
3841.9  -0.02247893
3844.5  -0.01962409
3847.1  -0.02249175
3849.7  -0.02357928
3852.3  -0.02170681
3854.9  -0.02205655
3857.5  -0.02120972
3860.1  -0.02820307
3862.7  -0.02994546
3865.3  -0.03070834
3867.9  -0.03146912
3870.5  -0.03021385
3873.1  -0.02832026
3875.7  -0.02869092
3878.3  -0.03879383
3880.9  -0.03945064
3883.5  -0.03737982
3886.1  -0.03967734
3888.7  -0.04588209
3891.3  -0.04450143
3893.9  -0.04521075
3896.5  -0.05166149
3899.1  -0.05205655
3901.7  -0.06027559
3904.3  -0.06376787
3906.9  -0.06200923
3909.5  -0.06943799
3912.1  -0.07514384
3914.7  -0.0926885
3917.3  -0.1063636
3919.9  -0.1166326
3922.5  -0.1264132
3925.1  -0.1806868
3927.7  -0.2187723
3930.3  -0.3789419
3932.9  -0.4993981
3935.5  -1.568904
3938.1  1.6533
3940.7  0.5012338
3943.3  0.2872454
3945.9  0.203848
3948.5  0.1566185
3951.1  0.1480533
3953.7  0.1237583
3956.3  0.1048953
3958.9  0.09494463
3961.5  0.07782649
3964.1  0.06362882
3966.7  0.05721135
3969.3  0.06416167
3971.9  0.05636612
3974.5  0.05421347
3977.1  0.04647154
3979.7  0.05085014
3982.3  0.04078975
3984.9  0.04290975
3987.5  0.03663135
3990.1  0.03578834
3992.7  0.03499863
3995.3  0.03222727
3997.9  0.03436382
4000.5  0.02949374
4003.1  0.03308672
4005.7  0.02843012
4008.3  0.02824897
4010.9  0.02635829
4013.5  0.0221227
4016.1  0.01965165
4018.7  0.02329137
4021.3  0.01960886
4023.9  0.0233042
4026.5  0.0207312
4029.1  0.02315662
4031.7  0.01929687
4034.3  0.02160502
4036.9  0.01885079
4039.5  0.02288248
4042.1  0.02296622
4044.7  0.02122376
4047.3  0.01600076
4049.9  0.01326307
4052.5  0.01674234
4055.1  0.01528638
4057.7  0.01669815
4060.3  0.01563345
4062.9  0.01252489
4065.5  0.01590982
4068.1  0.01508091
4070.7  0.01659708
4073.3  0.01285889
4075.9  0.01507096
4078.5  0.01362062
4081.1  0.01549604
4083.7  0.01581405
4086.3  0.01174534
4088.9  0.01313962
4091.5  0.01276041
4094.1  0.01389555
4096.7  0.01176378
4099.3  0.009635875
4101.9  0.01126993
4104.5  0.01026743
4107.1  0.01157536
4109.7  0.01134262
4112.3  0.01145057
4114.9  0.01139176
4117.5  0.01047864
4120.1  0.0107513
4122.7  0.01036303
4125.3  0.009444951
4127.9  0.009683032
4130.5  0.01249407
4133.1  0.01042774
4135.7  0.01045878
4138.3  0.009380369
4140.9  0.007816404
4143.5  0.008528698
4146.1  0.00777252
4148.7  0.009540311
4151.3  0.009452229
4153.9  0.007877921
4156.5  0.008945399
4159.1  0.007303772
4161.7  0.00845387
4164.3  0.007565351
4166.9  0.008202738
4169.5  0.00896713
4172.1  0.008953257
4174.7  0.008531957
4177.3  0.008435044
4179.9  0.007737046
4182.5  0.008019041
4185.1  0.007598058
4187.7  0.007733354
4190.3  0.007930466
4192.9  0.009136728
4195.5  0.007762691
4198.1  0.007243759
4200.7  0.006466713
4203.3  0.007280808
4205.9  0.007912877
4208.5  0.008380192
4211.1  0.008132744
4213.7  0.006851238
4216.3  0.007483215
4218.9  0.006864239
4221.5  0.006890684
4224.1  0.006692408
4226.7  0.005663567
4229.3  0.005697982
4231.9  0.006297173
4234.5  0.006570837
4237.1  0.006124523
4239.7  0.006186761
4242.3  0.005199945
4244.9  0.005574417
4247.5  0.00696894
4250.1  0.007288828
4252.7  0.006711548
4255.3  0.005837019
4257.9  0.006359086
4260.5  0.005358498
4263.1  0.005150381
4265.7  0.004887756
4268.3  0.00507463
4270.9  0.005133326
4273.5  0.006138882
4276.1  0.005822152
4278.7  0.005916116
4281.3  0.005340565
4283.9  0.004951788
4286.5  0.004441516
4289.1  0.006255253
4291.7  0.005439802
4294.3  0.005002494
4296.9  0.004905766
4299.5  0.0060081
4302.1  0.005354601
4304.7  0.005575789
4307.3  0.005191865
4309.9  0.004950708
4312.5  0.006298261
4315.1  0.004582989
4317.7  0.004378013
4320.3  0.004206633
4322.9  0.004535416
4325.5  0.004272124
4328.1  0.00429792
4330.7  0.004905285
4333.3  0.005925252
4335.9  0.004441234
4338.5  0.004820283
4341.1  0.00544244
4343.7  0.004681229
4346.3  0.004385646
4348.9  0.005915141
4351.5  0.004848245
4354.1  0.004837574
4356.7  0.004695749
4359.3  0.004125725
4361.9  0.003811161
4364.5  0.0043758
4367.1  0.004131841
4369.7  0.004715977
4372.3  0.005236872
4374.9  0.004443217
4377.5  0.004177304
4380.1  0.003341357
4382.7  0.00356097
4385.3  0.003612857
4387.9  0.004127106
4390.5  0.0034257
4393.1  0.004203369
4395.7  0.003259204
4398.3  0.003715865
4400.9  0.004054894
4403.5  0.003854208
4406.1  0.003984889
4408.7  0.003876117
4411.3  0.003731512
4413.9  0.003220919
4416.5  0.003892409
4419.1  0.003425933
4421.7  0.003565276
4424.3  0.003328794
4426.9  0.003006226
4429.5  0.004387559
4432.1  0.004316189
4434.7  0.003304827
4437.3  0.004023607
4439.9  0.002978614
4442.5  0.00352432
4445.1  0.003616482
4447.7  0.004081718
4450.3  0.004293801
4452.9  0.003052578
4455.5  0.003130093
4458.1  0.00330681
4460.7  0.00423854
4463.3  0.00364873
4465.9  0.003602777
4468.5  0.003100997
4471.1  0.003230863
4473.7  0.003441944
4476.3  0.003645114
4478.9  0.004244724
4481.5  0.003570478
4484.1  0.003621145
4486.7  0.003127137
4489.3  0.002534579
4491.9  0.002880438
4494.5  0.003501915
4497.1  0.003412693
4499.7  0.003083589
4502.3  0.002474903
4504.9  0.003523314
4507.5  0.003526526
4510.1  0.002653232
4512.7  0.003258926
4515.3  0.003411102
4517.9  0.004082029
4520.5  0.003153407
4523.1  0.003181507
4525.7  0.003358288
4528.3  0.003101469
4530.9  0.002593745
4533.5  0.00279232
4536.1  0.002723773
4538.7  0.00317665
4541.3  0.002654617
4543.9  0.002592169
4546.5  0.003220571
4549.1  0.003355706
4551.7  0.00303784
4554.3  0.004126716
4556.9  0.003691131
4559.5  0.003091405
4562.1  0.002755739
4564.7  0.003096232
4567.3  0.003445955
4569.9  0.003624466
4572.5  0.003335197
4575.1  0.002803766
4577.7  0.00272012
4580.3  0.003427373
4582.9  0.002525354
4585.5  0.002838157
4588.1  0.00423374
4590.7  0.002601483
4593.3  0.003046838
4595.9  0.002524301
4598.5  0.00247056
4601.1  0.003192102
4603.7  0.00251879
4606.3  0.002754875
4608.9  0.003474002
4611.5  0.002827196
4614.1  0.002837053
4616.7  0.002955921
4619.3  0.003230111
4621.9  0.003376278
4624.5  0.002781901
4627.1  0.002847213
4629.7  0.00168434
4632.3  0.00132984
4634.9  0.003178448
4637.5  0.002575603
4640.1  0.002968397
4642.7  0.002457662
4645.3  0.003124242
4647.9  0.002537861
4650.5  0.002736983
4653.1  0.002900609
4655.7  0.00254464
4658.3  0.002516869
4660.9  0.003202912
4663.5  0.00367372
4666.1  0.0035087
4668.7  0.002819676
4671.3  0.003659992
4673.9  0.003871199
4676.5  0.003828905
4679.1  0.004281546
4681.7  0.003830053
4684.3  0.003700524
4686.9  0.005070837
4689.5  0.005718199
4692.1  0.005667248
4694.7  0.006674292
4697.3  0.007428105
4699.9  0.00808962
4702.5  0.008104389
4705.1  0.01028795
4707.7  0.01064182
4710.3  0.0135564
4712.9  0.01423016
4715.5  0.01505268
4718.1  0.01684142
4720.7  0.01606896
4723.3  0.01780955
4725.9  0.02073894
4728.5  0.02173448
4731.1  0.02158636
4733.7  0.02548636
4736.3  0.02643473
4738.9  0.02742323
4741.5  0.02918435
4744.1  0.03272817
4746.7  0.03744831
4749.3  0.03997095
4751.9  0.04469183
4754.5  0.04879082
4757.1  0.0522164
4759.7  0.05945522
4762.3  0.0681707
4764.9  0.07239039
4767.5  0.07235956
4770.1  0.08472928
4772.7  0.09779594
4775.3  0.1023001
4777.9  0.1128986
4780.5  0.1145309
4783.1  0.1189149
4785.7  0.1328375
4788.3  0.1272712
4790.9  0.1288222
4793.5  0.1408886
4796.1  0.139527
4798.7  0.1363004
4801.3  0.145997
4803.9  0.1519055
4806.5  0.1555433
4809.1  0.1587109
4811.7  0.1637616
4814.3  0.1632247
4816.9  0.1764138
4819.5  0.1745505
4822.1  0.1871876
4824.7  0.1993934
4827.3  0.2084971
4829.9  0.2153888
4832.5  0.2225329
4835.1  0.2468597
4837.7  0.2352958
4840.3  0.2411264
4842.9  0.2694508
4845.5  0.2652921
4848.1  0.2743706
4850.7  0.2471421
4853.3  0.2390596
4855.9  0.2242593
4858.5  0.1985173
4861.1  0.180143
4863.7  0.17574
4866.3  0.2034308
4868.9  0.2287555
4871.5  0.2497222
4874.1  0.2658897
4876.7  0.2872108
4879.3  0.2912913
4881.9  0.3323625
4884.5  0.3367544
4887.1  0.353347
4889.7  0.3527459
4892.3  0.3658064
4894.9  0.3853869
4897.5  0.4114049
4900.1  0.4124715
4902.7  0.4757103
4905.3  0.4370213
4907.9  0.4677751
4910.5  0.474191
4913.1  0.498133
4915.7  0.5277279
4918.3  0.5136077
4920.9  0.555539
4923.5  0.5763038
4926.1  0.6094859
4928.7  0.5801715
4931.3  0.5735105
4933.9  0.6000091
4936.5  0.6581868
4939.1  0.6583688
4941.7  0.6041234
4944.3  0.6066748
4946.9  0.6908107
4949.5  0.606109
4952.1  0.6216494
4954.7  0.6102182
4957.3  0.5719787
4959.9  0.5733894
4962.5  0.5987068
4965.1  0.5937734
4967.7  0.6089553
4970.3  0.6514142
4972.9  0.6413867
4975.5  0.6553472
4978.1  0.6878709
4980.7  0.631388
4983.3  0.6813645
4985.9  0.6570899
4988.5  0.6579232
4991.1  0.728908
4993.7  0.7233509
4996.3  0.7339442
4998.9  0.7776286
5001.5  0.8101658
5004.1  0.8012084
5006.7  0.81015
5009.3  0.8031384
5011.9  0.8328704
5014.5  0.8278295
5017.1  0.8089709
5019.7  0.8204563
5022.3  0.7952529
5024.9  0.7835898
5027.5  0.804816
5030.1  0.7693086
5032.7  0.7498112
5035.3  0.7520636
5037.9  0.7668988
5040.5  0.7753363
5043.1  0.7624839
5045.7  0.7070332
5048.3  0.7291788
5050.9  0.7273155
5053.5  0.7297566
5056.1  0.7306247
5058.7  0.7499854
5061.3  0.7632266
5063.9  0.7631971
5066.5  0.7962272
5069.1  0.8195902
5071.7  0.8036475
5074.3  0.8247064
5076.9  0.8476361
5079.5  0.8359955
5082.1  0.8972112
5084.7  0.9101703
5087.3  0.8934413
5089.9  0.9216025
5092.5  0.9380042
5095.1  0.8911493
5097.7  0.9346134
5100.3  0.9393278
5102.9  0.9886703
5105.5  0.9102259
5108.1  0.9375051
5110.7  0.9396538
5113.3  0.9633458
5115.9  0.9318033
5118.5  0.9038064
5121.1  0.900102
5123.7  0.903518
5126.3  0.8938414
5128.9  0.849714
5131.5  0.8884137
5134.1  0.87124
5136.7  0.8678837
5139.3  0.8665425
5141.9  0.8666406
5144.5  0.8785247
5147.1  0.8792536
5149.7  0.8940868
5152.3  0.8889975
5154.9  0.8694599
5157.5  0.9353698
5160.1  0.9328741
5162.7  0.9119774
5165.3  0.9426558
5167.9  0.9673692
5170.5  0.948586
5173.1  0.9015998
5175.7  0.9455474
5178.3  1.031429
5180.9  0.9901245
5183.5  0.9687273
5186.1  0.9799341
5188.7  0.9882539
5191.3  0.9741
5193.9  0.991986
5196.5  0.976344
5199.1  0.9549436
5201.7  0.9794367
5204.3  0.9677268
5206.9  0.9383721
5209.5  0.9894029
5212.1  0.9247072
5214.7  0.9307967
5217.3  0.9310608
5219.9  0.9216362
5222.5  0.9249856
5225.1  0.9145041
5227.7  0.9170245
5230.3  0.9056998
5232.9  0.9039327
5235.5  0.9175636
5238.1  0.938281
5240.7  0.9312108
5243.3  0.9323761
5245.9  0.9668977
5248.5  0.9835469
5251.1  0.9679022
5253.7  0.9862221
5256.3  0.99756
5258.9  0.9990087
5261.5  1.017981
5264.1  1.053765
5266.7  0.9976942
5269.3  1.016462
5271.9  1.007369
5274.5  1.015524
5277.1  1.028506
5279.7  0.9767022
5282.3  0.9989136
5284.9  1.051151
5287.5  1.024464
5290.1  1.002904
5292.7  0.9987569
5295.3  0.9848619
5297.9  0.9483503
5300.5  0.9620181
5303.1  1.012184
5305.7  0.9557626
5308.3  0.95384
5310.9  0.9226471
5313.5  0.9510761
5316.1  0.9426291
5318.7  0.933192
5321.3  0.9270396
5323.9  0.921084
5326.5  0.9178197
5329.1  0.9681437
5331.7  0.958512
5334.3  0.9716633
5336.9  0.9834052
5339.5  1.002543
5342.1  1.00103
5344.7  0.9966804
5347.3  1.008965
5349.9  1.058008
5352.5  1.014818
5355.1  1.017231
5357.7  1.011938
5360.3  1.035242
5362.9  1.032786
5365.5  0.9974042
5368.1  1.030705
5370.7  1.008865
5373.3  0.9718584
5375.9  1.001504
5378.5  0.9826124
5381.1  0.9897577
5383.7  0.9786337
5386.3  0.9843595
5388.9  0.9619354
5391.5  0.9672354
5394.1  0.9719773
5396.7  0.9621106
5399.3  0.9410303
5401.9  0.8973011
5404.5  0.8964853
5407.1  0.8970804
5409.7  0.8803397
5412.3  0.8783144
5414.9  0.8790331
5417.5  0.9104241
5420.1  0.9266953
5422.7  0.9061264
5425.3  0.9197659
5427.9  0.9238909
5430.5  0.9336221
5433.1  0.929627
5435.7  0.9575724
5438.3  0.9972301
5440.9  0.9862601
5443.5  0.9830861
5446.1  1.01687
5448.7  1.02275
5451.3  1.021804
5453.9  1.02926
5456.5  1.043495
5459.1  1.048599
5461.7  1.066196
5464.3  1.073017
5466.9  1.049546
5469.5  1.079504
5472.1  1.039262
5474.7  1.010438
5477.3  1.05156
5479.9  1.078012
5482.5  1.034587
5485.1  1.011618
5487.7  1.012815
5490.3  1.025683
5492.9  1.019212
5495.5  1.017263
5498.1  0.9852131
5500.7  0.9856428
5503.3  0.9820617
5505.9  0.9767154
5508.5  0.9478789
5511.1  0.9414054
5513.7  0.9764801
5516.3  0.9525306
5518.9  0.9861414
5521.5  0.9785563
5524.1  0.9655356
5526.7  0.9711932
5529.3  0.9711519
5531.9  0.9888126
5534.5  1.01566
5537.1  1.00375
5539.7  1.010889
5542.3  1.040497
5544.9  1.013861
5547.5  1.046354
5550.1  1.034155
5552.7  1.038466
5555.3  1.044313
5557.9  1.050186
5560.5  1.051182
5563.1  1.048462
5565.7  1.059591
5568.3  1.061114
5570.9  1.050486
5573.5  1.016091
5576.1  1.029057
5578.7  1.033867
5581.3  1.050702
5583.9  1.047857
5586.5  1.059684
5589.1  1.063172
5591.7  1.032401
5594.3  1.007064
5596.9  0.9923842
5599.5  0.9899655
5602.1  1.019686
5604.7  1.049898
5607.3  1.018932
5609.9  0.9909316
5612.5  0.9774217
5615.1  1.004437
5617.7  0.9863659
5620.3  0.9982579
5622.9  1.013908
5625.5  1.015838
5628.1  1.008429
5630.7  1.007601
5633.3  0.9931458
5635.9  0.9972289
5638.5  0.9920533
5641.1  0.9937425
5643.7  1.009241
5646.3  1.008403
5648.9  1.013945
5651.5  0.9972109
5654.1  0.9816077
5656.7  0.9876828
5659.3  0.9574099
5661.9  0.9531015
5664.5  0.9539575
5667.1  0.9475931
5669.7  0.9714582
5672.3  0.9377044
5674.9  0.933373
5677.5  0.9353638
5680.1  0.9152173
5682.7  0.9143392
5685.3  0.9128179
5687.9  0.9052452
5690.5  0.9002719
5693.1  0.8988856
5695.7  0.9003042
5698.3  0.8908364
5700.9  0.8828076
5703.5  0.8836414
5706.1  0.8577855
5708.7  0.8549681
5711.3  0.8731528
5713.9  0.8556499
5716.5  0.8723951
5719.1  0.8807573
5721.7  0.8891842
5724.3  0.8859429
5726.9  0.8813102
5729.5  0.8741334
5732.1  0.8830355
5734.7  0.8947076
5737.3  0.8761729
5739.9  0.9131092
5742.5  0.9260305
5745.1  0.9074912
5747.7  0.9385189
5750.3  0.9314131
5752.9  0.9317826
5755.5  0.9338002
5758.1  0.9455185
5760.7  0.9573445
5763.3  0.956251
5765.9  0.9533951
5768.5  0.9482169
5771.1  0.9485385
5773.7  0.9462933
5776.3  0.944424
5778.9  0.9304851
5781.5  0.9069375
5784.1  0.9161238
5786.7  0.9066067
5789.3  0.9230067
5791.9  0.9436502
5794.5  0.9272167
5797.1  0.9321439
5799.7  0.9085007
5802.3  0.9068194
5804.9  0.9004182
5807.5  0.9161465
5810.1  0.9123418
5812.7  0.9234554
5815.3  0.8832833
5817.9  0.8831214
5820.5  0.8869749
5823.1  0.8835647
5825.7  0.8805962
5828.3  0.8609398
5830.9  0.8820923
5833.5  0.880493
5836.1  0.8845876
5838.7  0.8906119
5841.3  0.8806064
5843.9  0.8746867
5846.5  0.8886086
5849.1  0.8873799
5851.7  0.8898281
5854.3  0.8641359
5856.9  0.8949928
5859.5  0.9121271
5862.1  0.9100985
5864.7  0.9272185
5867.3  0.9154064
5869.9  0.9243754
5872.5  0.9371181
5875.1  0.9081244
5877.7  0.922739
5880.3  0.9444534
5882.9  0.933005
5885.5  0.9133294
5888.1  0.9040718
5890.7  0.873181
5893.3  0.8620396
5895.9  0.8550942
5898.5  0.8674091
5901.1  0.8653075
5903.7  0.8990018
5906.3  0.8959597
5908.9  0.9087241
5911.5  0.9259769
5914.1  0.9163784
5916.7  0.914678
5919.3  0.9078075
5921.9  0.9036674
5924.5  0.9009737
5927.1  0.8988979
5929.7  0.8829528
5932.3  0.8903236
5934.9  0.8854455
5937.5  0.8953011
5940.1  0.8830335
5942.7  0.8904914
5945.3  0.8862686
5947.9  0.8813937
5950.5  0.8814292
5953.1  0.8694338
5955.7  0.8794423
5958.3  0.8921254
5960.9  0.8911359
5963.5  0.8977084
5966.1  0.8970495
5968.7  0.8950583
5971.3  0.9173266
5973.9  0.9203985
5976.5  0.9271156
5979.1  0.9097205
5981.7  0.9367702
5984.3  0.9475774
5986.9  0.9254561
5989.5  0.9407314
5992.1  0.9436907
5994.7  0.9281557
5997.3  0.9285988
5999.9  0.9410913
6002.5  0.9378924
6005.1  0.9472765
6007.7  0.9507998
6010.3  0.9325871
6012.9  0.931625
6015.5  0.9207439
6018.1  0.919677
6020.7  0.9195414
6023.3  0.9239979
6025.9  0.9106827
6028.5  0.8884738
6031.1  0.9155081
6033.7  0.8906106
6036.3  0.8894867
6038.9  0.8979922
6041.5  0.8889409
6044.1  0.8790874
6046.7  0.87383
6049.3  0.876234
6051.9  0.8848085
6054.5  0.8736888
6057.1  0.8958314
6059.7  0.8717827
6062.3  0.8633841
6064.9  0.8775968
6067.5  0.8566075
6070.1  0.8559811
6072.7  0.8776788
6075.3  0.8878015
6077.9  0.8711571
6080.5  0.8646569
6083.1  0.868329
6085.7  0.8769346
6088.3  0.8738854
6090.9  0.8836195
6093.5  0.8842799
6096.1  0.8918819
6098.7  0.8930405
6101.3  0.8914639
6103.9  0.9217065
6106.5  0.9143873
6109.1  0.9161897
6111.7  0.9101514
6114.3  0.9131923
6116.9  0.9182331
6119.5  0.9461941
6122.1  0.9431048
6124.7  0.9632863
6127.3  0.9671048
6129.9  0.9513433
6132.5  0.9716586
6135.1  0.9612895
6137.7  0.9537947
6140.3  0.9775897
6142.9  0.9789752
6145.5  0.9849604
6148.1  0.9917218
6150.7  0.9858367
6153.3  0.984527
6155.9  0.97469
6158.5  0.9734191
6161.1  0.9597082
6163.7  0.9710084
6166.3  0.9680306
6168.9  0.9814518
6171.5  1.000778
6174.1  0.9837706
6176.7  0.9710073
6179.3  0.9742667
6181.9  0.9765559
6184.5  0.9740334
6187.1  0.9752743
6189.7  0.9917768
6192.3  0.9813431
6194.9  0.9807488
6197.5  0.9662418
6200.1  0.9756562
6202.7  0.9663446
6205.3  0.9559425
6207.9  0.9751708
6210.5  0.9706128
6213.1  0.9796834
6215.7  0.9933846
6218.3  0.9889985
6220.9  0.9775147
6223.5  0.98169
6226.1  1.000701
6228.7  0.9917395
6231.3  1.000323
6233.9  0.9864829
6236.5  0.9797277
6239.1  0.9881489
6241.7  0.9898373
6244.3  0.9738207
6246.9  0.9748087
6249.5  1.000173
6252.1  0.9764159
6254.7  0.9739797
6257.3  0.980073
6259.9  0.9905246
6262.5  0.9886799
6265.1  0.9726335
6267.7  0.9676783
6270.3  0.9877936
6272.9  0.9587773
6275.5  0.9533449
6278.1  0.9315152
6280.7  0.9255353
6283.3  0.9042073
6285.9  0.9193616
6288.5  0.9195084
6291.1  0.9290583
6293.7  0.9371104
6296.3  0.9091218
6298.9  0.9630514
6301.5  0.954487
6304.1  0.9727499
6306.7  0.9722048
6309.3  0.9525433
6311.9  0.947223
6314.5  0.9631924
6317.1  0.9509373
6319.7  0.9284331
6322.3  0.9430833
6324.9  0.9621975
6327.5  0.950433
6330.1  0.9347827
6332.7  0.964108
6335.3  0.9680531
6337.9  0.9522176
6340.5  0.9608316
6343.1  0.9459459
6345.7  0.9704009
6348.3  0.9603512
6350.9  0.9587021
6353.5  0.9573717
6356.1  0.9511164
6358.7  0.9540648
6361.3  0.9760655
6363.9  0.9740298
6366.5  0.9610552
6369.1  0.9697201
6371.7  0.9757766
6374.3  0.9775004
6376.9  0.9484091
6379.5  0.9727645
6382.1  1.002988
6384.7  0.984335
6387.3  0.9951457
6389.9  0.9845701
6392.5  0.9780352
6395.1  0.984767
6397.7  0.9730074
6400.3  0.9617761
6402.9  0.9680144
6405.5  0.9596673
6408.1  0.9707342
6410.7  0.9639436
6413.3  0.9645421
6415.9  0.9588088
6418.5  0.9553305
6421.1  0.9499563
6423.7  0.9445888
6426.3  0.9597371
6428.9  0.9551476
6431.5  0.9481394
6434.1  0.9420048
6436.7  0.9310125
6439.3  0.9283386
6441.9  0.9233455
6444.5  0.9290763
6447.1  0.9219457
6449.7  0.9275343
6452.3  0.9167304
6454.9  0.9011164
6457.5  0.9003025
6460.1  0.9019263
6462.7  0.9147769
6465.3  0.9294374
6467.9  0.9357237
6470.5  0.9297801
6473.1  0.9341481
6475.7  0.9153078
6478.3  0.9358582
6480.9  0.9438066
6483.5  0.9403443
6486.1  0.9319544
6488.7  0.9295661
6491.3  0.9244126
6493.9  0.9356182
6496.5  0.9402801
6499.1  0.9433177
6501.7  0.9468796
6504.3  0.9598434
6506.9  0.9295288
6509.5  0.962127
6512.1  0.9740155
6514.7  0.9538641
6517.3  0.9401718
6519.9  0.9457523
6522.5  0.9408334
6525.1  0.9412015
6527.7  0.9277926
6530.3  0.9332907
6532.9  0.9344655
6535.5  0.9252567
6538.1  0.9176263
6540.7  0.907757
6543.3  0.8999233
6545.9  0.8643202
6548.5  0.8451173
6551.1  0.8094449
6553.7  0.7778711
6556.3  0.7289715
6558.9  0.681299
6561.5  0.6334038
6564.1  0.6019289
6566.7  0.6036826
6569.3  0.6337866
6571.9  0.6902285
6574.5  0.7566233
6577.1  0.7948738
6579.7  0.8175473
6582.3  0.8447136
6584.9  0.8736809
6587.5  0.886081
6590.1  0.8862002
6592.7  0.901937
6595.3  0.9055082
6597.9  0.9314182
6600.5  0.9342604
6603.1  0.9423323
6605.7  0.9389257
6608.3  0.9390196
6610.9  0.9370395
6613.5  0.9519491
6616.1  0.9523882
6618.7  0.940033
6621.3  0.9591499
6623.9  0.9605525
6626.5  0.959502
6629.1  0.959775
6631.7  0.9606053
6634.3  0.9572805
6636.9  0.964458
6639.5  0.9701202
6642.1  0.9750379
6644.7  0.9842029
6647.3  0.9799378
6649.9  0.9925983
6652.5  0.9818881
6655.1  0.9867135
6657.7  0.9851195
6660.3  0.9857873
6662.9  1.00068
6665.5  1.007727
6668.1  0.9945882
6670.7  1.011618
6673.3  1.009724
6675.9  1.000676
6678.5  1.011104
6681.1  1.007971
6683.7  0.9980628
6686.3  1.007266
6688.9  1.003158
6691.5  1.00639
6694.1  1.003732
6696.7  1.007581
6699.3  1.017151
6701.9  1.008425
6704.5  0.999836
6707.1  1.000038
6709.7  1.001472
6712.3  1.006568
6714.9  0.995565
6717.5  1.007468
6720.1  1.016535
6722.7  1.0126
6725.3  0.9999583
6727.9  0.9938011
6730.5  0.9931517
6733.1  0.9952009
6735.7  0.993053
6738.3  0.9830754
6740.9  0.9963039
6743.5  0.9959752
6746.1  0.9936841
6748.7  0.9898965
6751.3  0.9968475
6753.9  1.002739
6756.5  0.9972944
6759.1  0.9945858
6761.7  0.9948804
6764.3  0.985485
6766.9  1.003361
6769.5  0.9964786
6772.1  0.9986115
6774.7  1.00078
6777.3  0.9964319
6779.9  0.9998491
6782.5  0.9961755
6785.1  0.9941671
6787.7  1.001763
6790.3  1.0058
6792.9  1.006399
6795.5  1.005078
6798.1  1.0126
6800.7  1.006346
6803.3  1.011353
6805.9  0.9923436
6808.5  0.9968545
6811.1  1.022826
6813.7  1.012782
6816.3  1.027208
6818.9  1.020241
6821.5  1.009279
6824.1  1.011406
6826.7  1.021457
6829.3  1.018924
6831.9  1.015425
6834.5  1.02742
6837.1  1.021302
6839.7  1.023242
6842.3  1.008392
6844.9  1.009062
6847.5  1.023172
6850.1  1.02113
6852.7  1.023311
6855.3  1.012968
6857.9  1.014703
6860.5  1.009835
6863.1  0.9830869
6865.7  0.9367531
6868.3  0.8534145
6870.9  0.8082886
6873.5  0.7888543
6876.1  0.8198339
6878.7  0.8684152
6881.3  0.9014736
6883.9  0.9261991
6886.5  0.9039266
6889.1  0.9060957
6891.7  0.8926539
6894.3  0.9053255
6896.9  0.8956454
6899.5  0.912158
6902.1  0.9144585
6904.7  0.9109965
6907.3  0.9424017
6909.9  0.9451222
6912.5  0.9589379
6915.1  0.9581712
6917.7  0.9630675
6920.3  0.9672337
6922.9  0.9782742
6925.5  0.9686805
6928.1  1.002655
6930.7  0.9973407
6933.3  1.000622
6935.9  0.9980213
6938.5  1.00328
6941.1  1.004101
6943.7  1.004552
6946.3  0.9947973
6948.9  1.006369
6951.5  1.012396
6954.1  1.01063
6956.7  1.00786
6959.3  1.020114
6961.9  1.01489
6964.5  1.024177
6967.1  1.029407
6969.7  1.019148
6972.3  1.022529
6974.9  1.020674
6977.5  1.033306
6980.1  1.02414
6982.7  1.02383
6985.3  1.026284
6987.9  1.021037
6990.5  1.036079
6993.1  1.023282
6995.7  1.040437
6998.3  1.028573
7000.9  1.017294
7003.5  1.028087
7006.1  1.016724
7008.7  1.025165
7011.3  1.039524
7013.9  1.025259
7016.5  1.019651
7019.1  1.022555
7021.7  1.04152
7024.3  1.033956
7026.9  1.018473
7029.5  1.022996
7032.1  1.026702
7034.7  1.01995
7037.3  1.030519
7039.9  1.027269
7042.5  1.021619
7045.1  1.01837
7047.7  1.020664
7050.3  1.018803
7052.9  1.028679
7055.5  1.018904
7058.1  1.010083
7060.7  1.013482
7063.3  1.013139
7065.9  1.011621
7068.5  1.01454
7071.1  1.003164
7073.7  1.02113
7076.3  0.9962126
7078.9  1.004864
7081.5  1.017083
7084.1  1.01917
7086.7  1.01844
7089.3  1.022544
7091.9  1.022924
7094.5  1.004419
7097.1  1.024743
7099.7  1.009764
7102.3  1.033007
7104.9  1.026809
7107.5  1.015832
7110.1  1.01285
7112.7  1.012654
7115.3  1.006292
7117.9  1.007601
7120.5  1.013655
7123.1  1.011204
7125.7  1.025868
7128.3  1.021215
7130.9  1.024509
7133.5  1.025531
7136.1  1.025653
7138.7  1.025418
7141.3  1.014919
7143.9  1.02959
7146.5  1.04131
7149.1  1.026412
7151.7  1.029729
7154.3  1.024675
7156.9  1.041286
7159.5  1.02397
7162.1  1.018784
7164.7  1.026505
7167.3  1.032078
7169.9  1.017596
7172.5  1.028792
7175.1  1.023331
7177.7  1.02276
7180.3  1.020485
7182.9  1.01624
7185.5  1.011368
7188.1  1.012821
7190.7  1.005889
7193.3  1.008487
7195.9  1.01037
7198.5  1.003743
7201.1  1.007123
7203.7  0.9961607
7206.3  1.00496
7208.9  1.006621
7211.5  1.019908
7214.1  1.018803
7216.7  1.008813
7219.3  1.018099
7221.9  1.002253
7224.5  0.994875
7227.1  0.9957543
7229.7  1.004029
7232.3  1.008165
7234.9  1.005821
7237.5  1.006177
7240.1  1.004503
7242.7  1.006179
7245.3  0.9971348
7247.9  0.9938847
7250.5  0.9932101
7253.1  0.9992963
7255.7  1.017638
7258.3  1.007613
7260.9  1.009898
7263.5  1.011339
7266.1  1.015446
7268.7  1.006625
7271.3  1.009827
7273.9  1.014138
7276.5  1.004477
7279.1  1.00988
7281.7  1.00543
7284.3  1.002356
7286.9  1.017165
7289.5  1.004062
7292.1  1.007543
7294.7  1.012521
7297.3  1.014542
7299.9  1.020457
7302.5  1.000768
7305.1  1.01731
7307.7  1.020588
7310.3  1.016451
7312.9  1.010725
7315.5  1.013896
7318.1  1.024663
7320.7  1.015376
7323.3  1.022978
7325.9  1.030337
7328.5  1.023776
7331.1  1.02989
7333.7  1.035273
7336.3  1.031012
7338.9  1.020637
7341.5  1.033894
7344.1  1.021157
7346.7  1.023704
7349.3  1.014584
7351.9  1.021705
7354.5  1.029981
7357.1  1.0274
7359.7  1.023204
7362.3  1.016236
7364.9  1.004683
7367.5  1.016233
7370.1  1.039378
7372.7  1.028573
7375.3  1.024713
7377.9  1.026963
7380.5  1.030394
7383.1  1.022967
7385.7  1.018563
7388.3  1.027018
7390.9  1.029597
7393.5  1.03184
7396.1  1.030736
7398.7  1.016075
7401.3  1.020917
7403.9  1.02893
7406.5  1.03078
7409.1  1.023999
7411.7  1.015386
7414.3  1.018788
7416.9  1.011704
7419.5  1.017002
7422.1  1.017286
7424.7  1.01335
7427.3  1.01336
7429.9  1.013421
7432.5  1.013471
7435.1  1.013565
7437.7  1.016842
7440.3  1.009566
7442.9  1.009184
7445.5  1.007611
7448.1  1.010609
7450.7  1.006146
7453.3  1.00898
7455.9  1.01766
7458.5  1.007499
7461.1  1.005805
7463.7  1.016894
7466.3  1.018628
7468.9  1.007169
7471.5  1.009718
7474.1  1.016131
7476.7  1.013207
7479.3  1.020974
7481.9  1.018465
7484.5  1.009267
7487.1  1.013227
7489.7  1.008003
7492.3  1.006336
7494.9  1.020957
7497.5  1.025479
7500.1  1.024707
7502.7  1.020424
7505.3  1.00615
7507.9  1.011044
7510.5  1.006743
7513.1  1.00781
7515.7  1.015274
7518.3  1.01939
7520.9  1.023093
7523.5  1.020249
7526.1  1.014272
7528.7  1.020236
7531.3  1.017066
7533.9  1.01495
7536.5  1.014537
7539.1  1.014438
7541.7  1.015891
7544.3  1.012916
7546.9  1.020342
7549.5  1.021975
7552.1  1.020012
7554.7  1.012772
7557.3  1.012646
7559.9  1.013187
7562.5  1.013888
7565.1  1.029692
7567.7  1.014167
7570.3  1.031103
7572.9  1.013153
7575.5  1.00972
7578.1  1.027767
7580.7  1.030403
7583.3  1.012206
7585.9  1.015391
7588.5  0.99366
7591.1  0.9266635
7593.7  0.8141692
7596.3  0.6728117
7598.9  0.5264816
7601.5  0.4112731
7604.1  0.3551469
7606.7  0.3449565
7609.3  0.3774533
7611.9  0.4504152
7614.5  0.5644338
7617.1  0.6487563
7619.7  0.7028853
7622.3  0.7103143
7624.9  0.6653852
7627.5  0.6028012
7630.1  0.579303
7632.7  0.5849389
7635.3  0.5915608
7637.9  0.6191112
7640.5  0.6438536
7643.1  0.6796544
7645.7  0.696635
7648.3  0.7240168
7650.9  0.7594841
7653.5  0.7850853
7656.1  0.8162183
7658.7  0.8432521
7661.3  0.841522
7663.9  0.8736805
7666.5  0.8928589
7669.1  0.9023424
7671.7  0.9175292
7674.3  0.9406214
7676.9  0.9523491
7679.5  0.9647092
7682.1  0.962478
7684.7  0.9772862
7687.3  0.9775879
7689.9  0.9782602
7692.5  0.9820793
7695.1  0.9822214
7697.7  0.9897185
7700.3  0.9878542
7702.9  0.989422
7705.5  0.9880264
7708.1  0.9908746
7710.7  1.000615
7713.3  1.005372
7715.9  0.9978819
7718.5  0.9927817
7721.1  1.006038
7723.7  1.003687
7726.3  0.9996809
7728.9  1.00242
7731.5  1.004343
7734.1  1.010368
7736.7  1.011816
7739.3  0.9965617
7741.9  0.9959096
7744.5  1.00757
7747.1  1.006366
7749.7  1.009949
7752.3  1.009149
7754.9  1.003097
7757.5  1.00543
7760.1  1.004394
7762.7  1.00609
7765.3  0.9982039
7767.9  0.9892443
7770.5  0.9784408
7773.1  0.9579707
7775.7  0.9525298
7778.3  0.9588652
7780.9  0.9685717
7783.5  0.983508
7786.1  1.000119
7788.7  1.014022
7791.3  1.020038
7793.9  1.001994
7796.5  1.006867
7799.1  1.005122
7801.7  0.9950317
7804.3  1.011887
7806.9  1.012396
7809.5  1.017767
7812.1  1.015901
7814.7  1.023826
7817.3  1.01539
7819.9  1.015241
7822.5  1.016576
7825.1  1.016115
7827.7  1.005784
7830.3  1.006459
7832.9  1.004029
7835.5  1.012832
7838.1  1.00557
7840.7  1.003104
7843.3  1.005196
7845.9  1.015558
7848.5  1.028063
7851.1  0.9994834
7853.7  1.006563
7856.3  1.000341
7858.9  1.000965
7861.5  1.00616
7864.1  1.015539
7866.7  1.010189
7869.3  1.004545
7871.9  1.002494
7874.5  0.999627
7877.1  1.003246
7879.7  1.000883
7882.3  1.005143
7884.9  1.002603
7887.5  1.006889
7890.1  1.012149
7892.7  0.992524
7895.3  0.9827527
7897.9  0.9894065
7900.5  0.9904853
7903.1  0.9894797
7905.7  0.9938465
7908.3  0.9972523
7910.9  1.012163
7913.5  1.009786
7916.1  0.9921655
7918.7  0.9931143
7921.3  0.9960542
7923.9  0.9963957
7926.5  0.9926612
7929.1  0.9802908
7931.7  0.9838977
7934.3  0.9841111
7936.9  0.9814241
7939.5  0.9858477
7942.1  0.9847914
7944.7  0.9845096
7947.3  0.9833913
7949.9  0.9937603
7952.5  0.9883304
7955.1  0.9856565
7957.7  0.9922117
7960.3  0.9915009
7962.9  0.9931863
7965.5  0.985993
7968.1  0.9993531
7970.7  1.004399
7973.3  0.9947932
7975.9  0.9975975
7978.5  0.9839396
7981.1  0.982286
7983.7  0.9930418
7986.3  1.001014
7988.9  0.994692
7991.5  0.9994742
7994.1  0.9867531
7996.7  0.9833112
7999.3  0.9919068
8001.9  0.9986655
8004.5  0.9968901
8007.1  0.9874038
8009.7  0.9961302
8012.3  0.9865197
8014.9  0.9973001
8017.5  0.9912267
8020.1  0.9952465
8022.7  0.9955919
8025.3  0.9869013
8027.9  0.9922754
8030.5  0.9828526
8033.1  0.985188
8035.7  0.9826783
8038.3  0.9863594
8040.9  0.9840828
8043.5  0.9795209
8046.1  0.9676008
8048.7  0.9691356
8051.3  0.9837053
8053.9  0.9798194
8056.5  0.9785371
8059.1  0.9815953
8061.7  0.9746024
8064.3  0.9834553
8066.9  0.9773026
8069.5  0.981316
8072.1  0.9797035
8074.7  0.9767208
8077.3  0.9867833
8079.9  0.9758412
8082.5  0.97003
8085.1  0.9819575
8087.7  0.9831081
8090.3  0.9722092
8092.9  0.9695084
8095.5  0.9753484
8098.1  0.9766887
8100.7  0.9701803
8103.3  0.9697543
8105.9  0.9760903
8108.5  0.9712199
8111.1  0.9676604
8113.7  0.9801827
8116.3  0.9806093
8118.9  0.9729334
8121.5  0.9806274
8124.1  0.9827998
8126.7  0.9800264
8129.3  0.9750836
8131.9  0.9769708
8134.5  0.9716972
8137.1  0.9603046
8139.7  0.970494
8142.3  0.9701156
8144.9  0.9689113
8147.5  0.9673712
8150.1  0.9562557
8152.7  0.9698381
8155.3  0.9747571
8157.9  0.968704
8160.5  0.9712404
8163.1  0.962312
8165.7  0.9640515
8168.3  0.978042
8170.9  0.9667107
8173.5  0.9707959
8176.1  0.9737123
8178.7  0.9736984
8181.3  0.9581217
8183.9  0.9493082
8186.5  0.9594538
8189.1  0.9717346
8191.7  0.960924
8194.3  0.9526148
8196.9  0.9659497
8199.5  0.959088
8202.1  0.9620113
8204.7  0.9663835
8207.3  0.9778531
8209.9  0.9852433
8212.5  0.9810183
8215.1  0.9776901
8217.7  0.9681653
8220.3  0.9604742
8222.9  0.9559032
8225.5  0.9556884
8228.1  0.9602031
8230.7  0.9615714
8233.3  0.954949
8235.9  0.9556879
8238.5  0.9717723
8241.1  0.9776741
8243.7  0.9785911
8246.3  0.9760547
8248.9  0.9706663
8251.5  0.9731619
8254.1  0.9777451
8256.7  0.9826493
8259.3  0.9756048
8261.9  0.9732473
8264.5  0.9751699
8267.1  0.9804305
8269.7  0.982994
8272.3  0.9777579
8274.9  0.9763393
8277.5  0.9754559
8280.1  0.9622038
8282.7  0.9667931
8285.3  0.9787671
8287.9  0.9595306
8290.5  0.9763657
8293.1  0.9877563
8295.7  0.9807205
8298.3  0.9643514
8300.9  0.9511383
8303.5  0.9728571
8306.1  0.9851174
8308.7  0.9755423
8311.3  0.9723638
8313.9  0.9673016
8316.5  0.9763286
8319.1  0.9667336
8321.7  0.9674152
8324.3  0.9699695
8326.9  0.9608746
8329.5  0.9552199
8332.1  0.9668239
8334.7  0.9721601
8337.3  0.9556879
8339.9  0.9536843
8342.5  0.9656539
8345.1  0.974863
8347.7  0.9754688
8350.3  0.9851692
8352.9  0.9876764
8355.5  0.9867731
8358.1  0.979869
8360.7  0.9697681
8363.3  0.9752066
8365.9  0.9741355
8368.5  0.9746603
8371.1  0.982228
8373.7  0.9827765
8376.3  0.9782121
8378.9  0.9728912
8381.5  0.9753768
8384.1  0.9777957
8386.7  0.9876992
8389.3  0.9960375
8391.9  0.9856052
8394.5  0.9708135
8397.1  0.9690978
8399.7  0.9842374
8402.3  0.9829747
8404.9  0.9806805
8407.5  1.000981
8410.1  0.9995289
8412.7  1.004472
8415.3  0.99992
8417.9  0.9908103
8420.5  0.9913172
8423.1  0.9915512
8425.7  0.9997455
8428.3  1.01975
8430.9  0.9934087
8433.5  0.9931505
8436.1  0.9836823
8438.7  0.9890713
8441.3  0.9948214
8443.9  0.9846486
8446.5  0.9729241
8449.1  0.972328
8451.7  0.9783036
8454.3  0.9973849
8456.9  0.9882097
8459.5  0.9920744
8462.1  0.9994709
8464.7  1.001045
8467.3  1.002119
8469.9  0.9984517
8472.5  0.9929839
8475.1  1.000196
8477.7  1.005609
8480.3  1.018874
8482.9  1.029971
8485.5  1.017166
8488.1  1.020799
8490.7  1.01768
8493.3  1.008187
8495.9  0.9880278
8498.5  0.9692038
8501.1  0.9599816
8503.7  0.9572791
8506.3  0.9772113
8508.9  0.9858302
8511.5  0.9878217
8514.1  1.005167
8516.7  1.01392
8519.3  1.021401
8521.9  1.018164
8524.5  1.014118
8527.1  1.029987
8529.7  1.018152
8532.3  1.010116
8534.9  0.9939938
8537.5  0.9641157
8540.1  0.9358194
8542.7  0.9331921
8545.3  0.9241716
8547.9  0.9319054
8550.5  0.9315217
8553.1  0.9515944
8555.7  0.976932
8558.3  0.9764441
8560.9  0.9913138
8563.5  1.003052
8566.1  1.00895
8568.7  1.016504
8571.3  1.017105
8573.9  1.029718
8576.5  1.010863
8579.1  1.017359
8581.7  1.016274
8584.3  0.9957138
8586.9  0.9991923
8589.5  0.9805579
8592.1  0.9573224
8594.7  0.9430608
8597.3  0.9265252
8599.9  0.9194635
8602.5  0.91657
8605.1  0.9252967
8607.7  0.9464034
8610.3  0.9638383
8612.9  0.995041
8615.5  1.010311
8618.1  1.003461
8620.7  1.016771
8623.3  1.019356
8625.9  1.01472
8628.5  1.022039
8631.1  1.037033
8633.7  1.048123
8636.3  1.045174
8638.9  1.037514
8641.5  1.024697
8644.1  1.031311
8646.7  1.023705
8649.3  1.005652
8651.9  0.9948039
8654.5  0.9641367
8657.1  0.9471573
8659.7  0.9188402
8662.3  0.883067
8664.9  0.8774611
8667.5  0.8765122
8670.1  0.8832996
8672.7  0.9001038
8675.3  0.9207332
8677.9  0.9494134
8680.5  0.9758731
8683.1  1.002777
8685.7  1.014743
8688.3  1.038152
8690.9  1.04419
8693.5  1.054877
8696.1  1.071877
8698.7  1.06678
8701.3  1.064862
8703.9  1.071284
8706.5  1.08028
8709.1  1.102638
8711.7  1.105137
8714.3  1.074322
8716.9  1.063867
8719.5  1.073415
8722.1  1.066121
8724.7  1.059999
8727.3  1.058647
8729.9  1.063275
8732.5  1.050174
8735.1  1.017718
8737.7  0.9882274
8740.3  0.9661989
8742.9  0.9557305
8745.5  0.9340134
8748.1  0.8989788
8750.7  0.8753579
8753.3  0.8654743
8755.9  0.8623852
8758.5  0.878306
8761.1  0.896356
8763.7  0.9367622
8766.3  0.9726644
8768.9  1.000861
8771.5  1.014778
8774.1  1.04619
8776.7  1.053478
8779.3  1.042669
8781.9  1.06193
8784.5  1.062975
8787.1  1.074042
8789.7  1.085693
8792.3  1.094796
8794.9  1.091596
8797.5  1.081132
8800.1  1.086392
8802.7  1.092973
8805.3  1.08155
8807.9  1.094487
8810.5  1.094273
8813.1  1.076157
8815.7  1.082512
8818.3  1.073519
8820.9  1.054732
8823.5  1.056689
8826.1  1.054967
8828.7  1.048342
8831.3  1.06437
8833.9  1.083397
8836.5  1.060622
8839.1  1.0368
8841.7  1.023043
8844.3  0.9911652
8846.9  0.97281
8849.5  0.9554784
8852.1  0.9206155
8854.7  0.9122976
8857.3  0.8879142
8859.9  0.8409321
8862.5  0.8087772
8865.1  0.7917609
8867.7  0.8092263
8870.3  0.8233231
8872.9  0.8494272
8875.5  0.8909214
8878.1  0.9189019
8880.7  0.9328665
8883.3  0.9475114
8885.9  0.979367
8888.5  0.9801129
8891.1  1.011747
8893.7  1.030488
8896.3  1.009366
8898.9  1.02028
8901.5  1.037457
8904.1  1.041358
8906.7  1.054962
8909.3  1.056123
8911.9  1.047856
8914.5  1.026136
8917.1  1.038504
8919.7  1.051959
8922.3  1.051997
8924.9  1.065613
8927.5  1.087073
8930.1  1.072835
8932.7  1.060467
8935.3  1.068727
8937.9  1.068131
8940.5  1.063594
8943.1  1.069451
8945.7  1.075771
8948.3  1.076385
8950.9  1.056854
8953.5  1.048174
8956.1  1.05979
8958.7  1.054158
8961.3  1.049406
8963.9  1.060954
8966.5  1.035255
8969.1  1.022724
8971.7  1.026346
8974.3  1.005328
8976.9  1.007909
8979.5  0.9911886
8982.1  0.9940635
8984.7  0.9761909
8987.3  0.9577459
8989.9  0.9351485
8992.5  0.9234764
8995.1  0.9121318
8997.7  0.890865
9000.3  0.8888988
9002.9  0.8541982
9005.5  0.8336427
9008.1  0.8219816
9010.7  0.7696018
9013.3  0.7315887
9015.9  0.7015784
9018.5  0.7003687
9021.1  0.7170938
9023.7  0.7474157
9026.3  0.785766
9028.9  0.8166597
9031.5  0.8261831
9034.1  0.8471143
9036.7  0.8687458
9039.3  0.8753554
9041.9  0.8880203
9044.5  0.8962322
9047.1  0.9085505
9049.7  0.9174591
9052.3  0.9144663
9054.9  0.9150873
9057.5  0.9144887
9060.1  0.9078022
9062.7  0.9075764
9065.3  0.9067668
9067.9  0.9024196
9070.5  0.9000094
9073.1  0.9110593
9075.7  0.9029904
9078.3  0.8960638
9080.9  0.9009461
9083.5  0.8845308
9086.1  0.8843237
9088.7  0.884299
9091.3  0.8878211
9093.9  0.8888684
9096.5  0.8801706
9099.1  0.8849652
9101.7  0.8869339
9104.3  0.8847938
9106.9  0.8892454
9109.5  0.8959787
9112.1  0.8930926
9114.7  0.8916281
9117.3  0.8886757
9119.9  0.880047
9122.5  0.875114
9125.1  0.8778625
9127.7  0.8757284
9130.3  0.8767586
9132.9  0.8834401
9135.5  0.880676
9138.1  0.8627575
9140.7  0.8585286
9143.3  0.8712932
9145.9  0.8610144
9148.5  0.8675244
9151.1  0.8748046
9153.7  0.8561552
9156.3  0.8569235
9158.9  0.8505585
9161.5  0.8429939
9164.1  0.8382786
9166.7  0.8437983
9169.3  0.8400301
9171.9  0.8431719
9174.5  0.840844
9177.1  0.8261304
9179.7  0.8227742
9182.3  0.8080303
9184.9  0.8069793
9187.5  0.8182749
9190.1  0.8071269
9192.7  0.800598
9195.3  0.8045864
9197.9  0.7828716
9200.5  0.779274
9203.1  0.7826891
9205.7  0.7688639
9208.3  0.7482027
9210.9  0.7215779
9213.5  0.6993884
9216.1  0.6811954
9218.7  0.6581436
9221.3  0.637795
9223.9  0.6173624
9226.5  0.6017718
9229.1  0.5913422
9231.7  0.5778486
9234.3  0.5756488
9236.9  0.587229
9239.5  0.606155
9242.1  0.6237543
9244.7  0.6407923
9247.3  0.6709086
9249.9  0.6830881
9252.5  0.6915147
9255.1  0.7062327
9257.7  0.7053116
9260.3  0.7006429
9262.9  0.7057101
9265.5  0.7139509
9268.1  0.7239726
9270.7  0.7282724
9273.3  0.7367733
9275.9  0.7363967
9278.5  0.752875
9281.1  0.7397673
9283.7  0.744079
9286.3  0.7408431
9288.9  0.7429057
9291.5  0.7364539
9294.1  0.7368205
9296.7  0.7367591
9299.3  0.7336271
9301.9  0.7325061
9304.5  0.714465
9307.1  0.7083551
9309.7  0.7239516
9312.3  0.7233651
9314.9  0.6962332
9317.5  0.6879947
9320.1  0.6924993
9322.7  0.6833308
9325.3  0.6750508
9327.9  0.6812553
9330.5  0.6937613
9333.1  0.6754996
9335.7  0.6867135
9338.3  0.6709223
9340.9  0.662882
9343.5  0.6480821
9346.1  0.6665666
9348.7  0.6674464
9351.3  0.6612892
9353.9  0.6696033
9356.5  0.6656974
9359.1  0.664102
9361.7  0.667188
9364.3  0.6720378
9366.9  0.6785293
9369.5  0.6658769
9372.1  0.6646063
9374.7  0.6602053
9377.3  0.6596777
9379.9  0.6591978
9382.5  0.6560866
9385.1  0.6558216
9387.7  0.674292
9390.3  0.6899359
9392.9  0.6943839
9395.5  0.6965373
9398.1  0.6946841
9400.7  0.6841335
9403.3  0.6755989
9405.9  0.6655852
9408.5  0.6634219
9411.1  0.658668
9413.7  0.6507038
9416.3  0.6522999
9418.9  0.659951
9421.5  0.6715717
9424.1  0.6492963
9426.7  0.6352739
9429.3  0.6373783
9431.9  0.6276069
9434.5  0.6277975
9437.1  0.6276476
9439.7  0.6197676
9442.3  0.6260847
9444.9  0.6277877
9447.5  0.6440393
9450.1  0.640407
9452.7  0.6561284
9455.3  0.6506656
9457.9  0.6318785
9460.5  0.634258
9463.1  0.6458424
9465.7  0.6485351
9468.3  0.6547839
9470.9  0.6570877
9473.5  0.6535591
9476.1  0.6473923
9478.7  0.6448699
9481.3  0.6357903
9483.9  0.6323387
9486.5  0.6398191
9489.1  0.6443652
9491.7  0.6284146
9494.3  0.6140803
9496.9  0.6008292
9499.5  0.5931075
9502.1  0.5968426
9504.7  0.5923801
9507.3  0.586893
9509.9  0.5892521
9512.5  0.5780436
9515.1  0.5754285
9517.7  0.5377159
9520.3  0.5228787
9522.9  0.4869074
9525.5  0.4898432
9528.1  0.4800552
9530.7  0.474142
9533.3  0.4878604
9535.9  0.4853585
9538.5  0.4722321
9541.1  0.4595157
9543.7  0.4608853
9546.3  0.4573192
9548.9  0.4513558
9551.5  0.4626961
9554.1  0.4804249
9556.7  0.490518
9559.3  0.4995688
9561.9  0.5025498
9564.5  0.5168178
9567.1  0.5280699
9569.7  0.5409553
9572.3  0.5409926
9574.9  0.5415931
9577.5  0.5586204
9580.1  0.5631073
9582.7  0.5614688
9585.3  0.562378
9587.9  0.573092
9590.5  0.5609425
9593.1  0.5677269
9595.7  0.5867816
9598.3  0.5885484
9600.9  0.5860893
9603.5  0.5866529
9606.1  0.5853882
9608.7  0.5874304
9611.3  0.5926777
9613.9  0.5963697
9616.5  0.5930653
9619.1  0.5959009
9621.7  0.5965616
9624.3  0.5943083
9626.9  0.6020655
9629.5  0.605413
9632.1  0.6085134
9634.7  0.6145543
9637.3  0.6155124
9639.9  0.6124179
9642.5  0.6067683
9645.1  0.6127639
9647.7  0.6217304
9650.3  0.6179944
9652.9  0.6252083
9655.5  0.6199548
9658.1  0.6125414
9660.7  0.6193144
9663.3  0.6299257
9665.9  0.6234419
9668.5  0.6288595
9671.1  0.6202078
9673.7  0.6305947
9676.3  0.6206723
9678.9  0.6152991
9681.5  0.6105881
9684.1  0.6173043
9686.7  0.6256064
9689.3  0.6183876
9691.9  0.6139482
9694.5  0.6054457
9697.1  0.6002948
9699.7  0.5874391
9702.3  0.5826329
9704.9  0.5870318
9707.5  0.578067
9710.1  0.5736144
9712.7  0.5709401
9715.3  0.5613293
9717.9  0.5516193
9720.5  0.5544705
9723.1  0.5516527
9725.7  0.5450502
9728.3  0.5423497
9730.9  0.5486973
9733.5  0.5452616
9736.1  0.535829
9738.7  0.5408633
9741.3  0.5321556
9743.9  0.5232414
9746.5  0.5207511
9749.1  0.5251704
9751.7  0.5273597
9754.3  0.5157105
9756.9  0.510439
9759.5  0.5131013
9762.1  0.5186706
9764.7  0.5117583
9767.3  0.5099192
9769.9  0.5162927
9772.5  0.5167115
9775.1  0.5155138
9777.7  0.510076
9780.3  0.5153677
9782.9  0.5296087
9785.5  0.5296897
9788.1  0.5163154
9790.7  0.5227593
9793.3  0.5100986
9795.9  0.5202467
9798.5  0.5098531
9801.1  0.5176011
9803.7  0.5187967
9806.3  0.5060912
9808.9  0.5079645
9811.5  0.5155004
9814.1  0.5157816
9816.7  0.5185756
9819.3  0.5079758
9821.9  0.5038165
9824.5  0.5131168
9827.1  0.5147786
9829.7  0.5056574
9832.3  0.5044228
9834.9  0.5072966
9837.5  0.4980232
9840.1  0.4997519
9842.7  0.4974955
9845.3  0.4847894
9847.9  0.4805245
9850.5  0.4775699
9853.1  0.4750118
9855.7  0.4695989
9858.3  0.4598029
9860.9  0.4632308
9863.5  0.4628274
9866.1  0.4599257
9868.7  0.4639468
9871.3  0.4506967
9873.9  0.4395311
9876.5  0.4400427
9879.1  0.428096
9881.7  0.4240806
9884.3  0.4263208
9886.9  0.4298145
9889.5  0.4281566
9892.1  0.4154866
9894.7  0.4137568
9897.3  0.4061335
9899.9  0.403988
9902.5  0.3973063
9905.1  0.3947798
9907.7  0.4005336
9910.3  0.4062046
9912.9  0.4014206
9915.5  0.3976798
9918.1  0.3877057
9920.7  0.3745227
9923.3  0.3791738
9925.9  0.3811644
9928.5  0.3806986
9931.1  0.3809868
9933.7  0.3765887
9936.3  0.3857366
9938.9  0.3855047
9941.5  0.3835781
9944.1  0.3875368
9946.7  0.387023
9949.3  0.3733594
9951.9  0.3679976
9954.5  0.3758724
9957.1  0.3662254
9959.7  0.3673937
9962.3  0.3672944
9964.9  0.3691641
9967.5  0.3663952
9970.1  0.3696528
9972.7  0.3722042
9975.3  0.3744312
9977.9  0.3749217
9980.5  0.375593
9983.1  0.378468
9985.7  0.373342
9988.3  0.3680931
9990.9  0.3686951
9993.5  0.3775136
9996.1  0.3686602
