3501.3  281.0582
3503.9  239.525
3506.5  273.3821
3509.1  202.2736
3511.7  251.39
3514.3  256.5912
3516.9  262.4794
3519.5  216.6538
3522.1  248.8463
3524.7  243.313
3527.3  272.1917
3529.9  280.6653
3532.5  242.3939
3535.1  280.5818
3537.7  234.7553
3540.3  226.282
3542.9  251.9163
3545.5  253.9204
3548.1  219.9259
3550.7  247.922
3553.3  244.9635
3555.9  253.674
3558.5  243.4768
3561.1  231.8948
3563.7  261.4222
3566.3  247.8027
3568.9  295.2689
3571.5  273.2056
3574.1  227.2375
3576.7  235.3506
3579.3  243.9114
3581.9  244.1743
3584.5  231.4229
3587.1  231.9355
3589.7  234.9998
3592.3  272.0502
3594.9  206.5142
3597.5  237.8502
3600.1  204.1804
3602.7  218.6148
3605.3  232.4885
3607.9  227.9507
3610.5  230.0896
3613.1  231.02
3615.7  223.6297
3618.3  238.7002
3620.9  248.722
3623.5  255.2609
3626.1  232.6966
3628.7  223.6042
3631.3  215.5439
3633.9  232.2647
3636.5  241.6438
3639.1  236.2153
3641.7  240.3002
3644.3  225.7959
3646.9  188.0522
3649.5  262.7817
3652.1  247.6748
3654.7  199.278
3657.3  216.1332
3659.9  210.5284
3662.5  228.4819
3665.1  219.4346
3667.7  216.333
3670.3  245.1859
3672.9  220.7713
3675.5  240.0814
3678.1  210.9651
3680.7  174.9692
3683.3  247.743
3685.9  188.378
3688.5  262.3936
3691.1  236.4575
3693.7  234.5313
3696.3  230.3519
3698.9  226.3321
3701.5  229.1948
3704.1  223.9604
3706.7  253.4849
3709.3  234.2934
3711.9  208.6714
3714.5  205.727
3717.1  255.4349
3719.7  233.4045
3722.3  208.7546
3724.9  244.433
3727.5  154.7842
3730.1  208.5418
3732.7  209.8432
3735.3  190.9365
3737.9  252.2227
3740.5  203.915
3743.1  170.331
3745.7  235.9689
3748.3  264.845
3750.9  196.8546
3753.5  198.6155
3756.1  248.9991
3758.7  209.2586
3761.3  199.7345
3763.9  218.9518
3766.5  193.173
3769.1  187.5543
3771.7  207.0423
3774.3  172.5662
3776.9  211.1897
3779.5  188.9134
3782.1  202.473
3784.7  215.6407
3787.3  195.4281
3789.9  212.8931
3792.5  215.4651
3795.1  200.4945
3797.7  214.0878
3800.3  187.8168
3802.9  208.1492
3805.5  216.4647
3808.1  173.649
3810.7  207.3969
3813.3  188.2029
3815.9  193.3051
3818.5  221.1875
3821.1  207.4023
3823.7  174.9461
3826.3  168.8236
3828.9  194.3418
3831.5  216.0624
3834.1  230.4935
3836.7  212.3307
3839.3  170.5626
3841.9  208.5454
3844.5  176.913
3847.1  196.8744
3849.7  200.232
3852.3  178.6672
3854.9  175.8022
3857.5  163.5388
3860.1  210.143
3862.7  215.3689
3865.3  212.9168
3867.9  210.0707
3870.5  193.9068
3873.1  174.4717
3875.7  169.3918
3878.3  219.1003
3880.9  212.7206
3883.5  192.0137
3886.1  193.7048
3888.7  212.3311
3891.3  194.6433
3893.9  186.2894
3896.5  199.8027
3899.1  188.1853
3901.7  202.7119
3904.3  198.4182
3906.9  177.376
3909.5  181.2234
3912.1  177.3175
3914.7  195.5807
3917.3  197.9254
3919.9  188.0322
3922.5  172.4104
3925.1  201.6561
3927.7  190.04
3930.3  235.6214
3932.9  187.4445
3935.5  203.045
3938.1  192.0909
3940.7  181.03
3943.3  174.0095
3945.9  173.244
3948.5  171.2679
3951.1  197.917
3953.7  195.4781
3956.3  191.0947
3958.9  195.9282
3961.5  179.393
3964.1  161.994
3966.7  159.4133
3969.3  194.1808
3971.9  184.0885
3974.5  190.0208
3977.1  173.9755
3979.7  202.4788
3982.3  172.1156
3984.9  191.2417
3987.5  171.9348
3990.1  176.4378
3992.7  180.8005
3995.3  174.0712
3997.9  193.6863
4000.5  173.1564
4003.1  201.996
4005.7  180.2088
4008.3  185.6486
4010.9  179.3573
4013.5  155.675
4016.1  142.8432
4018.7  174.6873
4021.3  151.5975
4023.9  185.5369
4026.5  169.8208
4029.1  195.0061
4031.7  166.9239
4034.3  191.8305
4036.9  171.6783
4039.5  213.6093
4042.1  219.6117
4044.7  207.7659
4047.3  160.259
4049.9  135.8368
4052.5  175.2473
4055.1  163.4486
4057.7  182.2952
4060.3  174.178
4062.9  142.3467
4065.5  184.3705
4068.1  178.1263
4070.7  199.726
4073.3  157.5962
4075.9  188.0456
4078.5  172.9614
4081.1  200.1963
4083.7  207.7873
4086.3  156.9086
4088.9  178.4169
4091.5  176.0616
4094.1  194.7595
4096.7  167.4456
4099.3  139.2535
4101.9  165.3154
4104.5  152.8353
4107.1  174.8079
4109.7  173.7412
4112.3  177.8609
4114.9  179.3969
4117.5  167.2646
4120.1  173.919
4122.7  169.852
4125.3  156.8185
4127.9  162.8313
4130.5  212.7561
4133.1  179.7785
4135.7  182.5261
4138.3  165.6846
4140.9  139.7069
4143.5  154.2303
4146.1  142.1859
4148.7  176.522
4151.3  176.8663
4153.9  149.0506
4156.5  171.1081
4159.1  141.2232
4161.7  165.212
4164.3  149.4118
4166.9  163.6917
4169.5  180.7917
4172.1  182.3512
4174.7  175.5197
4177.3  175.2512
4179.9  162.3283
4182.5  169.8785
4185.1  162.5046
4187.7  166.9672
4190.3  172.8279
4192.9  200.9614
4195.5  172.3042
4198.1  162.2428
4200.7  146.1367
4203.3  165.9922
4205.9  181.9836
4208.5  194.4025
4211.1  190.2807
4213.7  161.6582
4216.3  178.0526
4218.9  164.682
4221.5  166.6762
4224.1  163.1978
4226.7  139.2217
4229.3  141.1846
4231.9  157.2629
4234.5  165.3801
4237.1  155.3401
4239.7  158.1209
4242.3  133.9081
4244.9  144.6303
4247.5  182.1573
4250.1  191.9233
4252.7  178.0128
4255.3  155.9371
4257.9  171.1012
4260.5  145.2026
4263.1  140.5444
4265.7  134.3075
4268.3  140.4052
4270.9  143.0008
4273.5  172.1727
4276.1  164.3872
4278.7  168.153
4281.3  152.796
4283.9  142.6001
4286.5  128.7353
4289.1  182.4717
4291.7  159.6959
4294.3  147.7861
4296.9  145.8369
4299.5  179.717
4302.1  161.1561
4304.7  168.839
4307.3  158.166
4309.9  151.7256
4312.5  194.1754
4315.1  142.1288
4317.7  136.5683
4320.3  131.9855
4322.9  143.1224
4325.5  135.5855
4328.1  137.1788
4330.7  157.4465
4333.3  191.2475
4335.9  144.1433
4338.5  157.3066
4341.1  178.5799
4343.7  154.4348
4346.3  145.4613
4348.9  197.2377
4351.5  162.5186
4354.1  163.0128
4356.7  159.0592
4359.3  140.4739
4361.9  130.4304
4364.5  150.5178
4367.1  142.8455
4369.7  163.8595
4372.3  182.8659
4374.9  155.9206
4377.5  147.3097
4380.1  118.4057
4382.7  126.7993
4385.3  129.2658
4387.9  148.3706
4390.5  123.739
4393.1  152.5439
4395.7  118.8325
4398.3  136.1115
4400.9  149.215
4403.5  142.4794
4406.1  147.98
4408.7  144.5909
4411.3  139.8208
4413.9  121.2263
4416.5  147.1474
4419.1  130.0819
4421.7  135.9635
4424.3  127.4953
4426.9  115.6365
4429.5  169.4921
4432.1  167.4434
4434.7  128.7495
4437.3  157.4087
4439.9  117.0125
4442.5  139.0231
4445.1  143.2448
4447.7  162.3326
4450.3  171.4599
4452.9  122.3868
4455.5  125.9971
4458.1  133.6404
4460.7  171.9723
4463.3  148.6231
4465.9  147.3241
4468.5  127.2972
4471.1  133.1395
4473.7  142.3811
4476.3  151.3591
4478.9  176.9238
4481.5  149.3801
4484.1  152.0656
4486.7  131.8078
4489.3  107.2257
4491.9  122.3041
4494.5  149.2339
4497.1  145.9585
4499.7  132.3576
4502.3  106.6107
4504.9  152.3126
4507.5  152.9901
4510.1  115.5086
4512.7  142.3728
4515.3  149.5381
4517.9  179.5681
4520.5  139.1938
4523.1  140.9127
4525.7  149.2466
4528.3  138.2975
4530.9  116.0448
4533.5  125.345
4536.1  122.6727
4538.7  143.5398
4541.3  120.3435
4543.9  117.8946
4546.5  146.9485
4549.1  153.6066
4551.7  139.5006
4554.3  190.1048
4556.9  170.5759
4559.5  143.3098
4562.1  128.1479
4564.7  144.4286
4567.3  161.2381
4569.9  170.1111
4572.5  157.0123
4575.1  132.3944
4577.7  128.8322
4580.3  162.8165
4582.9  120.3242
4585.5  135.6293
4588.1  202.9181
4590.7  125.0517
4593.3  146.8867
4595.9  122.0484
4598.5  119.7949
4601.1  155.2254
4603.7  122.8331
4606.3  134.7272
4608.9  170.3755
4611.5  139.0433
4614.1  139.9173
4616.7  146.1842
4619.3  160.185
4621.9  167.8931
4624.5  138.714
4627.1  142.3561
4629.7  84.44171
4632.3  66.84844
4634.9  160.2011
4637.5  130.1611
4640.1  150.4078
4642.7  124.8562
4645.3  159.1353
4647.9  129.6036
4650.5  140.1337
4653.1  148.8934
4655.7  130.955
4658.3  129.8554
4660.9  165.6695
4663.5  190.5
4666.1  182.3987
4668.7  146.9452
4671.3  191.2099
4673.9  202.7427
4676.5  201.0192
4679.1  225.3313
4681.7  202.0588
4684.3  195.6965
4686.9  268.807
4689.5  303.8476
4692.1  301.8556
4694.7  356.334
4697.3  397.5115
4699.9  433.9243
4702.5  435.7279
4705.1  554.4057
4707.7  574.7952
4710.3  733.8973
4712.9  772.1271
4715.5  818.608
4718.1  917.9503
4720.7  877.811
4723.3  975.0665
4725.9  1137.97
4728.5  1195.229
4731.1  1189.693
4733.7  1407.705
4736.3  1463.262
4738.9  1521.263
4741.5  1622.444
4744.1  1823.35
4746.7  2090.764
4749.3  2236.335
4751.9  2505.735
4754.5  2741.292
4757.1  2939.883
4759.7  3354.392
4762.3  3854.057
4764.9  4101.029
4767.5  4107.666
4770.1  4819.654
4772.7  5574.186
4775.3  5842.654
4777.9  6460.889
4780.5  6567.373
4783.1  6832.286
4785.7  7647.274
4788.3  7341.217
4790.9  7445.206
4793.5  8158.405
4796.1  8095.192
4798.7  7923.205
4801.3  8503.125
4803.9  8864.108
4806.5  9093.58
4809.1  9296.275
4811.7  9610.116
4814.3  9596.49
4816.9  10391.19
4819.5  10300.45
4822.1  11066.5
4824.7  11809.68
4827.3  12371.36
4829.9  12803.44
4832.5  13251.96
4835.1  14727.01
4837.7  14062.2
4840.3  14436.25
4842.9  16160.53
4845.5  15939.09
4848.1  16513.38
4850.7  14900.49
4853.3  14438.14
4855.9  13567.62
4858.5  12030.83
4861.1  10935.92
4863.7  10686.74
4866.3  12391.51
4868.9  13957.53
4871.5  15262.31
4874.1  16277.47
4876.7  17611.83
4879.3  17891.47
4881.9  20447.6
4884.5  20751.6
4887.1  21809.41
4889.7  21807.48
4892.3  22651.24
4894.9  23901.88
4897.5  25556.12
4900.1  25662.95
4902.7  29644.12
4905.3  27275.89
4907.9  29240.88
4910.5  29687.96
4913.1  31235.06
4915.7  33141.65
4918.3  32304.2
4920.9  34994.7
4923.5  36357.68
4926.1  38508.97
4928.7  36711.76
4931.3  36344.37
4933.9  38080.06
4936.5  41834.04
4939.1  41907.07
4941.7  38510.41
4944.3  38729.32
4946.9  44164.25
4949.5  38804.96
4952.1  39856.95
4954.7  39179.82
4957.3  36776.69
4959.9  36919.43
4962.5  38603.7
4965.1  38339.1
4967.7  39374.05
4970.3  42177.61
4972.9  41585.53
4975.5  42548.87
4978.1  44721.36
4980.7  41104.84
4983.3  44418.24
4985.9  42893.29
4988.5  43005.04
4991.1  47708.26
4993.7  47407.12
4996.3  48164.63
4998.9  51098.2
5001.5  53305.55
5004.1  52784.49
5006.7  53442.39
5009.3  53047.81
5011.9  55081.8
5014.5  54817.94
5017.1  53636.83
5019.7  54466.7
5022.3  52859.53
5024.9  52149.11
5027.5  53628.04
5030.1  51325.15
5032.7  50085.66
5035.3  50297.33
5037.9  51351.68
5040.5  51979.31
5043.1  51179.03
5045.7  47513.77
5048.3  49060.22
5050.9  48992.67
5053.5  49214.92
5056.1  49331.08
5058.7  50697.27
5061.3  51652.04
5063.9  51709.54
5066.5  54009.28
5069.1  55657.44
5071.7  54636.66
5074.3  56131.61
5076.9  57757.03
5079.5  57027.46
5082.1  61271.26
5084.7  62224.94
5087.3  61148.38
5089.9  63144.73
5092.5  64338.4
5095.1  61190.75
5097.7  64244.29
5100.3  64637.48
5102.9  68105.34
5105.5  62768.05
5108.1  64717.33
5110.7  64933.65
5113.3  66640.3
5115.9  64525.21
5118.5  62651.02
5121.1  62458.29
5123.7  62759.35
5126.3  62150.24
5128.9  59141.65
5131.5  61897.35
5134.1  60761.52
5136.7  60587.59
5139.3  60553.73
5141.9  60620.16
5144.5  61511.54
5147.1  61622.45
5149.7  62722.67
5152.3  62425.64
5154.9  61112.12
5157.5  65807.34
5160.1  65693.92
5162.7  64282.78
5165.3  66507.45
5167.9  68314.62
5170.5  67050.19
5173.1  63787.71
5175.7  66958.27
5178.3  73106.44
5180.9  70242.41
5183.5  68786.31
5186.1  69644.44
5188.7  70298.27
5191.3  69352.81
5193.9  70688.47
5196.5  69634.8
5199.1  68167.8
5201.7  69976.82
5204.3  69199.73
5206.9  67158.11
5209.5  70870.64
5212.1  66292.6
5214.7  66785.35
5217.3  66860.22
5219.9  66238.52
5222.5  66534.3
5225.1  65834.47
5227.7  66069.95
5230.3  65307.1
5232.9  65232.37
5235.5  66269.32
5238.1  67819.77
5240.7  67362.2
5243.3  67499.83
5245.9  70054.01
5248.5  71315.92
5251.1  70236.05
5253.7  71620.66
5256.3  72499.59
5258.9  72660.27
5261.5  74096.25
5264.1  76758.73
5266.7  72728.83
5269.3  74152.16
5271.9  73543.16
5274.5  74193.04
5277.1  75196.49
5279.7  71460.88
5282.3  73138.79
5284.9  77018.78
5287.5  75116.92
5290.1  73588.23
5292.7  73335.65
5295.3  72366.
5297.9  69731.71
5300.5  70785.66
5303.1  74528.06
5305.7  70421.77
5308.3  70327.84
5310.9  68073.84
5313.5  70218.43
5316.1  69641.16
5318.7  68989.58
5321.3  68579.8
5323.9  68183.77
5326.5  67986.26
5329.1  71760.18
5331.7  71091.8
5334.3  72113.1
5336.9  73030.73
5339.5  74498.75
5342.1  74432.8
5344.7  74155.31
5347.3  75115.55
5349.9  78814.98
5352.5  75643.55
5355.1  75869.2
5357.7  75519.7
5360.3  77304.94
5362.9  77167.2
5365.5  74567.31
5368.1  77101.96
5370.7  75511.97
5373.3  72783.98
5375.9  75047.05
5378.5  73673.27
5381.1  74250.88
5383.7  73457.46
5386.3  73928.36
5388.9  72284.12
5391.5  72722.24
5394.1  73118.57
5396.7  72415.48
5399.3  70866.8
5401.9  67609.7
5404.5  67583.93
5407.1  67664.31
5409.7  66436.25
5412.3  66317.69
5414.9  66406.04
5417.5  68812.54
5420.1  70077.82
5422.7  68556.82
5425.3  69623.46
5427.9  69970.31
5430.5  70742.03
5433.1  70473.66
5435.7  72627.27
5438.3  75671.41
5440.9  74874.65
5443.5  74668.93
5446.1  77271.14
5448.7  77754.08
5451.3  77718.07
5453.9  78320.95
5456.5  79440.25
5459.1  79864.78
5461.7  81241.35
5464.3  81797.32
5466.9  80043.3
5469.5  82363.92
5472.1  79327.83
5474.7  77160.73
5477.3  80335.06
5479.9  82390.69
5482.5  79104.84
5485.1  77380.73
5487.7  77504.11
5490.3  78520.84
5492.9  78056.94
5495.5  77938.87
5498.1  75513.3
5500.7  75575.99
5503.3  75330.73
5505.9  74949.63
5508.5  72764.68
5511.1  72295.17
5513.7  75016.91
5516.3  73204.32
5518.9  75815.38
5521.5  75259.74
5524.1  74285.27
5526.7  74747.36
5529.3  74770.74
5531.9  76157.28
5534.5  78252.36
5537.1  77361.47
5539.7  77938.34
5542.3  80248.29
5544.9  78220.21
5547.5  80753.86
5550.1  79838.53
5552.7  80197.48
5555.3  80674.95
5557.9  81154.52
5560.5  81257.19
5563.1  81072.16
5565.7  81958.05
5568.3  82100.92
5570.9  81303.09
5573.5  78664.59
5576.1  79691.98
5578.7  80087.86
5581.3  81415.52
5583.9  81218.3
5586.5  82158.16
5589.1  82451.64
5591.7  80087.39
5594.3  78143.24
5596.9  77024.93
5599.5  76857.7
5602.1  79185.97
5604.7  81553.3
5607.3  79168.33
5609.9  77012.3
5612.5  75981.35
5615.1  78100.78
5617.7  76714.38
5620.3  77657.98
5622.9  78894.3
5625.5  79063.02
5628.1  78504.55
5630.7  78458.01
5633.3  77349.88
5635.9  77685.14
5638.5  77298.95
5641.1  77447.27
5643.7  78671.94
5646.3  78623.16
5648.9  79071.55
5651.5  77782.42
5654.1  76580.77
5656.7  77069.98
5659.3  74722.3
5661.9  74400.29
5664.5  74481.14
5667.1  73997.97
5669.7  75875.47
5672.3  73252.29
5674.9  72926.76
5677.5  73095.04
5680.1  71532.81
5682.7  71476.17
5685.3  71369.
5687.9  70788.34
5690.5  70410.6
5693.1  70313.11
5695.7  70434.83
5698.3  69704.55
5700.9  69086.45
5703.5  69161.66
5706.1  67147.4
5708.7  66936.07
5711.3  68368.98
5713.9  67007.32
5716.5  68327.49
5719.1  68991.14
5721.7  69659.8
5724.3  69414.23
5726.9  69059.37
5729.5  68504.84
5732.1  69210.23
5734.7  70132.67
5737.3  68687.05
5739.9  71590.02
5742.5  72610.39
5745.1  71163.6
5747.7  73603.67
5750.3  73053.08
5752.9  73088.53
5755.5  73253.09
5758.1  74178.53
5760.7  75112.3
5763.3  75032.34
5765.9  74813.81
5768.5  74412.8
5771.1  74443.18
5773.7  74271.88
5776.3  74129.86
5778.9  73040.14
5781.5  71195.87
5784.1  71920.91
5786.7  71177.47
5789.3  72468.64
5791.9  74092.87
5794.5  72805.77
5797.1  73195.65
5799.7  71341.8
5802.3  71212.28
5804.9  70711.91
5807.5  71949.27
5810.1  71652.4
5812.7  72527.01
5815.3  69373.43
5817.9  69362.06
5820.5  69665.86
5823.1  69398.95
5825.7  69166.55
5828.3  67623.2
5830.9  69285.
5833.5  69159.54
5836.1  69481.18
5838.7  69954.16
5841.3  69167.89
5843.9  68702.4
5846.5  69795.15
5849.1  69697.7
5851.7  69888.87
5854.3  67869.68
5856.9  70291.71
5859.5  71635.69
5862.1  71474.44
5864.7  72816.84
5867.3  71886.91
5869.9  72588.72
5872.5  73586.62
5875.1  71307.05
5877.7  72451.54
5880.3  74153.16
5882.9  73250.78
5885.5  71702.42
5888.1  70971.87
5890.7  68543.05
5893.3  67664.52
5895.9  67115.28
5898.5  68077.54
5901.1  67908.09
5903.7  70547.55
5906.3  70303.81
5908.9  71300.16
5911.5  72648.26
5914.1  71889.55
5916.7  71750.28
5919.3  71205.35
5921.9  70874.48
5924.5  70656.88
5927.1  70487.63
5929.7  69230.77
5932.3  69801.92
5934.9  69412.57
5937.5  70178.01
5940.1  69209.19
5942.7  69786.23
5945.3  69447.66
5947.9  69057.93
5950.5  69052.77
5953.1  68105.05
5955.7  68880.83
5958.3  69865.67
5960.9  69779.46
5963.5  70285.16
5966.1  70224.46
5968.7  70059.31
5971.3  71792.65
5973.9  72023.19
5976.5  72538.68
5979.1  71167.53
5981.7  73273.02
5984.3  74107.43
5986.9  72366.55
5989.5  73549.83
5992.1  73769.77
5994.7  72543.98
5997.3  72567.04
5999.9  73531.38
6002.5  73269.36
6005.1  73990.09
6007.7  74252.71
6010.3  72817.88
6012.9  72730.09
6015.5  71867.92
6018.1  71771.78
6020.7  71748.17
6023.3  72082.61
6025.9  71030.63
6028.5  69285.3
6031.1  71379.8
6033.7  69425.19
6036.3  69323.95
6038.9  69972.97
6041.5  69253.74
6044.1  68472.16
6046.7  68048.66
6049.3  68221.65
6051.9  68874.71
6054.5  67994.66
6057.1  69702.89
6059.7  67816.94
6062.3  67148.77
6064.9  68238.98
6067.5  66591.93
6070.1  66528.11
6072.7  68198.8
6075.3  68969.36
6077.9  67660.44
6080.5  67139.72
6083.1  67408.7
6085.7  68060.3
6088.3  67807.11
6090.9  68545.52
6093.5  68579.68
6096.1  69151.87
6098.7  69224.16
6101.3  69084.28
6103.9  71409.5
6106.5  70824.01
6109.1  70944.94
6111.7  70458.7
6114.3  70675.18
6116.9  71046.14
6119.5  73189.63
6122.1  72930.66
6124.7  74470.65
6127.3  74744.98
6129.9  73506.13
6132.5  75054.52
6135.1  74232.34
6137.7  73632.33
6140.3  75447.33
6142.9  75532.13
6145.5  75971.46
6148.1  76470.2
6150.7  75993.62
6153.3  75869.74
6155.9  75088.8
6158.5  74967.89
6161.1  73889.09
6163.7  74735.81
6166.3  74483.26
6168.9  75492.05
6171.5  76954.11
6174.1  75622.09
6176.7  74616.88
6179.3  74843.01
6181.9  74994.33
6184.5  74775.93
6187.1  74846.36
6189.7  76087.38
6192.3  75261.58
6194.9  75190.53
6197.5  74053.06
6200.1  74748.92
6202.7  74009.96
6205.3  73187.82
6207.9  74633.84
6210.5  74258.8
6213.1  74926.22
6215.7  75946.97
6218.3  75584.48
6220.9  74679.85
6223.5  74971.58
6226.1  76395.54
6228.7  75683.5
6231.3  76310.26
6233.9  75226.47
6236.5  74683.33
6239.1  75296.88
6241.7  75396.97
6244.3  74148.67
6246.9  74195.41
6249.5  76096.61
6252.1  74260.24
6254.7  74046.07
6257.3  74480.07
6259.9  75244.66
6262.5  75074.72
6265.1  73826.73
6267.7  73421.16
6270.3  74917.13
6272.9  72686.95
6275.5  72245.64
6278.1  70562.42
6280.7  70080.53
6283.3  68437.24
6285.9  69555.24
6288.5  69537.21
6291.1  70229.82
6293.7  70808.52
6296.3  68664.45
6298.9  72706.59
6301.5  72029.05
6304.1  73375.52
6306.7  73302.55
6309.3  71788.8
6311.9  71356.52
6314.5  72527.55
6317.1  71573.05
6319.7  69848.16
6322.3  70918.6
6324.9  72323.46
6327.5  71406.92
6330.1  70199.25
6332.7  72368.48
6335.3  72631.34
6337.9  71410.36
6340.5  72023.05
6343.1  70874.28
6345.7  72672.65
6348.3  71886.33
6350.9  71729.1
6353.5  71595.67
6356.1  71094.08
6358.7  71280.42
6361.3  72889.19
6363.9  72702.12
6366.5  71698.99
6369.1  72310.28
6371.7  72726.39
6374.3  72819.16
6376.9  70617.23
6379.5  72394.9
6382.1  74607.08
6384.7  73183.09
6387.3  73949.79
6389.9  73127.13
6392.5  72605.09
6395.1  73067.74
6397.7  72158.42
6400.3  71289.03
6402.9  71714.58
6405.5  71059.53
6408.1  71841.77
6410.7  71302.14
6413.3  71309.16
6415.9  70848.17
6418.5  70553.98
6421.1  70120.02
6423.7  69686.84
6426.3  70766.7
6428.9  70390.62
6431.5  69836.66
6434.1  69347.43
6436.7  68501.13
6439.3  68267.31
6441.9  67863.09
6444.5  68246.92
6447.1  67685.94
6449.7  68058.69
6452.3  67228.7
6454.9  66046.93
6457.5  65950.49
6460.1  66032.45
6462.7  66935.65
6465.3  67970.03
6467.9  68391.01
6470.5  67918.01
6473.1  68198.16
6475.7  66784.45
6478.3  68244.69
6480.9  68784.61
6483.5  68492.63
6486.1  67842.14
6488.7  67628.86
6491.3  67214.62
6493.9  67989.45
6496.5  68287.98
6499.1  68468.1
6501.7  68685.87
6504.3  69584.84
6506.9  67346.92
6509.5  69666.97
6512.1  70485.42
6514.7  68985.49
6517.3  67954.09
6519.9  68315.92
6522.5  67919.16
6525.1  67904.19
6527.7  66895.72
6530.3  67250.7
6532.9  67293.77
6535.5  66589.34
6538.1  65999.11
6540.7  65248.55
6543.3  64645.01
6545.9  62048.5
6548.5  60631.71
6551.1  58035.75
6553.7  55736.61
6556.3  52199.59
6558.9  48754.77
6561.5  45298.3
6564.1  43019.69
6566.7  43117.24
6569.3  45238.13
6571.9  49234.86
6574.5  53935.79
6577.1  56625.5
6579.7  58202.61
6582.3  60097.15
6584.9  62117.1
6587.5  62957.1
6590.1  62923.84
6592.7  63998.68
6595.3  64209.25
6597.9  66002.34
6600.5  66159.34
6603.1  66686.09
6605.7  66400.18
6608.3  66361.87
6610.9  66176.99
6613.5  67184.19
6616.1  67169.29
6618.7  66252.52
6621.3  67553.44
6623.9  67605.62
6626.5  67485.04
6629.1  67457.47
6631.7  67468.91
6634.3  67188.55
6636.9  67645.02
6639.5  67994.44
6642.1  68291.08
6644.7  68884.41
6647.3  68537.41
6649.9  69373.66
6652.5  68576.34
6655.1  68864.22
6657.7  68703.84
6660.3  68701.12
6662.9  69688.84
6665.5  70129.05
6668.1  69164.66
6670.7  70297.94
6673.3  70115.35
6675.9  69436.37
6678.5  70108.66
6681.1  69840.25
6683.7  69102.88
6686.3  69688.72
6688.9  69353.2
6691.5  69525.13
6694.1  69289.98
6696.7  69503.86
6699.3  70111.66
6701.9  69458.12
6704.5  68814.84
6707.1  68776.91
6709.7  68823.56
6712.3  69121.41
6714.9  68313.97
6717.5  69078.12
6720.1  69646.7
6722.7  69324.
6725.3  68406.09
6727.9  67932.61
6730.5  67835.91
6733.1  67923.37
6735.7  67724.26
6738.3  66991.78
6740.9  67840.37
6743.5  67765.04
6746.1  67556.27
6748.7  67245.99
6751.3  67664.97
6753.9  68011.23
6756.5  67588.45
6759.1  67351.48
6761.7  67317.95
6764.3  66629.12
6766.9  67783.57
6769.5  67264.78
6772.1  67354.67
6774.7  67446.63
6777.3  67099.49
6779.9  67275.2
6782.5  66973.75
6785.1  66784.48
6787.7  67239.94
6790.3  67455.84
6792.9  67440.89
6795.5  67297.13
6798.1  67745.09
6800.7  67271.18
6803.3  67550.1
6805.9  66225.58
6808.5  66471.45
6811.1  68146.56
6813.7  67421.14
6816.3  68324.34
6818.9  67804.16
6821.5  67019.33
6824.1  67104.05
6826.7  67713.8
6829.3  67488.87
6831.9  67200.14
6834.5  67936.16
6837.1  67474.23
6839.7  67544.7
6842.3  66507.56
6844.9  66494.74
6847.5  67366.72
6850.1  67174.37
6852.7  67259.82
6855.3  66522.42
6857.9  66578.68
6860.5  66201.71
6863.1  64392.1
6865.7  61303.73
6868.3  55801.01
6870.9  52804.14
6873.5  51489.27
6876.1  53464.27
6878.7  56582.51
6881.3  58684.54
6883.9  60240.74
6886.5  58739.93
6889.1  58828.52
6891.7  57904.15
6894.3  58673.65
6896.9  57994.32
6899.5  59010.55
6902.1  59106.18
6904.7  58829.39
6907.3  60802.5
6909.9  60922.84
6912.5  61757.36
6915.1  61651.89
6917.7  61910.52
6920.3  62121.63
6922.9  62773.25
6925.5  62100.68
6928.1  64219.74
6930.7  63820.55
6933.3  63971.52
6935.9  63746.27
6938.5  64022.82
6941.1  64015.8
6943.7  63985.
6946.3  63304.66
6948.9  63981.25
6951.5  64304.19
6954.1  64131.89
6956.7  63896.01
6959.3  64612.06
6961.9  64220.54
6964.5  64746.96
6967.1  65016.02
6969.7  64306.96
6972.3  64458.99
6974.9  64280.76
6977.5  65014.16
6980.1  64375.87
6982.7  64294.7
6985.3  64386.98
6987.9  63996.11
6990.5  64876.35
6993.1  64013.13
6995.7  65023.33
6998.3  64219.6
7000.9  63453.63
7003.5  64064.44
7006.1  63294.56
7008.7  63757.65
7011.3  64587.45
7013.9  63638.7
7016.5  63228.39
7019.1  63345.98
7021.7  64457.24
7024.3  63925.85
7026.9  62906.24
7029.5  63122.93
7032.1  63288.59
7034.7  62809.77
7037.3  63397.32
7039.9  63134.2
7042.5  62724.1
7045.1  62461.91
7047.7  62539.65
7050.3  62362.72
7052.9  62903.77
7055.5  62243.02
7058.1  61641.69
7060.7  61786.36
7063.3  61702.65
7065.9  61547.49
7068.5  61662.11
7071.1  60908.38
7073.7  61935.71
7076.3  60362.39
7078.9  60824.
7081.5  61500.24
7084.1  61562.9
7086.7  61455.22
7089.3  61639.05
7091.9  61597.99
7094.5  60420.84
7097.1  61579.29
7099.7  60615.86
7102.3  61946.43
7104.9  61510.33
7107.5  60788.94
7110.1  60546.92
7112.7  60471.52
7115.3  60028.31
7117.9  60042.93
7120.5  60339.81
7123.1  60130.17
7125.7  60937.45
7128.3  60596.56
7130.9  60727.31
7133.5  60723.07
7136.1  60665.41
7138.7  60586.57
7141.3  59901.95
7143.9  60702.63
7146.5  61327.58
7149.1  60385.07
7151.7  60514.78
7154.3  60152.65
7156.9  61061.6
7159.5  59981.02
7162.1  59612.41
7164.7  59998.83
7167.3  60258.82
7169.9  59348.41
7172.5  59935.7
7175.1  59552.24
7177.7  59453.65
7180.3  59256.22
7182.9  58944.78
7185.5  58597.48
7188.1  58616.81
7190.7  58151.17
7193.3  58236.74
7195.9  58280.73
7198.5  57834.08
7201.1  57964.18
7203.7  57269.29
7206.3  57710.58
7208.9  57741.26
7211.5  58437.84
7214.1  58309.
7216.7  57672.31
7219.3  58137.61
7221.9  57168.16
7224.5  56683.18
7227.1  56669.07
7229.7  57075.19
7232.3  57245.23
7234.9  57047.23
7237.5  57002.39
7240.1  56842.64
7242.7  56872.42
7245.3  56296.7
7247.9  56048.89
7250.5  55946.54
7253.1  56224.65
7255.7  57190.71
7258.3  56562.
7260.9  56624.77
7263.5  56640.
7266.1  56804.08
7268.7  56245.31
7271.3  56358.61
7273.9  56533.35
7276.5  55929.49
7279.1  56164.7
7281.7  55851.83
7284.3  55615.88
7286.9  56371.34
7289.5  55579.84
7292.1  55706.9
7294.7  55916.19
7297.3  55961.71
7299.9  56221.46
7302.5  55071.46
7305.1  55915.39
7307.7  56028.99
7310.3  55735.52
7312.9  55355.6
7315.5  55463.07
7318.1  55985.17
7320.7  55411.39
7323.3  55759.44
7325.9  56093.19
7328.5  55669.09
7331.1  55934.18
7333.7  56158.84
7336.3  55860.26
7338.9  55231.31
7341.5  55881.08
7344.1  55125.77
7346.7  55196.26
7349.3  54638.11
7351.9  54954.66
7354.5  55332.29
7357.1  55126.34
7359.7  54834.14
7362.3  54394.1
7364.9  53709.88
7367.5  54260.64
7370.1  55428.31
7372.7  54784.62
7375.3  54511.8
7377.9  54564.11
7380.5  54678.8
7383.1  54217.56
7385.7  53917.21
7388.3  54297.4
7390.9  54366.13
7393.5  54416.8
7396.1  54290.89
7398.7  53451.93
7401.3  53639.58
7403.9  53993.
7406.5  54022.34
7409.1  53599.7
7411.7  53082.1
7414.3  53193.04
7416.9  52756.68
7419.5  52966.1
7422.1  52914.02
7424.7  52642.67
7427.3  52576.59
7429.9  52513.17
7432.5  52449.1
7435.1  52387.32
7437.7  52489.9
7440.3  52047.92
7442.9  51961.87
7445.5  51814.63
7448.1  51902.36
7450.7  51607.
7453.3  51686.
7455.9  52063.74
7458.5  51477.63
7461.1  51324.96
7463.7  51823.96
7466.3  51845.36
7468.9  51195.98
7471.5  51259.14
7474.1  51517.89
7476.7  51303.07
7479.3  51629.2
7481.9  51435.42
7484.5  50904.58
7487.1  51037.68
7489.7  50708.36
7492.3  50558.34
7494.9  51225.84
7497.5  51385.4
7500.1  51279.39
7502.7  50998.03
7505.3  50218.57
7507.9  50396.45
7510.5  50115.97
7513.1  50102.91
7515.7  50407.32
7518.3  50544.81
7520.9  50661.26
7523.5  50453.49
7526.1  50091.39
7528.7  50319.
7531.3  50095.93
7533.9  49925.16
7536.5  49838.34
7539.1  49766.97
7541.7  49771.66
7544.3  49559.55
7546.9  49856.04
7549.5  49868.91
7552.1  49706.33
7554.7  49287.23
7557.3  49214.77
7559.9  49174.73
7562.5  49142.41
7565.1  49841.08
7567.7  49023.3
7570.3  49774.53
7572.9  48841.82
7575.5  48610.32
7578.1  49411.99
7580.7  49471.41
7583.3  48531.67
7585.9  48618.07
7588.5  47512.72
7591.1  44248.76
7593.7  38823.97
7596.3  32039.42
7598.9  25036.83
7601.5  19531.29
7604.1  16842.72
7606.7  16336.98
7609.3  17851.44
7611.9  21272.81
7614.5  26621.11
7617.1  30555.92
7619.7  33059.62
7622.3  33362.9
7624.9  31209.36
7627.5  28234.75
7630.1  27096.51
7632.7  27322.15
7635.3  27593.07
7637.9  28838.01
7640.5  29948.75
7643.1  31569.96
7645.7  32313.57
7648.3  33536.8
7650.9  35130.49
7653.5  36263.92
7656.1  37649.17
7658.7  38841.64
7661.3  38707.54
7663.9  40130.31
7666.5  40953.56
7669.1  41330.31
7671.7  41966.72
7674.3  42962.3
7676.9  43436.57
7679.5  43938.17
7682.1  43774.56
7684.7  44385.16
7687.3  44335.95
7689.9  44303.55
7692.5  44413.4
7695.1  44356.73
7697.7  44631.76
7700.3  44484.26
7702.9  44491.41
7705.5  44365.31
7708.1  44429.73
7710.7  44802.42
7713.3  44951.09
7715.9  44552.34
7718.5  44261.15
7721.1  44787.87
7723.7  44619.08
7726.3  44377.21
7728.9  44434.84
7731.5  44456.07
7734.1  44658.36
7736.7  44657.96
7739.3  43921.27
7741.9  43829.19
7744.5  44278.28
7747.1  44161.46
7749.7  44254.55
7752.3  44155.48
7754.9  43827.05
7757.5  43865.3
7760.1  43756.5
7762.7  43766.68
7765.3  43360.5
7767.9  42908.79
7770.5  42378.36
7773.1  41431.29
7775.7  41135.9
7778.3  41349.07
7780.9  41706.63
7783.5  42287.86
7786.1  42939.18
7788.7  43472.34
7791.3  43666.21
7793.9  42830.86
7796.5  42976.
7799.1  42838.5
7801.7  42346.13
7804.3  43000.12
7806.9  42958.5
7809.5  43122.77
7812.1  42980.28
7814.7  43251.62
7817.3  42831.96
7819.9  42762.43
7822.5  42755.38
7825.1  42672.8
7827.7  42176.38
7830.3  42142.19
7832.9  41978.13
7835.5  42283.38
7838.1  41917.89
7840.7  41753.02
7843.3  41777.93
7845.9  42145.84
7848.5  42601.29
7851.1  41355.37
7853.7  41586.23
7856.3  41267.6
7858.9  41231.72
7861.5  41383.84
7864.1  41707.21
7866.7  41425.49
7869.3  41132.44
7871.9  40987.05
7874.5  40808.66
7877.1  40895.04
7879.7  40737.54
7882.3  40849.59
7884.9  40685.23
7887.5  40797.82
7890.1  40949.32
7892.7  40094.98
7895.3  39640.54
7897.9  39848.89
7900.5  39832.29
7903.1  39731.89
7905.7  39847.09
7908.3  39923.36
7910.9  40459.17
7913.5  40303.24
7916.1  39540.11
7918.7  39518.15
7921.3  39575.2
7923.9  39528.91
7926.5  39321.14
7929.1  38772.34
7931.7  38856.07
7934.3  38805.62
7936.9  38641.01
7939.5  38756.3
7942.1  38656.03
7944.7  38586.3
7947.3  38483.96
7949.9  38830.65
7952.5  38559.77
7955.1  38397.
7957.7  38593.56
7960.3  38507.23
7962.9  38513.97
7965.5  38176.8
7968.1  38635.15
7970.7  38771.03
7973.3  38341.71
7975.9  38391.16
7978.5  37807.78
7981.1  37686.63
7983.7  38041.12
7986.3  38287.99
7988.9  37988.04
7991.5  38112.37
7994.1  37569.74
7996.7  37381.46
7999.3  37650.57
8001.9  37849.1
8004.5  37723.98
8007.1  37307.81
8009.7  37579.89
8012.3  37160.33
8014.9  37508.86
8017.5  37223.3
8020.1  37316.98
8022.7  37272.71
8025.3  36890.68
8027.9  37034.68
8030.5  36626.72
8033.1  36657.4
8035.7  36507.91
8038.3  36588.43
8040.9  36447.94
8043.5  36223.27
8046.1  35727.5
8048.7  35729.21
8051.3  36210.62
8053.9  36012.2
8056.5  35909.78
8059.1  35966.64
8061.7  35655.54
8064.3  35924.11
8066.9  35644.49
8069.5  35735.83
8072.1  35622.25
8074.7  35459.19
8077.3  35769.41
8079.9  35318.36
8082.5  35054.03
8085.1  35430.48
8087.7  35417.45
8090.3  34970.91
8092.9  34820.14
8095.5  34976.
8098.1  34970.17
8100.7  34683.71
8103.3  34615.14
8105.9  34787.73
8108.5  34560.91
8111.1  34381.27
8113.7  34772.64
8116.3  34734.26
8118.9  34409.35
8121.5  34628.15
8124.1  34651.5
8126.7  34500.6
8129.3  34273.8
8131.9  34287.36
8134.5  34049.87
8137.1  33598.93
8139.7  33903.27
8142.3  33838.
8144.9  33744.09
8147.5  33638.68
8150.1  33201.11
8152.7  33620.99
8155.3  33739.67
8157.9  33478.69
8160.5  33514.84
8163.1  33155.82
8165.7  33164.81
8168.3  33594.53
8170.9  33154.4
8173.5  33243.49
8176.1  33292.28
8178.7  33240.82
8181.3  32658.98
8183.9  32309.04
8186.5  32604.35
8189.1  32971.16
8191.7  32554.52
8194.3  32223.69
8196.9  32624.81
8199.5  32343.59
8202.1  32392.66
8204.7  32490.2
8207.3  32825.66
8209.9  33023.29
8212.5  32831.57
8215.1  32670.33
8217.7  32302.77
8220.3  31997.39
8222.9  31796.63
8225.5  31741.15
8228.1  31842.64
8230.7  31839.54
8233.3  31572.26
8235.9  31548.71
8238.5  32031.04
8241.1  32176.72
8243.7  32158.08
8246.3  32026.16
8248.9  31801.14
8251.5  31834.68
8254.1  31936.29
8256.7  32047.97
8259.3  31770.2
8261.9  31645.59
8264.5  31660.31
8267.1  31783.13
8269.7  31818.26
8272.3  31601.14
8274.9  31507.84
8277.5  31432.05
8280.1  30958.49
8282.7  31059.47
8285.3  31397.01
8287.9  30733.82
8290.5  31226.24
8293.1  31543.32
8295.7  31271.83
8298.3  30703.98
8300.9  30238.11
8303.5  30882.47
8306.1  31225.1
8308.7  30875.59
8311.3  30729.26
8313.9  30523.88
8316.5  30763.01
8319.1  30415.54
8321.7  30391.89
8324.3  30427.05
8326.9  30097.21
8329.5  29875.93
8332.1  30194.25
8334.7  30316.16
8337.3  29758.63
8339.9  29652.58
8342.5  29980.63
8345.1  30222.17
8347.7  30196.61
8350.3  30452.26
8352.9  30485.12
8355.5  30412.75
8358.1  30155.92
8360.7  29801.55
8363.3  29925.1
8365.9  29848.77
8368.5  29821.51
8371.1  30009.49
8373.7  29982.75
8376.3  29800.36
8378.9  29595.45
8381.5  29628.28
8384.1  29658.97
8386.7  29916.29
8389.3  30125.51
8391.9  29767.21
8394.5  29278.49
8397.1  29184.96
8399.7  29598.54
8402.3  29518.43
8404.9  29407.57
8407.5  29973.66
8410.1  29887.7
8412.7  29992.92
8415.3  29814.76
8417.9  29501.39
8420.5  29474.84
8423.1  29440.29
8425.7  29641.83
8428.3  30192.53
8430.9  29371.39
8433.5  29322.71
8436.1  29002.59
8438.7  29120.82
8441.3  29249.36
8443.9  28910.06
8446.5  28526.2
8449.1  28469.25
8451.7  28604.64
8454.3  29122.36
8456.9  28814.73
8459.5  28887.68
8462.1  29063.18
8464.7  29069.12
8467.3  29060.54
8469.9  28914.74
8472.5  28717.27
8475.1  28886.63
8477.7  29003.6
8480.3  29346.45
8482.9  29626.06
8485.5  29218.38
8488.1  29283.35
8490.7  29154.76
8493.3  28844.18
8495.9  28229.7
8498.5  27655.01
8501.1  27355.5
8503.7  27242.34
8506.3  27772.82
8508.9  27980.83
8511.5  28000.48
8514.1  28454.74
8516.7  28664.95
8519.3  28838.74
8521.9  28709.89
8524.5  28558.68
8527.1  28967.94
8529.7  28598.08
8532.3  28335.79
8534.9  27847.68
8537.5  26975.96
8540.1  26150.76
8542.7  26044.07
8545.3  25759.5
8547.9  25942.12
8550.5  25898.64
8553.1  26423.36
8555.7  27092.8
8558.3  27045.3
8560.9  27422.83
8563.5  27712.97
8566.1  27841.26
8568.7  28014.97
8571.3  27996.89
8573.9  28309.17
8576.5  27756.69
8579.1  27900.88
8581.7  27837.12
8584.3  27240.79
8586.9  27302.81
8589.5  26761.26
8592.1  26095.65
8594.7  25676.07
8597.3  25195.7
8599.9  24973.87
8602.5  24865.71
8605.1  25072.76
8607.7  25614.43
8610.3  26055.66
8612.9  26867.68
8615.5  27248.15
8618.1  27031.96
8620.7  27358.82
8623.3  27396.74
8625.9  27240.78
8628.5  27405.87
8631.1  27776.25
8633.7  28041.37
8636.3  27930.88
8638.9  27694.92
8641.5  27322.08
8644.1  27467.72
8646.7  27234.84
8649.3  26724.88
8651.9  26407.43
8654.5  25565.24
8657.1  25087.54
8659.7  24310.99
8662.3  23339.16
8664.9  23165.95
8667.5  23116.03
8670.1  23270.13
8672.7  23687.57
8675.3  24204.79
8677.9  24932.41
8680.5  25600.37
8683.1  26278.68
8685.7  26564.58
8688.3  27149.31
8690.9  27279.1
8693.5  27530.07
8696.1  27945.23
8698.7  27784.13
8701.3  27706.2
8703.9  27845.35
8706.5  28051.15
8709.1  28603.31
8711.7  28639.82
8714.3  27813.92
8716.9  27516.38
8719.5  27736.33
8722.1  27521.29
8724.7  27336.96
8727.3  27276.09
8729.9  27369.33
8732.5  27006.61
8735.1  26147.41
8737.7  25366.1
8740.3  24777.71
8742.9  24486.68
8745.5  23908.38
8748.1  22990.69
8750.7  22366.41
8753.3  22094.04
8755.9  21995.56
8758.5  22381.8
8761.1  22821.69
8763.7  23829.62
8766.3  24721.47
8768.9  25416.2
8771.5  25747.57
8774.1  26522.07
8776.7  26684.32
8779.3  26388.44
8781.9  26853.59
8784.5  26857.86
8787.1  27115.29
8789.7  27387.2
8792.3  27594.56
8794.9  27491.93
8797.5  27206.83
8800.1  27317.72
8802.7  27461.76
8805.3  27153.72
8807.9  27457.46
8810.5  27431.21
8813.1  26956.76
8815.7  27095.68
8818.3  26850.68
8820.9  26361.43
8823.5  26391.15
8826.1  26329.15
8828.7  26145.12
8831.3  26526.1
8833.9  26981.37
8836.5  26395.85
8839.1  25785.27
8841.7  25425.85
8844.3  24617.01
8846.9  24145.04
8849.5  23699.22
8852.1  22819.65
8854.7  22598.86
8857.3  21980.82
8859.9  20804.61
8862.5  19996.62
8865.1  19563.84
8867.7  19983.21
8870.3  20319.05
8872.9  20950.81
8875.5  21961.32
8878.1  22637.9
8880.7  22968.73
8883.3  23316.12
8885.9  24086.54
8888.5  24091.58
8891.1  24855.62
8893.7  25302.45
8896.3  24770.73
8898.9  25025.49
8901.5  25433.74
8904.1  25516.4
8906.7  25836.84
8909.3  25852.55
8911.9  25637.76
8914.5  25094.37
8917.1  25384.94
8919.7  25701.95
8922.3  25691.24
8924.9  26012.14
8927.5  26524.35
8930.1  26165.69
8932.7  25853.12
8935.3  26043.68
8937.9  26018.56
8940.5  25897.69
8943.1  26030.13
8945.7  26173.93
8948.3  26179.04
8950.9  25694.54
8953.5  25474.36
8956.1  25747.62
8958.7  25602.
8961.3  25478.04
8963.9  25749.94
8966.5  25118.23
8969.1  24806.45
8971.7  24886.75
8974.3  24369.91
8976.9  24425.5
8979.5  24013.58
8982.1  24076.71
8984.7  23637.65
8987.3  23185.13
8989.9  22632.53
8992.5  22344.74
8995.1  22065.17
8997.7  21545.98
9000.3  21493.86
9002.9  20650.55
9005.5  20149.68
9008.1  19864.1
9010.7  18594.96
9013.3  17673.48
9015.9  16945.77
9018.5  16913.95
9021.1  17315.36
9023.7  18045.07
9026.3  18968.54
9028.9  19711.96
9031.5  19939.64
9034.1  20442.71
9036.7  20962.78
9039.3  21120.47
9041.9  21424.41
9044.5  21621.07
9047.1  21916.96
9049.7  22130.74
9052.3  22057.64
9054.9  22071.89
9057.5  22056.93
9060.1  21895.31
9062.7  21889.74
9065.3  21870.26
9067.9  21765.65
9070.5  21707.95
9073.1  21975.09
9075.7  21781.29
9078.3  21615.21
9080.9  21734.18
9083.5  21339.55
9086.1  21336.1
9088.7  21337.26
9091.3  21424.18
9093.9  21451.6
9096.5  21244.
9099.1  21362.24
9101.7  21412.46
9104.3  21363.69
9106.9  21474.28
9109.5  21640.21
9112.1  21573.99
9114.7  21542.3
9117.3  21474.86
9119.9  21270.37
9122.5  21155.34
9125.1  21226.2
9127.7  21179.19
9130.3  21208.89
9132.9  21375.52
9135.5  21313.84
9138.1  20885.45
9140.7  20788.54
9143.3  21103.35
9145.9  20860.22
9148.5  21024.02
9151.1  21206.78
9153.7  20761.07
9156.3  20786.27
9158.9  20638.6
9161.5  20461.91
9164.1  20354.44
9166.7  20495.72
9169.3  20411.58
9171.9  20495.54
9174.5  20446.72
9177.1  20096.79
9179.7  20023.11
9182.3  19672.35
9184.9  19654.95
9187.5  19938.57
9190.1  19675.49
9192.7  19525.03
9195.3  19631.21
9197.9  19110.23
9200.5  19031.4
9203.1  19124.01
9205.7  18795.43
9208.3  18299.49
9210.9  17657.29
9213.5  17123.19
9216.1  16686.56
9218.7  16130.54
9221.3  15640.35
9223.9  15147.69
9226.5  14773.5
9229.1  14525.77
9231.7  14202.58
9234.3  14156.89
9236.9  14450.37
9239.5  14925.2
9242.1  15368.04
9244.7  15797.75
9247.3  16550.76
9249.9  16862.13
9252.5  17081.34
9255.1  17456.49
9257.7  17445.49
9260.3  17341.84
9262.9  17479.37
9265.5  17695.89
9268.1  17957.04
9270.7  18076.7
9273.3  18301.03
9275.9  18305.18
9278.5  18728.78
9281.1  18416.63
9283.7  18538.15
9286.3  18471.82
9288.9  18537.78
9291.5  18391.35
9294.1  18415.25
9296.7  18428.64
9299.3  18365.35
9301.9  18352.49
9304.5  17915.47
9307.1  17777.3
9309.7  18184.27
9312.3  18185.25
9314.9  17518.46
9317.5  17326.44
9320.1  17455.44
9322.7  17239.85
9325.3  17046.44
9327.9  17218.93
9330.5  17551.28
9333.1  17105.28
9335.7  17405.67
9338.3  17021.65
9340.9  16833.87
9343.5  16474.01
9346.1  16960.5
9348.7  16999.69
9351.3  16859.67
9353.9  17088.83
9356.5  17006.42
9359.1  16983.03
9361.7  17079.59
9364.3  17221.67
9366.9  17406.29
9369.5  17099.82
9372.1  17085.42
9374.7  16990.56
9377.3  16995.41
9379.9  17001.63
9382.5  16940.04
9385.1  16952.02
9387.7  17448.99
9390.3  17873.96
9392.9  18009.64
9395.5  18086.19
9398.1  18058.89
9400.7  17805.29
9403.3  17603.76
9405.9  17363.31
9408.5  17327.42
9411.1  17223.84
9413.7  17036.1
9416.3  17098.6
9418.9  17320.29
9421.5  17646.96
9424.1  17082.76
9426.7  16734.67
9429.3  16811.17
9431.9  16574.37
9434.5  16600.48
9437.1  16617.75
9439.7  16430.25
9442.3  16619.25
9444.9  16686.19
9447.5  17140.62
9450.1  17066.45
9452.7  17508.66
9455.3  17386.09
9457.9  16906.8
9460.5  16993.42
9463.1  17327.35
9465.7  17423.42
9468.3  17615.51
9470.9  17701.99
9473.5  17631.45
9476.1  17489.53
9478.7  17445.93
9481.3  17224.67
9483.9  17155.56
9486.5  17383.36
9489.1  17532.09
9491.7  17122.85
9494.3  16756.63
9496.9  16419.03
9499.5  16231.86
9502.1  16358.22
9504.7  16260.05
9507.3  16133.5
9509.9  16222.67
9512.5  15938.11
9515.1  15890.05
9517.7  14871.29
9520.3  14483.09
9522.9  13507.49
9525.5  13609.94
9528.1  13358.71
9530.7  13214.76
9533.3  13618.44
9535.9  13569.96
9538.5  13223.86
9541.1  12888.23
9543.7  12947.3
9546.3  12867.74
9548.9  12720.43
9551.5  13061.14
9554.1  13583.65
9556.7  13891.68
9559.3  14171.22
9561.9  14279.28
9564.5  14708.98
9567.1  15054.2
9569.7  15447.28
9572.3  15474.23
9574.9  15517.49
9577.5  16032.38
9580.1  16188.57
9582.7  16168.99
9585.3  16222.85
9587.9  16560.31
9590.5  16237.17
9593.1  16461.99
9595.7  17044.08
9598.3  17125.21
9600.9  17083.52
9603.5  17129.99
9606.1  17123.2
9608.7  17213.36
9611.3  17397.99
9613.9  17537.6
9616.5  17471.64
9619.1  17586.71
9621.7  17637.96
9624.3  17603.12
9626.9  17865.28
9629.5  17997.34
9632.1  18122.56
9634.7  18336.06
9637.3  18398.44
9639.9  18339.76
9642.5  18204.24
9645.1  18418.31
9647.7  18722.68
9650.3  18645.02
9652.9  18898.08
9655.5  18774.57
9658.1  18585.13
9660.7  18826.25
9663.3  19185.22
9665.9  19023.99
9668.5  19226.03
9671.1  18997.92
9673.7  19353.27
9676.3  19085.53
9678.9  18956.96
9681.5  18848.35
9684.1  19092.79
9686.7  19387.39
9689.3  19201.24
9691.9  19100.86
9694.5  18873.46
9697.1  18749.87
9699.7  18384.7
9702.3  18270.52
9704.9  18445.16
9707.5  18199.77
9710.1  18095.77
9712.7  18047.61
9715.3  17779.56
9717.9  17507.3
9720.5  17633.42
9723.1  17579.43
9725.7  17404.41
9728.3  17353.51
9730.9  17592.55
9733.5  17518.24
9736.1  17250.6
9738.7  17448.58
9741.3  17203.14
9743.9  16950.02
9746.5  16904.38
9749.1  17083.33
9751.7  17190.34
9754.3  16845.77
9756.9  16708.53
9759.5  16830.97
9762.1  17049.48
9764.7  16857.79
9767.3  16832.74
9769.9  17079.29
9772.5  17129.45
9775.1  17126.15
9777.7  16981.68
9780.3  17194.55
9782.9  17707.58
9785.5  17748.33
9788.1  17337.43
9790.7  17591.7
9793.3  17202.75
9795.9  17583.01
9798.5  17269.13
9801.1  17569.69
9803.7  17648.67
9806.3  17254.04
9808.9  17355.81
9811.5  17651.9
9814.1  17700.32
9816.7  17835.38
9819.3  17509.36
9821.9  17404.36
9824.5  17764.87
9827.1  17861.91
9829.7  17584.42
9832.3  17580.52
9834.9  17720.12
9837.5  17435.04
9840.1  17534.72
9842.7  17494.69
9845.3  17086.14
9847.9  16973.93
9850.5  16907.58
9853.1  16854.97
9855.7  16700.58
9858.3  16389.22
9860.9  16548.88
9863.5  16572.04
9866.1  16505.62
9868.7  16687.89
9871.3  16248.3
9873.9  15882.01
9876.5  15936.91
9879.1  15539.81
9881.7  15429.42
9884.3  15546.61
9886.9  15710.14
9889.5  15685.67
9892.1  15256.67
9894.7  15228.33
9897.3  14982.4
9899.9  14937.86
9902.5  14724.95
9905.1  14665.37
9907.7  14913.81
9910.3  15160.26
9912.9  15016.75
9915.5  14911.65
9918.1  14571.72
9920.7  14109.3
9923.3  14318.09
9925.9  14427.14
9928.5  14443.47
9931.1  14488.5
9933.7  14355.09
9936.3  14738.58
9938.9  14764.61
9941.5  14725.65
9944.1  14912.95
9946.7  14928.6
9949.3  14435.82
9951.9  14262.44
9954.5  14602.38
9957.1  14261.58
9959.7  14341.3
9962.3  14371.74
9964.9  14479.53
9967.5  14405.4
9970.1  14568.39
9972.7  14704.23
9975.3  14827.82
9977.9  14883.03
9980.5  14945.64
9983.1  15096.42
9985.7  14927.96
9988.3  14753.69
9990.9  14813.63
9993.5  15204.72
9996.1  14884.18
