3501.3  20.43785
3503.9  16.20133
3506.5  -9.838771
3509.1  -20.07957
3511.7  22.3905
3514.3  6.369983
3516.9  12.42887
3519.5  10.04032
3522.1  53.66448
3524.7  6.906298
3527.3  -17.78611
3529.9  15.84885
3532.5  5.491874
3535.1  -31.25775
3537.7  2.460785
3540.3  38.33022
3542.9  27.64618
3545.5  2.132465
3548.1  15.63723
3550.7  3.183011
3553.3  4.214847
3555.9  3.779701
3558.5  3.936609
3561.1  1.468563
3563.7  16.29103
3566.3  36.91827
3568.9  -9.858834
3571.5  12.20769
3574.1  25.41719
3576.7  -19.61855
3579.3  14.5078
3581.9  -2.215389
3584.5  0.03084352
3587.1  21.1656
3589.7  8.761851
3592.3  23.08696
3594.9  -2.392471
3597.5  8.028971
3600.1  3.098726
3602.7  17.41285
3605.3  5.929672
3607.9  -3.949756
3610.5  -16.36147
3613.1  33.61707
3615.7  12.18511
3618.3  -13.76033
3620.9  21.59294
3623.5  22.04066
3626.1  21.94601
3628.7  -11.32738
3631.3  10.46195
3633.9  -13.42995
3636.5  25.3833
3639.1  23.6451
3641.7  29.16772
3644.3  -9.032296
3646.9  -20.58076
3649.5  6.912703
3652.1  7.672831
3654.7  25.07873
3657.3  14.99611
3659.9  12.22645
3662.5  16.93802
3665.1  -23.7002
3667.7  -20.82516
3670.3  -7.125937
3672.9  17.12931
3675.5  1.941709
3678.1  17.44959
3680.7  27.74733
3683.3  43.99634
3685.9  6.288484
3688.5  -9.405802
3691.1  6.793665
3693.7  73.29215
3696.3  7.987049
3698.9  16.42386
3701.5  1.954234
3704.1  25.16635
3706.7  10.29912
3709.3  2.814648
3711.9  0.3814328
3714.5  32.43389
3717.1  -6.39222
3719.7  10.31231
3722.3  19.6639
3724.9  27.52017
3727.5  -4.848904
3730.1  14.74952
3732.7  -4.428609
3735.3  -7.367303
3737.9  14.91144
3740.5  39.60538
3743.1  9.725054
3745.7  32.78984
3748.3  2.481016
3750.9  27.62253
3753.5  -21.62136
3756.1  15.99319
3758.7  -12.75208
3761.3  9.374345
3763.9  -16.1586
3766.5  27.30441
3769.1  10.04125
3771.7  -9.085025
3774.3  -8.284774
3776.9  13.02873
3779.5  22.75453
3782.1  28.04013
3784.7  -8.673078
3787.3  -14.68154
3789.9  25.45849
3792.5  18.29477
3795.1  10.18585
3797.7  -10.98741
3800.3  20.46799
3802.9  28.44497
3805.5  -2.743586
3808.1  15.36733
3810.7  26.01559
3813.3  32.96325
3815.9  -6.418032
3818.5  39.31521
3821.1  21.7313
3823.7  32.34263
3826.3  39.27015
3828.9  19.89007
3831.5  24.26279
3834.1  24.16937
3836.7  16.97095
3839.3  25.20933
3841.9  18.58099
3844.5  -16.42555
3847.1  72.95264
3849.7  29.05726
3852.3  23.71569
3854.9  34.3348
3857.5  11.84225
3860.1  13.51374
3862.7  21.18808
3865.3  -21.24137
3867.9  11.49013
3870.5  24.04938
3873.1  7.390994
3875.7  -5.54417
3878.3  24.15006
3880.9  5.299951
3883.5  0.1994489
3886.1  -0.1541977
3888.7  48.62591
3891.3  -0.3521582
3893.9  54.43744
3896.5  7.938417
3899.1  18.98933
3901.7  26.40425
3904.3  5.294338
3906.9  38.99038
3909.5  8.567276
3912.1  7.349713
3914.7  -14.14962
3917.3  45.48024
3919.9  24.15369
3922.5  11.81668
3925.1  -30.84377
3927.7  43.90761
3930.3  10.01291
3932.9  -6.487609
3935.5  -1.810614
3938.1  11.39336
3940.7  19.27254
3943.3  22.98725
3945.9  25.1421
3948.5  23.03242
3951.1  6.793396
3953.7  -14.88314
3956.3  13.05116
3958.9  8.88758
3961.5  -11.52126
3964.1  -32.71029
3966.7  -8.453323
3969.3  18.02449
3971.9  56.7114
3974.5  49.82175
3977.1  -17.0519
3979.7  -4.381838
3982.3  16.24229
3984.9  36.12379
3987.5  24.7074
3990.1  34.43783
3992.7  23.38459
3995.3  32.36821
3997.9  -25.9497
4000.5  7.970043
4003.1  -8.887057
4005.7  3.100692
4008.3  3.064272
4010.9  -2.807571
4013.5  20.53375
4016.1  29.52044
4018.7  9.071741
4021.3  -9.270024
4023.9  10.38527
4026.5  12.11385
4029.1  12.84322
4031.7  11.51392
4034.3  10.23518
4036.9  6.629897
4039.5  1.392246
4042.1  -40.63546
4044.7  -19.5271
4047.3  5.046742
4049.9  35.39474
4052.5  32.55502
4055.1  21.2129
4057.7  -3.404347
4060.3  -4.225381
4062.9  12.6188
4065.5  25.20857
4068.1  9.191141
4070.7  12.29914
4073.3  4.050049
4075.9  5.26907
4078.5  10.0041
4081.1  41.20824
4083.7  -8.468546
4086.3  20.31414
4088.9  -23.42048
4091.5  53.07125
4094.1  39.06325
4096.7  -15.12109
4099.3  47.11724
4101.9  14.71981
4104.5  69.81818
4107.1  -11.35125
4109.7  9.086292
4112.3  46.66271
4114.9  -8.921548
4117.5  -6.7342
4120.1  -13.51159
4122.7  -2.770661
4125.3  -16.64469
4127.9  26.12362
4130.5  27.61934
4133.1  12.26152
4135.7  73.28707
4138.3  6.467885
4140.9  -26.45759
4143.5  -4.330296
4146.1  5.497115
4148.7  5.568738
4151.3  47.09916
4153.9  -3.379075
4156.5  4.644913
4159.1  38.84422
4161.7  -22.64926
4164.3  -8.068181
4166.9  -13.00517
4169.5  -23.28445
4172.1  -8.837151
4174.7  48.38783
4177.3  51.60812
4179.9  18.56254
4182.5  -9.030056
4185.1  1.62259
4187.7  -1.596351
4190.3  -35.01981
4192.9  0.7520133
4195.5  14.62491
4198.1  30.63893
4200.7  -4.353743
4203.3  21.03001
4205.9  7.892199
4208.5  19.63678
4211.1  -15.80772
4213.7  27.28714
4216.3  39.01851
4218.9  0.7008837
4221.5  54.38594
4224.1  29.38924
4226.7  12.20427
4229.3  18.36442
4231.9  17.11337
4234.5  41.84146
4237.1  9.461782
4239.7  36.7289
4242.3  -48.00353
4244.9  -13.37431
4247.5  -8.064221
4250.1  19.50788
4252.7  79.255
4255.3  36.01894
4257.9  19.72816
4260.5  8.066405
4263.1  48.06771
4265.7  39.17917
4268.3  54.00864
4270.9  -34.3392
4273.5  22.74472
4276.1  -46.98057
4278.7  21.76359
4281.3  28.53332
4283.9  31.47209
4286.5  -6.748929
4289.1  2.334671
4291.7  43.17327
4294.3  -8.670281
4296.9  6.239696
4299.5  1.235265
4302.1  57.8975
4304.7  18.84851
4307.3  46.28561
4309.9  12.24888
4312.5  1.030922
4315.1  -4.643928
4317.7  1.766339
4320.3  46.18406
4322.9  49.83858
4325.5  20.41215
4328.1  0.1020295
4330.7  16.70983
4333.3  -5.755767
4335.9  9.655157
4338.5  16.71782
4341.1  7.055515
4343.7  6.477231
4346.3  33.66625
4348.9  43.8191
4351.5  9.757366
4354.1  -10.49031
4356.7  37.98833
4359.3  -10.87329
4361.9  -3.832493
4364.5  -10.89476
4367.1  8.686721
4369.7  29.27682
4372.3  44.47398
4374.9  -7.684515
4377.5  -1.249327
4380.1  36.07558
4382.7  27.30994
4385.3  -4.334977
4387.9  -11.87979
4390.5  20.44002
4393.1  21.65383
4395.7  71.15036
4398.3  -35.16685
4400.9  13.53976
4403.5  30.2846
4406.1  -11.76562
4408.7  0.04270703
4411.3  33.41831
4413.9  25.86147
4416.5  -27.79985
4419.1  -12.7202
4421.7  -0.05110051
4424.3  -7.528106
4426.9  -10.01701
4429.5  -17.39793
4432.1  -14.56099
4434.7  -1.145329
4437.3  -6.392133
4439.9  -16.83363
4442.5  5.789008
4445.1  20.52786
4447.7  19.4339
4450.3  21.81621
4452.9  55.171
4455.5  3.715716
4458.1  2.503466
4460.7  44.04392
4463.3  41.14509
4465.9  -16.31995
4468.5  -44.98227
4471.1  1.466463
4473.7  10.62039
4476.3  5.289036
4478.9  3.960715
4481.5  50.7961
4484.1  73.24417
4486.7  29.93893
4489.3  25.48569
4491.9  30.94139
4494.5  16.1984
4497.1  19.17638
4499.7  46.80765
4502.3  17.00826
4504.9  9.995989
4507.5  51.21021
4510.1  59.66781
4512.7  -5.579139
4515.3  5.885658
4517.9  32.97875
4520.5  -17.3949
4523.1  -19.746
4525.7  24.43767
4528.3  83.4988
4530.9  30.59947
4533.5  0.2673236
4536.1  23.9718
4538.7  3.096153
4541.3  18.25744
4543.9  13.50457
4546.5  -7.883809
4549.1  20.60815
4551.7  16.79798
4554.3  15.38433
4556.9  2.935492
4559.5  43.16504
4562.1  -28.79804
4564.7  3.158246
4567.3  16.45629
4569.9  35.30064
4572.5  17.17422
4575.1  5.621547
4577.7  16.99822
4580.3  -1.044189
4582.9  19.16746
4585.5  29.89649
4588.1  20.31779
4590.7  3.481994
4593.3  5.53842
4595.9  -13.08213
4598.5  31.7189
4601.1  40.44858
4603.7  36.23626
4606.3  34.44038
4608.9  37.04108
4611.5  55.47674
4614.1  -1.458458
4616.7  22.04902
4619.3  21.5542
4621.9  44.84489
4624.5  24.5109
4627.1  -13.25198
4629.7  -0.8566633
4632.3  20.88568
4634.9  -16.48745
4637.5  21.31529
4640.1  13.33224
4642.7  31.11878
4645.3  81.53418
4647.9  1.261213
4650.5  -11.23169
4653.1  6.414823
4655.7  10.92591
4658.3  5.596041
4660.9  17.89915
4663.5  -39.23517
4666.1  15.95858
4668.7  28.28027
4671.3  53.79956
4673.9  -27.3491
4676.5  26.42282
4679.1  52.60611
4681.7  30.39728
4684.3  17.46319
4686.9  5.37695
4689.5  71.05891
4692.1  73.57525
4694.7  75.00391
4697.3  146.679
4699.9  84.88353
4702.5  131.6842
4705.1  133.6894
4707.7  143.5222
4710.3  149.3245
4712.9  92.54018
4715.5  130.1564
4718.1  176.8469
4720.7  298.1598
4723.3  304.9648
4725.9  353.2132
4728.5  335.6965
4731.1  376.565
4733.7  448.1327
4736.3  579.222
4738.9  464.3892
4741.5  596.6714
4744.1  638.9686
4746.7  670.6252
4749.3  772.2103
4751.9  1004.531
4754.5  985.8676
4757.1  906.8491
4759.7  1154.526
4762.3  1262.55
4764.9  1349.942
4767.5  1521.367
4770.1  1665.982
4772.7  2179.361
4775.3  2267.29
4777.9  2473.405
4780.5  2413.61
4783.1  2482.841
4785.7  2720.422
4788.3  2763.482
4790.9  2964.912
4793.5  3161.126
4796.1  3121.943
4798.7  3201.244
4801.3  3499.613
4803.9  3739.703
4806.5  3690.752
4809.1  3634.033
4811.7  4025.482
4814.3  4806.402
4816.9  4638.826
4819.5  4466.066
4822.1  4932.055
4824.7  5352.872
4827.3  5164.156
4829.9  6275.069
4832.5  6248.013
4835.1  5790.496
4837.7  6604.47
4840.3  6821.136
4842.9  7214.42
4845.5  7306.671
4848.1  7557.102
4850.7  7128.475
4853.3  8017.134
4855.9  7591.64
4858.5  7931.636
4861.1  9261.652
4863.7  8550.804
4866.3  8101.723
4868.9  8906.789
4871.5  9220.919
4874.1  9935.829
4876.7  9842.437
4879.3  10251.85
4881.9  10143.76
4884.5  9466.806
4887.1  10599.53
4889.7  11050.32
4892.3  10763.95
4894.9  10989.42
4897.5  12624.18
4900.1  12421.82
4902.7  12345.89
4905.3  12353.11
4907.9  12192.23
4910.5  13549.01
4913.1  13071.57
4915.7  13618.78
4918.3  13501.28
4920.9  13560.91
4923.5  15947.61
4926.1  16987.29
4928.7  15804.92
4931.3  16460.34
4933.9  15670.35
4936.5  15938.87
4939.1  18196.48
4941.7  18287.41
4944.3  18405.44
4946.9  19575.78
4949.5  18025.5
4952.1  18444.53
4954.7  17324.34
4957.3  20041.1
4959.9  19534.16
4962.5  18202.45
4965.1  18038.36
4967.7  19575.46
4970.3  20769.11
4972.9  19442.41
4975.5  17788.63
4978.1  17786.26
4980.7  18874.48
4983.3  18303.32
4985.9  19722.92
4988.5  19991.96
4991.1  20705.39
4993.7  21150.3
4996.3  21234.73
4998.9  20422.25
5001.5  20809.3
5004.1  21100.21
5006.7  21214.95
5009.3  20775.83
5011.9  21650.6
5014.5  22580.64
5017.1  21493.44
5019.7  21724.71
5022.3  21323.39
5024.9  22979.29
5027.5  23907.63
5030.1  23757.22
5032.7  21743.75
5035.3  21128.32
5037.9  20483.82
5040.5  20733.89
5043.1  21802.04
5045.7  22804.82
5048.3  22510.25
5050.9  23079.35
5053.5  22745.08
5056.1  23731.44
5058.7  24370.32
5061.3  24398.11
5063.9  23343.75
5066.5  23044.5
5069.1  23884.31
5071.7  24304.67
5074.3  24219.2
5076.9  22475.57
5079.5  23412.9
5082.1  25859.18
5084.7  25710.79
5087.3  26574.38
5089.9  26636.22
5092.5  27857.22
5095.1  26070.09
5097.7  26032.72
5100.3  27250.27
5102.9  26415.85
5105.5  25767.67
5108.1  26360.06
5110.7  26879.97
5113.3  27876.41
5115.9  28140.32
5118.5  26553.32
5121.1  25005.04
5123.7  24514.33
5126.3  24969.17
5128.9  25769.91
5131.5  25732.55
5134.1  25798.19
5136.7  24123.22
5139.3  24805.06
5141.9  25139.81
5144.5  25471.45
5147.1  27129.72
5149.7  25856.77
5152.3  25650.99
5154.9  27327.95
5157.5  27766.1
5160.1  26913.
5162.7  23976.66
5165.3  22949.84
5167.9  22707.86
5170.5  23155.59
5173.1  26432.
5175.7  26572.7
5178.3  24964.59
5180.9  24157.52
5183.5  25853.23
5186.1  26156.37
5188.7  26288.9
5191.3  26576.52
5193.9  27260.03
5196.5  27101.99
5199.1  27230.24
5201.7  26736.35
5204.3  25995.66
5206.9  26455.29
5209.5  27676.22
5212.1  28681.21
5214.7  28731.12
5217.3  28493.46
5219.9  28615.78
5222.5  26861.53
5225.1  26528.71
5227.7  26912.08
5230.3  27233.51
5232.9  28320.26
5235.5  29975.36
5238.1  30521.29
5240.7  29681.59
5243.3  28614.94
5245.9  29417.92
5248.5  28902.1
5251.1  30035.39
5253.7  30562.29
5256.3  30517.2
5258.9  28261.85
5261.5  27252.32
5264.1  26798.41
5266.7  27607.05
5269.3  27749.75
5271.9  29054.68
5274.5  30390.64
5277.1  29438.35
5279.7  29457.47
5282.3  29618.24
5284.9  30780.02
5287.5  30756.49
5290.1  32297.33
5292.7  29623.77
5295.3  28411.22
5297.9  28492.01
5300.5  29148.44
5303.1  29878.78
5305.7  30738.8
5308.3  31210.71
5310.9  29843.54
5313.5  29838.51
5316.1  31191.28
5318.7  30043.89
5321.3  28710.22
5323.9  26649.77
5326.5  26149.52
5329.1  28377.01
5331.7  30077.16
5334.3  30225.68
5336.9  29797.11
5339.5  30385.87
5342.1  29734.9
5344.7  29367.28
5347.3  31608.52
5349.9  32050.47
5352.5  33134.94
5355.1  33164.1
5357.7  32708.67
5360.3  33219.21
5362.9  31211.14
5365.5  30647.31
5368.1  30771.73
5370.7  31894.13
5373.3  32714.99
5375.9  32011.31
5378.5  32781.12
5381.1  32479.03
5383.7  32096.15
5386.3  31674.74
5388.9  32265.66
5391.5  29072.63
5394.1  29303.61
5396.7  31085.71
5399.3  29253.
5401.9  28443.55
5404.5  29265.52
5407.1  29105.49
5409.7  30202.95
5412.3  31558.37
5414.9  31360.01
5417.5  31854.66
5420.1  30840.37
5422.7  31042.28
5425.3  31939.21
5427.9  30751.7
5430.5  31058.37
5433.1  31680.18
5435.7  32286.28
5438.3  33052.93
5440.9  32513.93
5443.5  30981.57
5446.1  31440.8
5448.7  32151.46
5451.3  31416.13
5453.9  31156.85
5456.5  31759.36
5459.1  31049.46
5461.7  30178.9
5464.3  31144.05
5466.9  30238.61
5469.5  30457.89
5472.1  29075.13
5474.7  28869.28
5477.3  27725.12
5479.9  28993.94
5482.5  29681.7
5485.1  29011.29
5487.7  29132.85
5490.3  28335.58
5492.9  28356.77
5495.5  27971.79
5498.1  28212.32
5500.7  27432.9
5503.3  26838.63
5505.9  27123.13
5508.5  27326.42
5511.1  27260.19
5513.7  27943.2
5516.3  28779.63
5518.9  29257.09
5521.5  28596.77
5524.1  27978.54
5526.7  28426.5
5529.3  29184.37
5531.9  30630.06
5534.5  29388.56
5537.1  31685.36
5539.7  30933.18
5542.3  31505.94
5544.9  31929.82
5547.5  32790.25
5550.1  32746.3
5552.7  32838.57
5555.3  33829.87
5557.9  32985.64
5560.5  32604.93
5563.1  32200.44
5565.7  31999.12
5568.3  32463.89
5570.9  32240.35
5573.5  32249.97
5576.1  32087.78
5578.7  31931.02
5581.3  31545.07
5583.9  29999.1
5586.5  28967.48
5589.1  29217.38
5591.7  29593.62
5594.3  30378.04
5596.9  30007.94
5599.5  29296.65
5602.1  30544.77
5604.7  31322.65
5607.3  32600.82
5609.9  31592.96
5612.5  30118.99
5615.1  30682.94
5617.7  31347.16
5620.3  30158.
5622.9  30319.92
5625.5  31634.77
5628.1  31914.08
5630.7  31919.43
5633.3  31882.6
5635.9  33223.24
5638.5  32126.91
5641.1  32154.63
5643.7  32559.94
5646.3  32545.61
5648.9  33022.74
5651.5  32098.13
5654.1  31006.92
5656.7  30416.38
5659.3  31334.2
5661.9  32308.41
5664.5  32182.45
5667.1  32637.33
5669.7  33513.54
5672.3  33501.64
5674.9  32573.53
5677.5  32316.15
5680.1  31785.07
5682.7  31803.76
5685.3  31541.58
5687.9  32031.11
5690.5  32374.32
5693.1  32652.59
5695.7  31974.56
5698.3  31592.1
5700.9  30671.12
5703.5  30712.52
5706.1  29707.15
5708.7  30369.68
5711.3  31594.29
5713.9  31967.54
5716.5  32245.85
5719.1  32816.02
5721.7  32994.62
5724.3  32015.31
5726.9  32710.2
5729.5  33138.48
5732.1  32927.54
5734.7  32376.11
5737.3  31941.77
5739.9  31902.03
5742.5  32083.43
5745.1  31774.58
5747.7  31230.95
5750.3  29934.33
5752.9  29960.13
5755.5  30570.05
5758.1  30083.09
5760.7  29625.95
5763.3  29370.28
5765.9  29794.48
5768.5  28843.51
5771.1  28324.4
5773.7  28155.12
5776.3  26934.34
5778.9  25660.34
5781.5  24937.49
5784.1  24559.35
5786.7  24909.3
5789.3  24670.15
5791.9  24481.52
5794.5  24506.73
5797.1  24378.78
5799.7  23620.79
5802.3  23188.73
5804.9  23348.31
5807.5  23204.84
5810.1  22933.58
5812.7  23055.9
5815.3  23376.29
5817.9  22848.31
5820.5  23390.14
5823.1  23529.7
5825.7  23151.08
5828.3  22884.31
5830.9  23042.73
5833.5  22833.76
5836.1  23417.87
5838.7  23651.84
5841.3  23814.88
5843.9  24335.43
5846.5  24214.55
5849.1  23876.79
5851.7  24104.32
5854.3  24371.53
5856.9  24725.98
5859.5  24876.86
5862.1  26430.7
5864.7  26707.4
5867.3  26810.72
5869.9  27656.45
5872.5  27836.67
5875.1  27556.21
5877.7  27908.46
5880.3  28439.43
5882.9  27571.43
5885.5  25204.84
5888.1  24255.9
5890.7  24174.27
5893.3  24670.99
5895.9  26069.34
5898.5  26722.39
5901.1  27448.83
5903.7  27077.71
5906.3  28318.51
5908.9  26738.01
5911.5  26547.74
5914.1  26615.28
5916.7  26701.83
5919.3  26619.92
5921.9  26472.96
5924.5  25963.57
5927.1  24704.48
5929.7  24851.89
5932.3  24895.4
5934.9  24665.03
5937.5  25284.04
5940.1  24798.98
5942.7  24750.8
5945.3  24074.71
5947.9  23617.41
5950.5  23940.72
5953.1  24089.59
5955.7  24049.75
5958.3  23588.03
5960.9  23401.37
5963.5  24798.25
5966.1  24664.68
5968.7  24415.24
5971.3  24179.66
5973.9  24075.46
5976.5  24751.85
5979.1  24853.77
5981.7  25180.48
5984.3  25360.08
5986.9  25912.56
5989.5  26874.04
5992.1  27501.56
5994.7  27224.61
5997.3  27414.93
5999.9  27984.94
6002.5  27983.12
6005.1  28495.16
6007.7  28672.67
6010.3  28754.3
6012.9  29286.95
6015.5  29579.71
6018.1  29704.42
6020.7  30131.05
6023.3  31373.02
6025.9  31685.42
6028.5  31919.22
6031.1  32373.11
6033.7  32527.2
6036.3  32470.36
6038.9  32497.14
6041.5  33264.98
6044.1  33646.
6046.7  33798.96
6049.3  33351.45
6051.9  32591.59
6054.5  32897.18
6057.1  32710.08
6059.7  32560.8
6062.3  31829.31
6064.9  32749.57
6067.5  33224.14
6070.1  33147.48
6072.7  32670.43
6075.3  31691.97
6077.9  31614.95
6080.5  31561.52
6083.1  31641.6
6085.7  31859.87
6088.3  31699.84
6090.9  31486.9
6093.5  31998.21
6096.1  31617.57
6098.7  30375.45
6101.3  30365.81
6103.9  30823.74
6106.5  31829.89
6109.1  32096.04
6111.7  32182.89
6114.3  32108.86
6116.9  31073.11
6119.5  30513.86
6122.1  31278.85
6124.7  32023.57
6127.3  32091.77
6129.9  31485.11
6132.5  30620.2
6135.1  30973.6
6137.7  30989.69
6140.3  31577.87
6142.9  31361.19
6145.5  31859.35
6148.1  31557.77
6150.7  31564.32
6153.3  31603.34
6155.9  29976.19
6158.5  28988.2
6161.1  29585.49
6163.7  29624.32
6166.3  29331.94
6168.9  30215.42
6171.5  30647.78
6174.1  30942.48
6176.7  31282.25
6179.3  31288.78
6181.9  30702.06
6184.5  30821.96
6187.1  30303.6
6189.7  30681.52
6192.3  31341.72
6194.9  30844.35
6197.5  30595.44
6200.1  31147.53
6202.7  31768.76
6205.3  31848.41
6207.9  31213.9
6210.5  30606.23
6213.1  30312.13
6215.7  30373.82
6218.3  31056.84
6220.9  31929.49
6223.5  30965.08
6226.1  30193.93
6228.7  30427.68
6231.3  30890.87
6233.9  31153.37
6236.5  30654.7
6239.1  30332.16
6241.7  29795.32
6244.3  30594.67
6246.9  30612.46
6249.5  30014.91
6252.1  29099.18
6254.7  29160.01
6257.3  30512.95
6259.9  30785.41
6262.5  30519.08
6265.1  30852.18
6267.7  31188.46
6270.3  31038.8
6272.9  29789.24
6275.5  28812.59
6278.1  28608.35
6280.7  28979.59
6283.3  29429.43
6285.9  29669.92
6288.5  29152.88
6291.1  29417.77
6293.7  29366.75
6296.3  28239.91
6298.9  28065.05
6301.5  28958.76
6304.1  28973.94
6306.7  28879.36
6309.3  28998.55
6311.9  28052.44
6314.5  27599.44
6317.1  28025.58
6319.7  28421.54
6322.3  28806.14
6324.9  28695.72
6327.5  28705.82
6330.1  28634.01
6332.7  27723.49
6335.3  27553.2
6337.9  27975.84
6340.5  28180.5
6343.1  28566.29
6345.7  28757.02
6348.3  28992.05
6350.9  28502.19
6353.5  27902.12
6356.1  28498.17
6358.7  28565.29
6361.3  28534.82
6363.9  29163.08
6366.5  29187.1
6369.1  29812.58
6371.7  30155.38
6374.3  29779.96
6376.9  29410.28
6379.5  30009.18
6382.1  30553.07
6384.7  30337.73
6387.3  30219.58
6389.9  30112.57
6392.5  30174.16
6395.1  29264.71
6397.7  29935.18
6400.3  30306.22
6402.9  29908.85
6405.5  29615.77
6408.1  29660.01
6410.7  30061.33
6413.3  30259.
6415.9  29742.99
6418.5  29872.93
6421.1  30389.46
6423.7  30609.4
6426.3  29993.35
6428.9  30365.38
6431.5  30815.22
6434.1  29637.29
6436.7  29288.32
6439.3  30038.35
6441.9  29951.1
6444.5  29626.22
6447.1  29651.87
6449.7  29171.18
6452.3  29311.92
6454.9  29698.5
6457.5  28529.8
6460.1  28840.38
6462.7  29485.3
6465.3  29556.58
6467.9  29376.48
6470.5  29331.35
6473.1  29544.44
6475.7  29756.61
6478.3  29318.58
6480.9  29503.48
6483.5  30068.86
6486.1  29372.06
6488.7  27975.01
6491.3  27063.48
6493.9  27354.49
6496.5  27665.03
6499.1  28463.42
6501.7  29393.91
6504.3  29794.16
6506.9  29872.29
6509.5  30024.91
6512.1  29355.2
6514.7  29396.66
6517.3  30247.12
6519.9  30242.12
6522.5  30115.97
6525.1  30045.74
6527.7  30152.84
6530.3  30118.01
6532.9  29601.32
6535.5  30304.74
6538.1  30174.04
6540.7  29621.48
6543.3  29431.54
6545.9  29604.66
6548.5  29311.38
6551.1  29609.39
6553.7  30548.77
6556.3  31873.39
6558.9  33588.73
6561.5  33074.11
6564.1  31653.91
6566.7  30508.69
6569.3  29275.38
6571.9  29065.94
6574.5  29565.53
6577.1  29397.36
6579.7  29581.73
6582.3  30241.03
6584.9  29930.43
6587.5  29133.48
6590.1  29033.25
6592.7  29284.04
6595.3  29095.03
6597.9  29042.72
6600.5  29399.33
6603.1  29236.1
6605.7  29389.61
6608.3  29016.01
6610.9  29801.09
6613.5  29580.57
6616.1  29708.66
6618.7  29638.22
6621.3  29519.8
6623.9  28974.58
6626.5  29075.38
6629.1  28865.36
6631.7  29012.75
6634.3  29754.32
6636.9  29196.9
6639.5  29098.08
6642.1  29298.26
6644.7  29323.4
6647.3  29269.5
6649.9  29049.24
6652.5  29497.07
6655.1  29216.94
6657.7  29096.89
6660.3  29069.73
6662.9  29262.84
6665.5  29812.82
6668.1  29826.53
6670.7  29124.51
6673.3  29129.58
6675.9  29329.57
6678.5  29679.27
6681.1  29411.3
6683.7  29386.78
6686.3  29724.9
6688.9  29575.37
6691.5  29252.47
6694.1  29043.15
6696.7  29269.61
6699.3  29442.2
6701.9  28871.62
6704.5  28613.27
6707.1  29095.24
6709.7  28578.57
6712.3  28080.69
6714.9  28257.57
6717.5  28792.
6720.1  28512.05
6722.7  28253.4
6725.3  28652.21
6727.9  28519.43
6730.5  28401.27
6733.1  28582.13
6735.7  28382.68
6738.3  28481.51
6740.9  28537.52
6743.5  28123.48
6746.1  27759.87
6748.7  27922.89
6751.3  28376.26
6753.9  28544.71
6756.5  28466.38
6759.1  28226.75
6761.7  27926.7
6764.3  27798.61
6766.9  27759.01
6769.5  28143.95
6772.1  28224.
6774.7  28364.12
6777.3  27937.9
6779.9  28119.18
6782.5  28305.82
6785.1  27994.54
6787.7  28242.38
6790.3  28227.52
6792.9  27665.92
6795.5  28051.63
6798.1  28268.18
6800.7  28410.69
6803.3  28138.67
6805.9  28028.75
6808.5  28224.83
6811.1  28027.24
6813.7  28131.33
6816.3  27958.23
6818.9  28250.28
6821.5  28070.96
6824.1  27472.06
6826.7  27602.41
6829.3  27883.28
6831.9  28045.79
6834.5  27322.33
6837.1  27051.96
6839.7  27354.41
6842.3  27301.13
6844.9  28051.01
6847.5  27586.8
6850.1  27253.59
6852.7  26957.12
6855.3  27107.58
6857.9  27033.49
6860.5  26794.04
6863.1  23674.63
6865.7  21726.69
6868.3  21064.
6870.9  21811.34
6873.5  22522.71
6876.1  24265.79
6878.7  24619.13
6881.3  24365.22
6883.9  24500.63
6886.5  24461.15
6889.1  24125.38
6891.7  23922.91
6894.3  24542.59
6896.9  24890.54
6899.5  24554.44
6902.1  24865.92
6904.7  25050.81
6907.3  25224.69
6909.9  25294.4
6912.5  25353.85
6915.1  25567.82
6917.7  25762.35
6920.3  25806.77
6922.9  26199.58
6925.5  26478.28
6928.1  26341.26
6930.7  26402.44
6933.3  26425.01
6935.9  26303.83
6938.5  26766.58
6941.1  26631.22
6943.7  26353.
6946.3  26711.65
6948.9  26593.97
6951.5  26600.2
6954.1  26801.38
6956.7  26859.82
6959.3  27124.06
6961.9  26759.57
6964.5  26835.04
6967.1  26730.12
6969.7  26477.2
6972.3  26146.37
6974.9  26330.14
6977.5  26413.2
6980.1  26422.31
6982.7  26717.54
6985.3  26782.31
6987.9  26770.25
6990.5  26739.54
6993.1  26464.04
6995.7  26397.48
6998.3  26013.31
7000.9  25889.35
7003.5  26121.29
7006.1  26227.86
7008.7  26244.23
7011.3  25921.3
7013.9  26009.61
7016.5  26209.74
7019.1  25980.55
7021.7  25924.78
7024.3  26153.64
7026.9  26082.29
7029.5  25879.86
7032.1  26026.86
7034.7  26189.13
7037.3  26498.64
7039.9  26507.17
7042.5  26308.97
7045.1  26355.39
7047.7  26023.31
7050.3  25957.7
7052.9  25953.23
7055.5  25742.66
7058.1  26010.9
7060.7  25812.
7063.3  25841.59
7065.9  25895.56
7068.5  25957.58
7071.1  25918.24
7073.7  25766.7
7076.3  25801.09
7078.9  25580.48
7081.5  25337.14
7084.1  25239.18
7086.7  25304.55
7089.3  25580.41
7091.9  25632.16
7094.5  25710.58
7097.1  25873.91
7099.7  25498.37
7102.3  25535.05
7104.9  25820.38
7107.5  25154.12
7110.1  25347.22
7112.7  25361.05
7115.3  24914.68
7117.9  25131.29
7120.5  25040.55
7123.1  25301.8
7125.7  25100.56
7128.3  24812.58
7130.9  24698.14
7133.5  24786.54
7136.1  24975.34
7138.7  25257.92
7141.3  24629.82
7143.9  24149.02
7146.5  24447.77
7149.1  24878.55
7151.7  25191.65
7154.3  24991.2
7156.9  24904.35
7159.5  24457.44
7162.1  24165.11
7164.7  24736.05
7167.3  24377.23
7169.9  24919.78
7172.5  24605.8
7175.1  23688.7
7177.7  23745.27
7180.3  23422.05
7182.9  22910.65
7185.5  22955.4
7188.1  23167.63
7190.7  23134.44
7193.3  23562.91
7195.9  23578.19
7198.5  23142.04
7201.1  23244.21
7203.7  23080.12
7206.3  23394.5
7208.9  23778.07
7211.5  23870.42
7214.1  23960.72
7216.7  23890.99
7219.3  23630.33
7221.9  23642.53
7224.5  24318.41
7227.1  24110.83
7229.7  23508.07
7232.3  23260.1
7234.9  23375.21
7237.5  23612.69
7240.1  23682.51
7242.7  23591.28
7245.3  23378.13
7247.9  23351.51
7250.5  23564.82
7253.1  23757.06
7255.7  23597.19
7258.3  23520.74
7260.9  23295.49
7263.5  23467.64
7266.1  23944.01
7268.7  23442.19
7271.3  23155.13
7273.9  22938.44
7276.5  23330.21
7279.1  23502.48
7281.7  23150.89
7284.3  22798.33
7286.9  22620.86
7289.5  22444.46
7292.1  22636.94
7294.7  23370.54
7297.3  23621.38
7299.9  23516.23
7302.5  23057.08
7305.1  22824.87
7307.7  23123.71
7310.3  23457.55
7312.9  23320.26
7315.5  23160.54
7318.1  23075.81
7320.7  22951.51
7323.3  22971.51
7325.9  23238.64
7328.5  22846.7
7331.1  22885.85
7333.7  23133.54
7336.3  23233.04
7338.9  22855.7
7341.5  23216.88
7344.1  22869.53
7346.7  23026.44
7349.3  22775.88
7351.9  22486.02
7354.5  22295.83
7357.1  22348.2
7359.7  22398.95
7362.3  22190.58
7364.9  23079.48
7367.5  22785.43
7370.1  22773.94
7372.7  22824.76
7375.3  23004.34
7377.9  22909.07
7380.5  22287.91
7383.1  21934.23
7385.7  21955.45
7388.3  21786.08
7390.9  22115.37
7393.5  22367.19
7396.1  22188.14
7398.7  22535.09
7401.3  21847.27
7403.9  21917.77
7406.5  21455.34
7409.1  21660.18
7411.7  21743.88
7414.3  21860.87
7416.9  21845.45
7419.5  21479.16
7422.1  22084.08
7424.7  22045.12
7427.3  22185.01
7429.9  22183.88
7432.5  21993.55
7435.1  21859.68
7437.7  22121.42
7440.3  21725.49
7442.9  21633.81
7445.5  21866.58
7448.1  21942.23
7450.7  21969.55
7453.3  22147.66
7455.9  21707.01
7458.5  21208.71
7461.1  21661.18
7463.7  21870.16
7466.3  22134.77
7468.9  21803.04
7471.5  21661.52
7474.1  21810.42
7476.7  21640.81
7479.3  21798.23
7481.9  22129.63
7484.5  22006.75
7487.1  21426.03
7489.7  21361.69
7492.3  21220.83
7494.9  21408.66
7497.5  21533.72
7500.1  21566.21
7502.7  21308.35
7505.3  21018.28
7507.9  21037.98
7510.5  21367.26
7513.1  21309.33
7515.7  21152.51
7518.3  20939.38
7520.9  21388.22
7523.5  21422.07
7526.1  21042.69
7528.7  20976.41
7531.3  21166.09
7533.9  21468.45
7536.5  21293.39
7539.1  21194.52
7541.7  20920.6
7544.3  20822.72
7546.9  21017.09
7549.5  20818.94
7552.1  20879.09
7554.7  21093.23
7557.3  20660.21
7559.9  20690.37
7562.5  20677.65
7565.1  20346.88
7567.7  20381.35
7570.3  20531.39
7572.9  20676.69
7575.5  20705.5
7578.1  20339.11
7580.7  20078.41
7583.3  20319.07
7585.9  20280.12
7588.5  18408.28
7591.1  14735.98
7593.7  11283.25
7596.3  8647.313
7598.9  6745.85
7601.5  6215.314
7604.1  6282.865
7606.7  7043.457
7609.3  8451.532
7611.9  11625.13
7614.5  14220.3
7617.1  14068.68
7619.7  12956.66
7622.3  11814.41
7624.9  10954.26
7627.5  11020.18
7630.1  11227.64
7632.7  11573.63
7635.3  11950.41
7637.9  12409.97
7640.5  13161.79
7643.1  13509.33
7645.7  13945.13
7648.3  14488.44
7650.9  15254.52
7653.5  15247.7
7656.1  15757.35
7658.7  15953.46
7661.3  15823.65
7663.9  16795.26
7666.5  17366.81
7669.1  18225.41
7671.7  18339.96
7674.3  18124.45
7676.9  18386.44
7679.5  18530.55
7682.1  18746.07
7684.7  18539.47
7687.3  18434.09
7689.9  18659.03
7692.5  18267.96
7695.1  18097.77
7697.7  18340.69
7700.3  18803.75
7702.9  19108.5
7705.5  18838.77
7708.1  18470.18
7710.7  18528.05
7713.3  18763.82
7715.9  18388.2
7718.5  18461.43
7721.1  18915.98
7723.7  18557.54
7726.3  18709.25
7728.9  19056.1
7731.5  18871.71
7734.1  18918.75
7736.7  18957.47
7739.3  18771.28
7741.9  18429.53
7744.5  18032.87
7747.1  18053.43
7749.7  18648.02
7752.3  18881.25
7754.9  18873.45
7757.5  18709.9
7760.1  18839.79
7762.7  18568.34
7765.3  18446.22
7767.9  18216.9
7770.5  18019.48
7773.1  18137.14
7775.7  18290.
7778.3  18263.21
7780.9  18290.15
7783.5  18081.24
7786.1  18558.76
7788.7  18436.73
7791.3  18158.32
7793.9  18008.06
7796.5  18267.94
7799.1  18447.25
7801.7  18560.87
7804.3  18353.89
7806.9  17897.28
7809.5  18456.58
7812.1  18162.06
7814.7  18214.9
7817.3  18365.03
7819.9  18262.54
7822.5  18414.81
7825.1  18182.04
7827.7  17958.82
7830.3  17303.99
7832.9  17700.74
7835.5  17870.5
7838.1  18125.7
7840.7  17677.76
7843.3  17835.74
7845.9  17891.69
7848.5  18171.5
7851.1  18142.7
7853.7  17681.36
7856.3  18147.37
7858.9  18277.04
7861.5  18002.08
7864.1  17774.84
7866.7  17806.49
7869.3  18101.52
7871.9  17701.75
7874.5  17828.51
7877.1  17624.49
7879.7  17968.59
7882.3  17721.49
7884.9  17796.93
7887.5  17409.32
7890.1  17545.04
7892.7  17298.79
7895.3  17171.47
7897.9  17222.59
7900.5  17188.41
7903.1  17571.94
7905.7  17331.32
7908.3  17356.89
7910.9  17236.73
7913.5  17050.91
7916.1  17179.19
7918.7  16872.53
7921.3  17149.66
7923.9  17209.44
7926.5  16680.35
7929.1  16818.83
7931.7  16374.27
7934.3  16705.86
7936.9  16753.6
7939.5  16723.19
7942.1  16172.6
7944.7  16399.21
7947.3  16708.56
7949.9  16644.21
7952.5  16683.61
7955.1  16825.07
7957.7  16753.91
7960.3  16904.95
7962.9  16917.65
7965.5  16973.95
7968.1  16676.78
7970.7  16827.17
7973.3  16802.31
7975.9  16891.05
7978.5  16810.13
7981.1  16606.4
7983.7  16914.95
7986.3  16928.46
7988.9  16944.73
7991.5  16538.06
7994.1  16029.85
7996.7  16313.07
7999.3  16341.51
8001.9  16219.37
8004.5  16459.17
8007.1  16841.72
8009.7  16783.91
8012.3  16649.54
8014.9  16614.6
8017.5  16728.53
8020.1  16424.12
8022.7  16227.14
8025.3  16207.54
8027.9  16144.05
8030.5  16185.07
8033.1  16219.75
8035.7  16394.77
8038.3  16393.08
8040.9  16066.06
8043.5  15742.
8046.1  15914.89
8048.7  16166.4
8051.3  16081.73
8053.9  16287.09
8056.5  16386.54
8059.1  16098.39
8061.7  16129.39
8064.3  16160.6
8066.9  16152.28
8069.5  15909.26
8072.1  15826.18
8074.7  15996.99
8077.3  15714.09
8079.9  15935.24
8082.5  16027.04
8085.1  16054.95
8087.7  15716.82
8090.3  15436.24
8092.9  15492.64
8095.5  15536.53
8098.1  15368.79
8100.7  15497.43
8103.3  15979.44
8105.9  15755.7
8108.5  15763.22
8111.1  15586.58
8113.7  15740.44
8116.3  15931.09
8118.9  15687.01
8121.5  15494.37
8124.1  15626.56
8126.7  15423.81
8129.3  15313.12
8131.9  15528.64
8134.5  15217.88
8137.1  15554.89
8139.7  15429.87
8142.3  15251.86
8144.9  14951.39
8147.5  14993.69
8150.1  14907.58
8152.7  14915.46
8155.3  14842.46
8157.9  14683.19
8160.5  14660.8
8163.1  14565.42
8165.7  14725.94
8168.3  14647.28
8170.9  14822.15
8173.5  14641.69
8176.1  14288.25
8178.7  14145.24
8181.3  14180.1
8183.9  14183.94
8186.5  14423.02
8189.1  14105.64
8191.7  14062.03
8194.3  14070.75
8196.9  14318.4
8199.5  14596.97
8202.1  14836.67
8204.7  14804.04
8207.3  14472.51
8209.9  14855.12
8212.5  14658.66
8215.1  14212.85
8217.7  14378.21
8220.3  14351.8
8222.9  14143.71
8225.5  13954.05
8228.1  14166.66
8230.7  14326.03
8233.3  14152.97
8235.9  14617.88
8238.5  14727.13
8241.1  14770.42
8243.7  14699.29
8246.3  14443.28
8248.9  14715.93
8251.5  14621.44
8254.1  14554.68
8256.7  14527.98
8259.3  14383.77
8261.9  14551.31
8264.5  14385.78
8267.1  14141.25
8269.7  14265.79
8272.3  14264.45
8274.9  14143.96
8277.5  14473.75
8280.1  14593.59
8282.7  14165.22
8285.3  14231.16
8287.9  14354.58
8290.5  14146.67
8293.1  14213.41
8295.7  14519.8
8298.3  14155.06
8300.9  14010.29
8303.5  14200.65
8306.1  14080.62
8308.7  13837.48
8311.3  14116.5
8313.9  14153.36
8316.5  13809.25
8319.1  14002.28
8321.7  13588.77
8324.3  13310.65
8326.9  13277.79
8329.5  13454.76
8332.1  13253.62
8334.7  13449.63
8337.3  13701.58
8339.9  13392.98
8342.5  13423.46
8345.1  13519.53
8347.7  13806.45
8350.3  13777.69
8352.9  13602.22
8355.5  13431.79
8358.1  13388.53
8360.7  13352.54
8363.3  13955.49
8365.9  13582.04
8368.5  13603.22
8371.1  13598.34
8373.7  13426.43
8376.3  13596.62
8378.9  13555.75
8381.5  12884.58
8384.1  12928.58
8386.7  13029.05
8389.3  13050.6
8391.9  13299.46
8394.5  13268.99
8397.1  13577.96
8399.7  13423.6
8402.3  12994.36
8404.9  13401.74
8407.5  13409.14
8410.1  13297.42
8412.7  13066.41
8415.3  13364.22
8417.9  13407.81
8420.5  13151.2
8423.1  13088.46
8425.7  13371.58
8428.3  13211.94
8430.9  12997.61
8433.5  12963.11
8436.1  13104.79
8438.7  13237.86
8441.3  13069.02
8443.9  13030.29
8446.5  13010.62
8449.1  13204.18
8451.7  13194.2
8454.3  13123.09
8456.9  13279.35
8459.5  13533.13
8462.1  13248.78
8464.7  12830.21
8467.3  13137.29
8469.9  13181.19
8472.5  13003.73
8475.1  13186.31
8477.7  13243.73
8480.3  13158.
8482.9  13230.01
8485.5  12897.25
8488.1  13066.75
8490.7  12728.53
8493.3  12480.96
8495.9  12346.09
8498.5  12364.62
8501.1  12633.33
8503.7  12687.3
8506.3  12539.66
8508.9  12622.14
8511.5  12418.99
8514.1  12540.82
8516.7  12664.11
8519.3  12448.6
8521.9  12631.16
8524.5  12694.04
8527.1  12629.59
8529.7  12400.37
8532.3  11797.06
8534.9  11381.17
8537.5  10672.74
8540.1  10705.18
8542.7  10966.39
8545.3  11540.02
8547.9  12100.44
8550.5  12247.4
8553.1  12278.76
8555.7  12491.67
8558.3  12286.64
8560.9  12270.65
8563.5  12450.57
8566.1  12342.09
8568.7  12410.83
8571.3  12651.73
8573.9  12342.88
8576.5  12092.16
8579.1  12189.07
8581.7  12265.55
8584.3  12146.87
8586.9  12293.
8589.5  12347.75
8592.1  12080.39
8594.7  12106.77
8597.3  11955.83
8599.9  12153.35
8602.5  11962.5
8605.1  11929.23
8607.7  12099.46
8610.3  12010.99
8612.9  12052.65
8615.5  11957.34
8618.1  11867.38
8620.7  11739.66
8623.3  11935.79
8625.9  12012.74
8628.5  11851.55
8631.1  11935.64
8633.7  11853.04
8636.3  12077.41
8638.9  12214.5
8641.5  11739.1
8644.1  11246.95
8646.7  11240.37
8649.3  11633.81
8651.9  11365.54
8654.5  10982.48
8657.1  10602.9
8659.7  10195.33
8662.3  10743.53
8664.9  11044.72
8667.5  11171.21
8670.1  11211.64
8672.7  11377.75
8675.3  11438.25
8677.9  11751.77
8680.5  11936.77
8683.1  11350.2
8685.7  11126.67
8688.3  11574.37
8690.9  11605.53
8693.5  11569.18
8696.1  11567.7
8698.7  11794.49
8701.3  11849.07
8703.9  12075.51
8706.5  11389.22
8709.1  11523.32
8711.7  11273.53
8714.3  11590.66
8716.9  11800.94
8719.5  11718.99
8722.1  11788.43
8724.7  11622.1
8727.3  11244.32
8729.9  11452.1
8732.5  11727.26
8735.1  11370.93
8737.7  11386.74
8740.3  11564.55
8742.9  11486.31
8745.5  11322.45
8748.1  11624.28
8750.7  11351.59
8753.3  11140.94
8755.9  11232.41
8758.5  11062.25
8761.1  11430.76
8763.7  11456.79
8766.3  11153.01
8768.9  11237.51
8771.5  11337.38
8774.1  11364.57
8776.7  11475.31
8779.3  11468.41
8781.9  11270.24
8784.5  11226.68
8787.1  11439.01
8789.7  10986.63
8792.3  10932.42
8794.9  11356.
8797.5  11309.1
8800.1  10831.13
8802.7  10486.35
8805.3  10434.52
8807.9  11030.92
8810.5  11045.46
8813.1  11236.24
8815.7  11158.12
8818.3  10797.32
8820.9  10406.56
8823.5  10788.98
8826.1  10979.62
8828.7  10909.02
8831.3  11004.95
8833.9  11030.51
8836.5  10762.73
8839.1  10885.59
8841.7  10920.67
8844.3  10392.74
8846.9  10718.38
8849.5  10397.62
8852.1  10533.09
8854.7  10360.42
8857.3  10505.74
8859.9  10426.5
8862.5  10365.74
8865.1  10492.89
8867.7  10492.73
8870.3  10162.28
8872.9  10197.49
8875.5  10496.06
8878.1  10212.91
8880.7  10358.33
8883.3  10486.05
8885.9  10592.6
8888.5  10238.21
8891.1  10337.82
8893.7  10296.67
8896.3  9909.249
8898.9  10013.84
8901.5  10211.12
8904.1  10119.95
8906.7  10090.32
8909.3  10136.94
8911.9  10448.2
8914.5  10323.14
8917.1  10138.22
8919.7  10069.36
8922.3  9797.004
8924.9  9878.376
8927.5  9819.587
8930.1  9839.241
8932.7  9891.049
8935.3  9765.061
8937.9  9754.856
8940.5  9823.542
8943.1  9651.413
8945.7  9784.778
8948.3  9633.337
8950.9  9744.095
8953.5  9654.999
8956.1  9814.635
8958.7  9686.617
8961.3  9477.478
8963.9  9787.061
8966.5  9482.273
8969.1  9431.564
8971.7  9180.099
8974.3  9176.953
8976.9  9158.188
8979.5  9236.857
8982.1  9052.107
8984.7  8932.664
8987.3  8750.511
8989.9  9044.098
8992.5  9189.225
8995.1  8936.665
8997.7  8610.844
9000.3  9071.934
9002.9  9103.824
9005.5  8513.54
9008.1  8787.787
9010.7  8696.41
9013.3  8514.291
9015.9  8648.741
9018.5  8719.155
9021.1  8534.459
9023.7  8784.979
9026.3  8870.76
9028.9  8988.41
9031.5  9313.938
9034.1  9454.423
9036.7  9312.081
9039.3  9157.184
9041.9  9088.825
9044.5  8926.718
9047.1  8797.8
9049.7  8890.547
9052.3  9132.886
9054.9  8907.647
9057.5  8544.661
9060.1  8673.665
9062.7  8636.198
9065.3  8535.919
9067.9  8506.92
9070.5  8422.46
9073.1  8287.924
9075.7  8137.552
9078.3  8349.143
9080.9  8369.508
9083.5  7863.153
9086.1  7796.205
9088.7  7949.505
9091.3  8046.507
9093.9  7958.283
9096.5  8176.261
9099.1  7928.72
9101.7  8221.001
9104.3  8054.286
9106.9  8150.418
9109.5  8153.672
9112.1  7940.448
9114.7  7895.841
9117.3  7986.452
9119.9  8220.657
9122.5  8167.356
9125.1  8042.863
9127.7  7916.982
9130.3  7893.307
9132.9  7695.897
9135.5  7604.704
9138.1  7983.135
9140.7  8034.204
9143.3  7914.738
9145.9  7799.7
9148.5  7833.661
9151.1  7639.127
9153.7  7701.361
9156.3  7886.657
9158.9  7698.299
9161.5  7696.421
9164.1  7784.021
9166.7  7552.735
9169.3  7413.323
9171.9  7475.41
9174.5  7531.396
9177.1  7671.348
9179.7  7603.669
9182.3  7404.343
9184.9  7400.723
9187.5  7260.103
9190.1  7758.297
9192.7  7493.297
9195.3  7602.611
9197.9  7471.073
9200.5  7453.742
9203.1  7330.064
9205.7  7385.131
9208.3  7360.101
9210.9  7075.164
9213.5  7146.137
9216.1  7241.208
9218.7  6974.586
9221.3  7108.105
9223.9  7217.853
9226.5  7497.361
9229.1  7251.932
9231.7  7042.437
9234.3  7182.98
9236.9  7122.209
9239.5  6997.344
9242.1  7095.663
9244.7  7124.889
9247.3  6929.441
9249.9  6863.588
9252.5  6811.117
9255.1  6952.175
9257.7  7018.715
9260.3  7046.884
9262.9  7154.087
9265.5  7047.911
9268.1  7200.501
9270.7  7132.951
9273.3  6903.745
9275.9  6888.56
9278.5  6723.307
9281.1  6695.159
9283.7  6815.944
9286.3  6848.811
9288.9  6704.318
9291.5  6663.937
9294.1  6598.13
9296.7  6357.357
9299.3  6476.657
9301.9  6408.922
9304.5  6132.64
9307.1  6454.229
9309.7  6015.973
9312.3  5758.92
9314.9  5800.466
9317.5  5571.105
9320.1  5881.947
9322.7  5842.625
9325.3  6045.253
9327.9  5809.694
9330.5  5633.698
9333.1  5785.864
9335.7  5592.596
9338.3  5084.257
9340.9  4965.123
9343.5  5556.887
9346.1  5858.233
9348.7  5709.252
9351.3  5424.399
9353.9  5477.333
9356.5  5661.266
9359.1  5887.57
9361.7  5911.599
9364.3  5620.241
9366.9  5628.703
9369.5  5974.983
9372.1  5989.463
9374.7  5755.786
9377.3  5963.924
9379.9  6077.052
9382.5  6020.983
9385.1  6300.221
9387.7  6394.527
9390.3  6415.
9392.9  6415.841
9395.5  6184.278
9398.1  6352.273
9400.7  6342.586
9403.3  6365.513
9405.9  6221.559
9408.5  6030.176
9411.1  5954.406
9413.7  5909.004
9416.3  5946.026
9418.9  6129.94
9421.5  5807.724
9424.1  5583.638
9426.7  5705.691
9429.3  6195.791
9431.9  5954.899
9434.5  5789.648
9437.1  5295.654
9439.7  5358.387
9442.3  5842.777
9444.9  6465.191
9447.5  6418.919
9450.1  6041.627
9452.7  5937.165
9455.3  5693.784
9457.9  5723.749
9460.5  6152.425
9463.1  6214.131
9465.7  6120.84
9468.3  5943.849
9470.9  6003.298
9473.5  6077.975
9476.1  5722.944
9478.7  5812.066
9481.3  6426.908
9483.9  6748.141
9486.5  6601.417
9489.1  6323.36
9491.7  6061.661
9494.3  5899.564
9496.9  5940.559
9499.5  6209.856
9502.1  6411.684
9504.7  6516.571
9507.3  6580.496
9509.9  6522.933
9512.5  6221.168
9515.1  5849.872
9517.7  5856.942
9520.3  6068.162
9522.9  5964.489
9525.5  6181.237
9528.1  6412.21
9530.7  6292.561
9533.3  6525.046
9535.9  6313.286
9538.5  5993.56
9541.1  5938.039
9543.7  6078.769
9546.3  6302.985
9548.9  6207.177
9551.5  6144.989
9554.1  6257.118
9556.7  6391.707
9559.3  6305.125
9561.9  6023.043
9564.5  5996.134
9567.1  6067.348
9569.7  6120.607
9572.3  6194.726
9574.9  6135.302
9577.5  6059.544
9580.1  6039.587
9582.7  6080.788
9585.3  6176.753
9587.9  6472.778
9590.5  6467.5
9593.1  6374.774
9595.7  6376.306
9598.3  6434.009
9600.9  6431.639
9603.5  6468.476
9606.1  6435.154
9608.7  6404.102
9611.3  6553.651
9613.9  6414.185
9616.5  6323.213
9619.1  6190.429
9621.7  6092.943
9624.3  6238.208
9626.9  6620.084
9629.5  6651.743
9632.1  6542.017
9634.7  6308.584
9637.3  6075.437
9639.9  5974.566
9642.5  6377.528
9645.1  6349.379
9647.7  6443.065
9650.3  6626.419
9652.9  6820.778
9655.5  6911.991
9658.1  6870.114
9660.7  6920.702
9663.3  6980.457
9665.9  6860.624
9668.5  6851.331
9671.1  6897.637
9673.7  6624.714
9676.3  6465.625
9678.9  6689.095
9681.5  6879.927
9684.1  6950.042
9686.7  7066.69
9689.3  7174.901
9691.9  6929.138
9694.5  6954.354
9697.1  7189.81
9699.7  6965.169
9702.3  6937.988
9704.9  6986.751
9707.5  6948.445
9710.1  6893.645
9712.7  6433.644
9715.3  6245.734
9717.9  6445.747
9720.5  6626.821
9723.1  6825.921
9725.7  6933.042
9728.3  6686.224
9730.9  6671.724
9733.5  6473.91
9736.1  6525.662
9738.7  6589.07
9741.3  6367.812
9743.9  6407.319
9746.5  6524.881
9749.1  6530.819
9751.7  6587.25
9754.3  6528.987
9756.9  6321.892
9759.5  6309.959
9762.1  6424.315
9764.7  6173.645
9767.3  5718.292
9769.9  5763.893
9772.5  5926.169
9775.1  6032.02
9777.7  6172.78
9780.3  6332.74
9782.9  5965.495
9785.5  6049.009
9788.1  6450.657
9790.7  5923.617
9793.3  6274.61
9795.9  6513.844
9798.5  6509.38
9801.1  6451.779
9803.7  6356.219
9806.3  6193.659
9808.9  6182.195
9811.5  6072.848
9814.1  5952.641
9816.7  6008.303
9819.3  6186.875
9821.9  6344.76
9824.5  6450.5
9827.1  6198.477
9829.7  5958.486
9832.3  5872.245
9834.9  5911.673
9837.5  5836.946
9840.1  5782.066
9842.7  5961.135
9845.3  5815.122
9847.9  5746.457
9850.5  5884.837
9853.1  6064.319
9855.7  6057.55
9858.3  5759.59
9860.9  5876.614
9863.5  6078.458
9866.1  5790.183
9868.7  5773.162
9871.3  5984.651
9873.9  6071.824
9876.5  5872.024
9879.1  5610.359
9881.7  5555.06
9884.3  5179.003
9886.9  5148.064
9889.5  4950.246
9892.1  5214.56
9894.7  5566.273
9897.3  5785.287
9899.9  5748.845
9902.5  5446.24
9905.1  5312.892
9907.7  5172.265
9910.3  5138.315
9912.9  5290.304
9915.5  5473.655
9918.1  5639.263
9920.7  5680.281
9923.3  5480.765
9925.9  5451.794
9928.5  5377.136
9931.1  5541.649
9933.7  5537.977
9936.3  5143.627
9938.9  5139.788
9941.5  5223.85
9944.1  5188.421
9946.7  5245.86
9949.3  5226.606
9951.9  5402.971
9954.5  5217.993
9957.1  5171.723
9959.7  5515.391
9962.3  5405.117
9964.9  5120.202
9967.5  5210.737
9970.1  4992.117
9972.7  4942.56
9975.3  5220.393
9977.9  5239.466
9980.5  5443.367
9983.1  5336.005
9985.7  5310.423
9988.3  5132.395
9990.9  5158.632
9993.5  5257.877
9996.1  5354.152
9998.7  5404.035
