3501.3  -0.001786336
3503.9  -0.001430419
3506.5  8.775598E-4
3509.1  0.001809471
3511.7  -0.002038738
3514.3  -5.861062E-4
3516.9  -0.001155713
3519.5  -9.436008E-4
3522.1  -0.005097916
3524.7  -6.632209E-4
3527.3  0.001726813
3529.9  -0.001555815
3532.5  -5.451587E-4
3535.1  0.003137975
3537.7  -2.498624E-4
3540.3  -0.003936896
3542.9  -0.002872648
3545.5  -2.241893E-4
3548.1  -0.001663525
3550.7  -3.426880E-4
3553.3  -4.592899E-4
3555.9  -4.169300E-4
3558.5  -4.396271E-4
3561.1  -1.660619E-4
3563.7  -0.001865519
3566.3  -0.004281817
3568.9  0.001158269
3571.5  -0.001453045
3574.1  -0.003065493
3576.7  0.002397908
3579.3  -0.001797339
3581.9  2.782344E-4
3584.5  -3.927627E-6
3587.1  -0.002733237
3589.7  -0.001147616
3592.3  -0.00306762
3594.9  3.225488E-4
3597.5  -0.001098513
3600.1  -4.303388E-4
3602.7  -0.002455079
3605.3  -8.489556E-4
3607.9  5.743478E-4
3610.5  0.002416982
3613.1  -0.005046094
3615.7  -0.001858957
3618.3  0.002134123
3620.9  -0.003405328
3623.5  -0.00353541
3626.1  -0.003581408
3628.7  0.001881169
3631.3  -0.001768622
3633.9  0.002311781
3636.5  -0.004450421
3639.1  -0.004223868
3641.7  -0.00531043
3644.3  0.001676594
3646.9  0.003896242
3649.5  -0.001335191
3652.1  -0.001512611
3654.7  -0.005048018
3657.3  -0.003083303
3659.9  -0.002568881
3662.5  -0.003638336
3665.1  0.005207041
3667.7  0.004682009
3670.3  0.001640257
3672.9  -0.004038888
3675.5  -4.692455E-4
3678.1  -0.004324603
3680.7  -0.007056497
3683.3  -0.01148868
3685.9  -0.001687238
3688.5  0.002594839
3691.1  -0.001928536
3693.7  -0.02142555
3696.3  -0.002406444
3698.9  -0.005104607
3701.5  -6.271534E-4
3704.1  -0.00834759
3706.7  -0.003534667
3709.3  -0.001000639
3711.9  -1.406381E-4
3714.5  -0.01241911
3717.1  0.002545442
3719.7  -0.004277092
3722.3  -0.008508733
3724.9  -0.01244593
3727.5  0.002296416
3730.1  -0.007330735
3732.7  0.002315405
3735.3  0.004062484
3737.9  -0.008697069
3740.5  -0.0245126
3743.1  -0.006410419
3745.7  -0.02311434
3748.3  -0.001879136
3750.9  -0.02260107
3753.5  0.01923231
3756.1  -0.01558142
3758.7  0.01372934
3761.3  -0.01127581
3763.9  0.02201129
3766.5  -0.04286428
3769.1  -0.01859263
3771.7  0.02049393
3774.3  0.02389554
3776.9  -0.05205488
3779.5  -0.1477179
3782.1  -0.4838316
3784.7  -0.2285725
3787.3  -0.1098134
3789.9  0.1110479
3792.5  0.05634909
3795.1  0.02425788
3797.7  -0.0213367
3800.3  0.03356122
3802.9  0.04037187
3805.5  -0.003433181
3808.1  0.01719836
3810.7  0.0263385
3813.3  0.03047075
3815.9  -0.005459041
3818.5  0.0309718
3821.1  0.01594442
3823.7  0.02220851
3826.3  0.02534353
3828.9  0.01210925
3831.5  0.01398081
3834.1  0.01322084
3836.7  0.008835907
3839.3  0.01252305
3841.9  0.00882605
3844.5  -0.007475422
3847.1  0.03186885
3849.7  0.01220463
3852.3  0.009592267
3854.9  0.01339244
3857.5  0.004460447
3860.1  0.004921253
3862.7  0.007468862
3865.3  -0.007255655
3867.9  0.003807082
3870.5  0.007736736
3873.1  0.002310639
3875.7  -0.001685815
3878.3  0.007147973
3880.9  0.001528119
3883.5  5.605905E-5
3886.1  -4.227819E-5
3888.7  0.01301401
3891.3  -9.205604E-5
3893.9  0.01390713
3896.5  0.001983081
3899.1  0.004641017
3901.7  0.006316791
3904.3  0.001240402
3906.9  0.008950351
3909.5  0.001927745
3912.1  0.001621768
3914.7  -0.003063023
3917.3  0.00966245
3919.9  0.005038179
3922.5  0.002420855
3925.1  -0.006208345
3927.7  0.008686204
3930.3  0.001947489
3932.9  -0.001240964
3935.5  -3.407177E-4
3938.1  0.002109791
3940.7  0.003512937
3943.3  0.004125545
3945.9  0.004443995
3948.5  0.004010529
3951.1  0.001165593
3953.7  -0.002516856
3956.3  0.002175788
3958.9  0.001461016
3961.5  -0.001867972
3964.1  -0.005231753
3966.7  -0.001334054
3969.3  0.002807234
3971.9  0.008718519
3974.5  0.007561871
3977.1  -0.002555658
3979.7  -6.486122E-4
3982.3  0.002374926
3984.9  0.005218512
3987.5  0.003526971
3990.1  0.004858508
3992.7  0.003261066
3995.3  0.004462498
3997.9  -0.003537423
4000.5  0.001074421
4003.1  -0.001184931
4005.7  4.089571E-4
4008.3  3.998429E-4
4010.9  -3.624879E-4
4013.5  0.002623551
4016.1  0.003733002
4018.7  0.001135517
4021.3  -0.0011487
4023.9  0.001274139
4026.5  0.001471657
4029.1  0.00154516
4031.7  0.001371978
4034.3  0.001208066
4036.9  7.752118E-4
4039.5  1.612854E-4
4042.1  -0.004664379
4044.7  -0.002221165
4047.3  5.689189E-4
4049.9  0.003954738
4052.5  0.003605603
4055.1  0.002329066
4057.7  -3.705765E-4
4060.3  -4.560480E-4
4062.9  0.001350527
4065.5  0.002675535
4068.1  9.674903E-4
4070.7  0.001284113
4073.3  4.194455E-4
4075.9  5.413422E-4
4078.5  0.001019701
4081.1  0.004167436
4083.7  -8.498025E-4
4086.3  0.002022853
4088.9  -0.002314469
4091.5  0.005205173
4094.1  0.00380274
4096.7  -0.001461148
4099.3  0.004519636
4101.9  0.001401742
4104.5  0.006600944
4107.1  -0.001065569
4109.7  8.469405E-4
4112.3  0.004319094
4114.9  -8.200611E-4
4117.5  -6.147566E-4
4120.1  -0.001225069
4122.7  -2.495170E-4
4125.3  -0.001488956
4127.9  0.002321421
4130.5  0.002438224
4133.1  0.001075396
4135.7  0.006386144
4138.3  5.599980E-4
4140.9  -0.002276197
4143.5  -3.701991E-4
4146.1  4.670183E-4
4148.7  4.701756E-4
4151.3  0.003952237
4153.9  -2.818226E-4
4156.5  3.850572E-4
4159.1  0.003200847
4161.7  -0.001855258
4164.3  -6.569913E-4
4166.9  -0.001052817
4169.5  -0.001874028
4172.1  -7.071564E-4
4174.7  0.003849924
4177.3  0.004082887
4179.9  0.001460286
4182.5  -7.064170E-4
4185.1  1.262317E-4
4187.7  -1.235082E-4
4190.3  -0.002694677
4192.9  5.755215E-5
4195.5  0.001113245
4198.1  0.002319797
4200.7  -3.278952E-4
4203.3  0.001575523
4205.9  5.881840E-4
4208.5  0.001455901
4211.1  -0.001165989
4213.7  0.002002452
4216.3  0.002848853
4218.9  5.091626E-5
4221.5  0.003931194
4224.1  0.002113822
4226.7  8.734720E-4
4229.3  0.00130794
4231.9  0.001212926
4234.5  0.002951264
4237.1  6.641883E-4
4239.7  0.002566007
4242.3  -0.003337872
4244.9  -9.256091E-4
4247.5  -5.555114E-4
4250.1  0.001337607
4252.7  0.00540937
4255.3  0.002447184
4257.9  0.001334291
4260.5  5.431076E-4
4263.1  0.003221916
4265.7  0.002614474
4268.3  0.00358817
4270.9  -0.002271397
4273.5  0.001497922
4276.1  -0.003080671
4278.7  0.001420982
4281.3  0.00185504
4283.9  0.002037424
4286.5  -4.350682E-4
4289.1  1.498742E-4
4291.7  0.002759981
4294.3  -5.519841E-4
4296.9  3.956125E-4
4299.5  7.799950E-5
4302.1  0.003641053
4304.7  0.001180568
4307.3  0.002887475
4309.9  7.610930E-4
4312.5  6.380383E-5
4315.1  -2.862836E-4
4317.7  1.084641E-4
4320.3  0.002824983
4322.9  0.003036766
4325.5  0.001238986
4328.1  6.169435E-6
4330.7  0.001006571
4333.3  -3.454125E-4
4335.9  5.772535E-4
4338.5  9.957922E-4
4341.1  4.187062E-4
4343.7  3.829761E-4
4346.3  0.0019833
4348.9  0.002572041
4351.5  5.706589E-4
4354.1  -6.113237E-4
4356.7  0.002205878
4359.3  -6.291445E-4
4361.9  -2.209720E-4
4364.5  -6.259629E-4
4367.1  4.973607E-4
4369.7  0.001670447
4372.3  0.002528817
4374.9  -4.354502E-4
4377.5  -7.055328E-5
4380.1  0.002030402
4382.7  0.001531886
4385.3  -2.423466E-4
4387.9  -6.619299E-4
4390.5  0.001135129
4393.1  0.001198584
4395.7  0.003925436
4398.3  -0.001933882
4400.9  7.421658E-4
4403.5  0.001654677
4406.1  -6.407898E-4
4408.7  2.318553E-6
4411.3  0.001808534
4413.9  0.001395172
4416.5  -0.001495055
4419.1  -6.819552E-4
4421.7  -2.731128E-6
4424.3  -4.011113E-4
4426.9  -5.320926E-4
4429.5  -9.213471E-4
4432.1  -7.687783E-4
4434.7  -6.028806E-5
4437.3  -3.354640E-4
4439.9  -8.808131E-4
4442.5  3.020107E-4
4445.1  0.001067779
4447.7  0.001007916
4450.3  0.001128177
4452.9  0.00284478
4455.5  1.910413E-4
4458.1  1.283454E-4
4460.7  0.002251566
4463.3  0.002097411
4465.9  -8.295792E-4
4468.5  -0.002280133
4471.1  7.412698E-5
4473.7  5.353506E-4
4476.3  2.658728E-4
4478.9  1.985528E-4
4481.5  0.002539481
4484.1  0.003651788
4486.7  0.001488651
4489.3  0.001263815
4491.9  0.001530254
4494.5  7.989841E-4
4497.1  9.433679E-4
4499.7  0.002296602
4502.3  8.323179E-4
4504.9  4.878893E-4
4507.5  0.002493012
4510.1  0.002897248
4512.7  -2.702068E-4
4515.3  2.843243E-4
4517.9  0.001589089
4520.5  -8.360585E-4
4523.1  -9.466733E-4
4525.7  0.001168672
4528.3  0.003983189
4530.9  0.001456087
4533.5  1.268934E-5
4536.1  0.001135105
4538.7  1.462505E-4
4541.3  8.603191E-4
4543.9  6.348194E-4
4546.5  -3.697097E-4
4549.1  9.641044E-4
4551.7  7.839851E-4
4554.3  7.163091E-4
4556.9  1.363574E-4
4559.5  0.002000374
4562.1  -0.00133146
4564.7  1.456808E-4
4567.3  7.573292E-4
4569.9  0.001620826
4572.5  7.867511E-4
4575.1  2.569373E-4
4577.7  7.751593E-4
4580.3  -4.751030E-5
4582.9  8.701597E-4
4585.5  0.001354207
4588.1  9.182831E-4
4590.7  1.570248E-4
4593.3  2.492131E-4
4595.9  -5.873719E-4
4598.5  0.001421042
4601.1  0.001808218
4603.7  0.001616419
4606.3  0.001533016
4608.9  0.001645263
4611.5  0.002458891
4614.1  -6.450657E-5
4616.7  9.731616E-4
4619.3  9.493325E-4
4621.9  0.001971034
4624.5  0.001075077
4627.1  -5.800491E-4
4629.7  -3.741986E-5
4632.3  9.104435E-4
4634.9  -7.172562E-4
4637.5  9.254069E-4
4640.1  5.776565E-4
4642.7  0.001345607
4645.3  0.003518594
4647.9  5.431947E-5
4650.5  -4.827849E-4
4653.1  2.751942E-4
4655.7  4.678023E-4
4658.3  2.391330E-4
4660.9  7.633943E-4
4663.5  -0.001670146
4666.1  6.780145E-4
4668.7  0.00119922
4671.3  0.002277026
4673.9  -0.001155342
4676.5  0.001114111
4679.1  0.002213967
4681.7  0.001276908
4684.3  7.322206E-4
4686.9  2.250359E-4
4689.5  0.002968489
4692.1  0.003067988
4694.7  0.003121868
4697.3  0.006094125
4699.9  0.003520327
4702.5  0.005451464
4705.1  0.005524592
4707.7  0.005920381
4710.3  0.006148835
4712.9  0.00380388
4715.5  0.005340722
4718.1  0.007243923
4720.7  0.01219189
4723.3  0.01244861
4725.9  0.0143933
4728.5  0.01365609
4731.1  0.01529252
4733.7  0.01816806
4736.3  0.02344303
4738.9  0.0187638
4741.5  0.02406841
4744.1  0.0257317
4746.7  0.02696183
4749.3  0.03099479
4751.9  0.04025349
4754.5  0.03944108
4757.1  0.03622088
4759.7  0.04603888
4762.3  0.05026552
4764.9  0.0536587
4767.5  0.0603762
4770.1  0.06601037
4772.7  0.08621538
4775.3  0.0895528
4777.9  0.09754094
4780.5  0.09503466
4783.1  0.09760901
4785.7  0.1067841
4788.3  0.1083077
4790.9  0.1160247
4793.5  0.1235148
4796.1  0.1217991
4798.7  0.1247047
4801.3  0.1361232
4803.9  0.1452447
4806.5  0.1431304
4809.1  0.1407223
4811.7  0.1556511
4814.3  0.1855743
4816.9  0.1788429
4819.5  0.1719325
4822.1  0.1895975
4824.7  0.2054788
4827.3  0.1979508
4829.9  0.2401913
4832.5  0.2388166
4835.1  0.2210167
4837.7  0.2517311
4840.3  0.2596259
4842.9  0.274213
4845.5  0.2773348
4848.1  0.2864447
4850.7  0.2698274
4853.3  0.3030506
4855.9  0.2865769
4858.5  0.2990064
4861.1  0.3486752
4863.7  0.3214824
4866.3  0.3041923
4868.9  0.3339759
4871.5  0.345298
4874.1  0.3715801
4876.7  0.3676058
4879.3  0.3823985
4881.9  0.3778762
4884.5  0.3522033
4887.1  0.3938389
4889.7  0.4100635
4892.3  0.3989288
4894.9  0.4067696
4897.5  0.4666907
4900.1  0.458634
4902.7  0.4552617
4905.3  0.4549623
4907.9  0.4484821
4910.5  0.4977769
4913.1  0.4796481
4915.7  0.4991186
4918.3  0.4942125
4920.9  0.4957957
4923.5  0.5823547
4926.1  0.6195788
4928.7  0.5757681
4931.3  0.5989351
4933.9  0.569518
4936.5  0.5785977
4939.1  0.6597803
4941.7  0.6623076
4944.3  0.6658115
4946.9  0.7073331
4949.5  0.6505712
4952.1  0.6649361
4954.7  0.6238445
4957.3  0.7208601
4959.9  0.7018365
4962.5  0.6532592
4965.1  0.6466503
4967.7  0.7009765
4970.3  0.7429007
4972.9  0.694683
4975.5  0.6348998
4978.1  0.6341262
4980.7  0.6721968
4983.3  0.6511549
4985.9  0.7009077
4988.5  0.7097126
4991.1  0.7342608
4993.7  0.7492476
4996.3  0.7514495
4998.9  0.7219437
5001.5  0.7348616
5004.1  0.744365
5006.7  0.7476431
5009.3  0.7314187
5011.9  0.7614387
5014.5  0.793343
5017.1  0.7543843
5019.7  0.7617363
5022.3  0.7469186
5024.9  0.804122
5027.5  0.8357812
5030.1  0.8297058
5032.7  0.7586437
5035.3  0.7364531
5037.9  0.7132969
5040.5  0.7213086
5043.1  0.7577409
5045.7  0.7918363
5048.3  0.7808661
5050.9  0.7998518
5053.5  0.787526
5056.1  0.8209091
5058.7  0.8422247
5061.3  0.8424045
5063.9  0.805258
5066.5  0.7942067
5069.1  0.8223993
5071.7  0.8361142
5074.3  0.8324219
5076.9  0.7717993
5079.5  0.8032686
5082.1  0.8864089
5084.7  0.8805432
5087.3  0.9093195
5089.9  0.9106381
5092.5  0.9515522
5095.1  0.8897358
5097.7  0.8876949
5100.3  0.9284168
5102.9  0.8992206
5105.5  0.8764123
5108.1  0.8958043
5110.7  0.9127058
5113.3  0.9457499
5115.9  0.9539105
5118.5  0.8993703
5121.1  0.8462338
5123.7  0.8289489
5126.3  0.843643
5128.9  0.8699937
5131.5  0.8680337
5134.1  0.8695517
5136.7  0.8124485
5139.3  0.8347511
5141.9  0.8453504
5144.5  0.8558311
5147.1  0.9108386
5149.7  0.867429
5152.3  0.8598628
5154.9  0.9153753
5157.5  0.9293432
5160.1  0.9001067
5162.7  0.8012962
5165.3  0.7664053
5167.9  0.7577593
5170.5  0.7721273
5173.1  0.8807299
5175.7  0.884769
5178.3  0.8306192
5180.9  0.8031838
5183.5  0.8589429
5186.1  0.8683913
5188.7  0.8721692
5191.3  0.8810863
5193.9  0.9031098
5196.5  0.8972445
5199.1  0.9008625
5201.7  0.88391
5204.3  0.8588305
5206.9  0.8734165
5209.5  0.9131033
5212.1  0.9456196
5214.7  0.9466272
5217.3  0.9381686
5219.9  0.9415687
5222.5  0.8832627
5225.1  0.8717448
5227.7  0.8837644
5230.3  0.8937385
5232.9  0.9288025
5235.5  0.982452
5238.1  0.9997061
5240.7  0.971585
5243.3  0.9360789
5245.9  0.9617433
5248.5  0.9442902
5251.1  0.9807092
5253.7  0.9972987
5256.3  0.9952177
5258.9  0.9211059
5261.5  0.8876662
5264.1  0.8723565
5266.7  0.8981427
5269.3  0.9022497
5271.9  0.9441202
5274.5  0.9869524
5277.1  0.955469
5279.7  0.955536
5282.3  0.9601981
5284.9  0.9972911
5287.5  0.9959621
5290.1  1.045267
5292.7  0.9582024
5295.3  0.9184694
5297.9  0.9205707
5300.5  0.9412615
5303.1  0.9643179
5305.7  0.9915355
5308.3  1.006214
5310.9  0.9616213
5313.5  0.9609472
5316.1  1.003981
5318.7  0.9665408
5321.3  0.9231531
5323.9  0.8564561
5326.5  0.8399462
5329.1  0.911029
5331.7  0.9651204
5334.3  0.9693966
5336.9  0.9551718
5339.5  0.9735599
5342.1  0.9522316
5344.7  0.9399964
5347.3  1.011241
5349.9  1.024884
5352.5  1.059052
5355.1  1.059477
5357.7  1.044432
5360.3  1.060235
5362.9  0.9956788
5365.5  0.9772376
5368.1  0.9807523
5370.7  1.01606
5373.3  1.041737
5375.9  1.01887
5378.5  1.042904
5381.1  1.032834
5383.7  1.020208
5386.3  1.006372
5388.9  1.024701
5391.5  0.9228976
5394.1  0.9298317
5396.7  0.9859599
5399.3  0.92744
5401.9  0.9013994
5404.5  0.927063
5407.1  0.9216136
5409.7  0.9559733
5412.3  0.9984691
5414.9  0.9917937
5417.5  1.007035
5420.1  0.9745839
5422.7  0.9805783
5425.3  1.008518
5427.9  0.9706454
5430.5  0.9799491
5433.1  0.9991879
5435.7  1.01792
5438.3  1.041701
5440.9  1.024333
5443.5  0.9756976
5446.1  0.9897988
5448.7  1.011805
5451.3  0.98831
5453.9  0.9798045
5456.5  0.9983997
5459.1  0.975742
5461.7  0.9480554
5464.3  0.9780393
5466.9  0.9492819
5469.5  0.9558433
5472.1  0.9121436
5474.7  0.9053854
5477.3  0.8692173
5479.9  0.9087009
5482.5  0.9299562
5485.1  0.9086612
5487.7  0.9121801
5490.3  0.8869388
5492.9  0.8873264
5495.5  0.8750108
5498.1  0.8822665
5500.7  0.8576334
5503.3  0.8388047
5505.9  0.8474453
5508.5  0.8535475
5511.1  0.851232
5513.7  0.8723097
5516.3  0.8981655
5518.9  0.9128098
5521.5  0.8919598
5524.1  0.8724365
5526.7  0.8861637
5529.3  0.9095441
5531.9  0.9543452
5534.5  0.9154223
5537.1  0.986708
5539.7  0.963036
5542.3  0.9806175
5544.9  0.9935606
5547.5  1.02008
5550.1  1.018462
5552.7  1.021082
5555.3  1.051653
5557.9  1.025164
5560.5  1.013094
5563.1  1.000294
5565.7  0.9938114
5568.3  1.008017
5570.9  1.000852
5573.5  1.000929
5576.1  0.995678
5578.7  0.9906006
5581.3  0.9784186
5583.9  0.9302728
5586.5  0.8980956
5589.1  0.9056586
5591.7  0.9171358
5594.3  0.9412584
5596.9  0.9296085
5599.5  0.9073976
5602.1  0.9458749
5604.7  0.969781
5607.3  1.009168
5609.9  0.9777903
5612.5  0.9320039
5615.1  0.9492863
5617.7  0.969667
5620.3  0.932722
5622.9  0.9375718
5625.5  0.9780676
5628.1  0.986541
5630.7  0.9865475
5633.3  0.9852533
5635.9  1.026523
5638.5  0.9924963
5641.1  0.9932034
5643.7  1.005574
5646.3  1.004986
5648.9  1.019574
5651.5  0.9908878
5654.1  0.9570703
5656.7  0.9387161
5659.3  0.9669144
5661.9  0.9968475
5664.5  0.992835
5667.1  1.006743
5669.7  1.033646
5672.3  1.033156
5674.9  1.004417
5677.5  0.9963671
5680.1  0.979884
5682.7  0.9803535
5685.3  0.9721687
5687.9  0.9871547
5690.5  0.9976319
5693.1  1.006108
5695.7  0.9851218
5698.3  0.9732475
5700.9  0.9447896
5703.5  0.9459813
5706.1  0.9149364
5708.7  0.935264
5711.3  0.9728985
5713.9  0.9843156
5716.5  0.9928101
5719.1  1.010291
5721.7  1.015718
5724.3  0.985504
5726.9  1.006828
5729.5  1.019946
5732.1  1.013393
5734.7  0.9963644
5737.3  0.9829431
5739.9  0.9816684
5742.5  0.9872004
5745.1  0.9776505
5747.7  0.9608801
5750.3  0.9209474
5752.9  0.921704
5755.5  0.9404318
5758.1  0.9254184
5760.7  0.9113256
5763.3  0.9034334
5765.9  0.9164558
5768.5  0.8871818
5771.1  0.8711945
5773.7  0.8659694
5776.3  0.8284065
5778.9  0.7892098
5781.5  0.7669674
5784.1  0.7553291
5786.7  0.7660851
5789.3  0.7587255
5791.9  0.752921
5794.5  0.753695
5797.1  0.7497606
5799.7  0.7264513
5802.3  0.7131671
5804.9  0.7180812
5807.5  0.713676
5810.1  0.7053421
5812.7  0.7091148
5815.3  0.7189816
5817.9  0.7027565
5820.5  0.7194379
5823.1  0.7237483
5825.7  0.7121217
5828.3  0.7039368
5830.9  0.7088321
5833.5  0.7024277
5836.1  0.7204228
5838.7  0.7276489
5841.3  0.7326952
5843.9  0.7487427
5846.5  0.7450576
5849.1  0.7347006
5851.7  0.7417392
5854.3  0.7500014
5856.9  0.7609512
5859.5  0.7656383
5862.1  0.8135096
5864.7  0.8220773
5867.3  0.8253108
5869.9  0.8514017
5872.5  0.8570086
5875.1  0.8484344
5877.7  0.8593433
5880.3  0.8757591
5882.9  0.8490961
5885.5  0.7762768
5888.1  0.7471123
5890.7  0.7446616
5893.3  0.7600285
5895.9  0.8031789
5898.5  0.8233746
5901.1  0.8458374
5903.7  0.8344817
5906.3  0.8728067
5908.9  0.8241773
5911.5  0.8183967
5914.1  0.8205653
5916.7  0.8233225
5919.3  0.8208869
5921.9  0.8164469
5924.5  0.8008283
5927.1  0.7620815
5929.7  0.7667201
5932.3  0.7681555
5934.9  0.7611411
5937.5  0.7803411
5940.1  0.7654683
5942.7  0.7640808
5945.3  0.7433075
5947.9  0.7292863
5950.5  0.7393709
5953.1  0.7440717
5955.7  0.7429462
5958.3  0.7287868
5960.9  0.7231252
5963.5  0.7664034
5966.1  0.7623894
5968.7  0.754794
5971.3  0.7476263
5973.9  0.7445213
5976.5  0.7655594
5979.1  0.7688354
5981.7  0.779069
5984.3  0.7847556
5986.9  0.8019857
5989.5  0.8318842
5992.1  0.8514555
5994.7  0.8430277
5997.3  0.8490705
5999.9  0.8668788
6002.5  0.8669791
6005.1  0.8830042
6007.7  0.8886691
6010.3  0.8913653
6012.9  0.908049
6015.5  0.9173016
6018.1  0.9213468
6020.7  0.9347624
6023.3  0.9734848
6025.9  0.9833748
6028.5  0.9908309
6031.1  1.005126
6033.7  1.010118
6036.3  1.008563
6038.9  1.009607
6041.5  1.033682
6044.1  1.045746
6046.7  1.050728
6049.3  1.037043
6051.9  1.01364
6054.5  1.023372
6057.1  1.017781
6059.7  1.013366
6062.3  0.9908279
6064.9  1.019711
6067.5  1.034729
6070.1  1.032586
6072.7  1.017967
6075.3  0.9877164
6077.9  0.9855548
6080.5  0.984129
6083.1  0.9868693
6085.7  0.9939237
6088.3  0.9891785
6090.9  0.9827821
6093.5  0.9989957
6096.1  0.9873652
6098.7  0.9488212
6101.3  0.9487675
6103.9  0.9633285
6106.5  0.9950374
6109.1  1.003625
6111.7  1.006612
6114.3  1.004569
6116.9  0.9724295
6119.5  0.9551907
6122.1  0.979409
6124.7  1.003008
6127.3  1.005427
6129.9  0.9867003
6132.5  0.9598694
6135.1  0.9712267
6137.7  0.9720129
6140.3  0.9907505
6142.9  0.9842411
6145.5  1.000171
6148.1  0.9909989
6150.7  0.9915015
6153.3  0.9930272
6155.9  0.9421858
6158.5  0.9114106
6161.1  0.9304764
6163.7  0.9319865
6166.3  0.9230764
6168.9  0.951178
6171.5  0.9650933
6174.1  0.9746836
6176.7  0.9857018
6179.3  0.9862248
6181.9  0.9680451
6184.5  0.9721428
6187.1  0.956107
6189.7  0.9683503
6192.3  0.9895157
6194.9  0.9741381
6197.5  0.966602
6200.1  0.9843769
6202.7  1.004352
6205.3  1.007215
6207.9  0.9874879
6210.5  0.9685988
6213.1  0.9596251
6215.7  0.961915
6218.3  0.9838919
6220.9  1.011896
6223.5  0.9816819
6226.1  0.957577
6228.7  0.9653374
6231.3  0.9803874
6233.9  0.9890787
6236.5  0.9736024
6239.1  0.9637133
6241.7  0.9470072
6244.3  0.972775
6246.9  0.9737051
6249.5  0.9550572
6252.1  0.9262692
6254.7  0.9285578
6257.3  0.9720113
6259.9  0.9810669
6262.5  0.9729545
6265.1  0.9839554
6267.7  0.995068
6270.3  0.9906809
6272.9  0.9511724
6275.5  0.9203519
6278.1  0.9141909
6280.7  0.9264234
6283.3  0.9411822
6285.9  0.9492557
6288.5  0.9330916
6291.1  0.9419535
6293.7  0.9407046
6296.3  0.9049804
6298.9  0.8997483
6301.5  0.9287855
6304.1  0.9296595
6306.7  0.9270128
6309.3  0.9312304
6311.9  0.901229
6314.5  0.8870522
6317.1  0.9011329
6319.7  0.9142562
6322.3  0.9270266
6324.9  0.9238723
6327.5  0.9245989
6330.1  0.9226885
6332.7  0.8937397
6335.3  0.8886407
6337.9  0.9026703
6340.5  0.9096779
6343.1  0.9225424
6345.7  0.9291176
6348.3  0.9371324
6350.9  0.9217142
6353.5  0.9027184
6356.1  0.9224219
6358.7  0.9250174
6361.3  0.924455
6363.9  0.9452444
6366.5  0.946461
6369.1  0.9671936
6371.7  0.9787714
6374.3  0.9670393
6376.9  0.955484
6379.5  0.9754018
6382.1  0.9935513
6384.7  0.9870183
6387.3  0.9836447
6389.9  0.9806321
6392.5  0.9831116
6395.1  0.9539422
6397.7  0.9762712
6400.3  0.988854
6402.9  0.9763659
6405.5  0.9672733
6408.1  0.9691963
6410.7  0.9827968
6413.3  0.9897511
6415.9  0.9733577
6418.5  0.9780997
6421.1  0.9955125
6423.7  1.003223
6426.3  0.9835297
6428.9  0.9962361
6431.5  1.01151
6434.1  0.9733426
6436.7  0.9623762
6439.3  0.9875303
6441.9  0.9851719
6444.5  0.974992
6447.1  0.9763446
6449.7  0.9610196
6452.3  0.9661636
6454.9  0.9794216
6457.5  0.9413768
6460.1  0.9521302
6462.7  0.9739398
6465.3  0.9768159
6467.9  0.9713848
6470.5  0.9704142
6473.1  0.9779923
6475.7  0.9855492
6478.3  0.9715697
6480.9  0.9782299
6483.5  0.9975218
6486.1  0.9749411
6488.7  0.9290812
6491.3  0.8993053
6493.9  0.9094796
6496.5  0.9203164
6499.1  0.9474047
6501.7  0.9789247
6504.3  0.9928124
6506.9  0.995977
6509.5  1.001632
6512.1  0.9798467
6514.7  0.9817896
6517.3  1.010771
6519.9  1.011182
6522.5  1.007544
6525.1  1.005774
6527.7  1.009944
6530.3  1.009363
6532.9  0.9926245
6535.5  1.016806
6538.1  1.013014
6540.7  0.9950481
6543.3  0.9892506
6545.9  0.9956583
6548.5  0.9863796
6551.1  0.9970013
6553.7  1.029246
6556.3  1.074518
6558.9  1.133026
6561.5  1.116339
6564.1  1.069049
6566.7  1.030996
6569.3  0.98992
6571.9  0.9834374
6574.5  1.000953
6577.1  0.9958698
6579.7  1.002732
6582.3  1.025713
6584.9  1.015806
6587.5  0.9893723
6590.1  0.9865823
6592.7  0.9957258
6595.3  0.9899188
6597.9  0.9887596
6600.5  1.00153
6603.1  0.9965988
6605.7  1.002466
6608.3  0.9903516
6610.9  1.017795
6613.5  1.010909
6616.1  1.015937
6618.7  1.014179
6621.3  1.010778
6623.9  0.9927499
6626.5  0.9968491
6629.1  0.9902915
6631.7  0.9959962
6634.3  1.022121
6636.9  1.00363
6639.5  1.00089
6642.1  1.008439
6644.7  1.009971
6647.3  1.008782
6649.9  1.001856
6652.5  1.017978
6655.1  1.008983
6657.7  1.00551
6660.3  1.005245
6662.9  1.012604
6665.5  1.032332
6668.1  1.033505
6670.7  1.009864
6673.3  1.010727
6675.9  1.01836
6678.5  1.031207
6681.1  1.022597
6683.7  1.022446
6686.3  1.034923
6688.9  1.030428
6691.5  1.019884
6694.1  1.013289
6696.7  1.0219
6699.3  1.028644
6701.9  1.009415
6704.5  1.001084
6707.1  1.018662
6709.7  1.001279
6712.3  0.9845298
6714.9  0.9914334
6717.5  1.010902
6720.1  1.001785
6722.7  0.9934065
6725.3  1.008149
6727.9  1.004197
6730.5  1.000756
6733.1  1.007855
6735.7  1.001545
6738.3  1.005761
6740.9  1.008471
6743.5  0.9945629
6746.1  0.9824203
6748.7  0.9889123
6751.3  1.005706
6753.9  1.012419
6756.5  1.010386
6759.1  1.00262
6761.7  0.9926962
6764.3  0.9888766
6766.9  0.9882025
6769.5  1.002653
6772.1  1.006256
6774.7  1.012009
6777.3  0.9975505
6779.9  1.004779
6782.5  1.012211
6785.1  1.001837
6787.7  1.011472
6790.3  1.011708
6792.9  0.9923347
6795.5  1.006937
6798.1  1.015487
6800.7  1.021389
6803.3  1.012387
6805.9  1.009208
6808.5  1.017053
6811.1  1.010714
6813.7  1.015255
6816.3  1.009791
6818.9  1.021134
6821.5  1.015445
6824.1  0.9945574
6826.7  1.00006
6829.3  1.01103
6831.9  1.017724
6834.5  0.9922531
6837.1  0.9832115
6839.7  0.9949921
6842.3  0.9938433
6844.9  1.021955
6847.5  1.005844
6850.1  0.9944902
6852.7  0.9844602
6855.3  0.9907499
6857.9  0.988837
6860.5  0.9808691
6863.1  0.8673754
6865.7  0.796653
6868.3  0.772981
6870.9  0.8010571
6873.5  0.8278581
6876.1  0.892656
6878.7  0.9063959
6881.3  0.8977839
6883.9  0.9035159
6886.5  0.9028032
6889.1  0.8911456
6891.7  0.8843984
6894.3  0.9080592
6896.9  0.9216983
6899.5  0.9100096
6902.1  0.922322
6904.7  0.9299569
6907.3  0.9371962
6909.9  0.9405754
6912.5  0.9435791
6915.1  0.9523444
6917.7  0.960401
6920.3  0.9628708
6922.9  0.9783559
6925.5  0.9896033
6928.1  0.985321
6930.7  0.9884518
6933.3  0.9901424
6935.9  0.9864462
6938.5  1.004662
6941.1  1.000441
6943.7  0.990843
6946.3  1.005195
6948.9  1.001632
6951.5  1.002735
6954.1  1.011197
6956.7  1.014284
6959.3  1.025155
6961.9  1.012263
6964.5  1.016007
6967.1  1.012922
6969.7  1.00422
6972.3  0.9925454
6974.9  1.000404
6977.5  1.004446
6980.1  1.005683
6982.7  1.017822
6985.3  1.021197
6987.9  1.021646
6990.5  1.021385
6993.1  1.011765
6995.7  1.010125
6998.3  0.9963177
7000.9  0.9924619
7003.5  1.002256
7006.1  1.007253
7008.7  1.008793
7011.3  0.997283
7013.9  1.001589
7016.5  1.010213
7019.1  1.002293
7021.7  1.001054
7024.3  1.010815
7026.9  1.00898
7029.5  1.002068
7032.1  1.008687
7034.7  1.015911
7037.3  1.028866
7039.9  1.030149
7042.5  1.023394
7045.1  1.026151
7047.7  1.014163
7050.3  1.012548
7052.9  1.013318
7055.5  1.006037
7058.1  1.017472
7060.7  1.010639
7063.3  1.012748
7065.9  1.015819
7068.5  1.019212
7071.1  1.018629
7073.7  1.013632
7076.3  1.015947
7078.9  1.008217
7081.5  0.9995764
7084.1  0.9966611
7086.7  1.000197
7089.3  1.012068
7091.9  1.015087
7094.5  1.01917
7097.1  1.026631
7099.7  1.012704
7102.3  1.015139
7104.9  1.027475
7107.5  1.001931
7110.1  1.010603
7112.7  1.012136
7115.3  0.9952893
7117.9  1.004922
7120.5  1.002271
7123.1  1.013719
7125.7  1.006642
7128.3  0.9960691
7130.9  0.9924499
7133.5  0.9969832
7136.1  1.005568
7138.7  1.01795
7141.3  0.9936191
7143.9  0.9751887
7146.5  0.9882336
7149.1  1.006647
7151.7  1.020332
7154.3  1.013223
7156.9  1.010711
7159.5  0.9935679
7162.1  0.982677
7164.7  1.006905
7167.3  0.9932977
7169.9  1.016428
7172.5  1.004635
7175.1  0.968169
7177.7  0.9714646
7180.3  0.9592131
7182.9  0.9392231
7185.5  0.9420155
7188.1  0.9516937
7190.7  0.9513009
7193.3  0.9699109
7195.9  0.9715343
7198.5  0.9545407
7201.1  0.9597407
7203.7  0.9539471
7206.3  0.9679377
7208.9  0.9848233
7211.5  0.9896711
7214.1  0.994444
7216.7  0.9925786
7219.3  0.9827693
7221.9  0.9843004
7224.5  1.013494
7227.1  1.005893
7229.7  0.9817711
7232.3  0.9724322
7234.9  0.9782698
7237.5  0.9892465
7240.1  0.9932157
7242.7  0.9904319
7245.3  0.9825195
7247.9  0.9824382
7250.5  0.9924617
7253.1  1.001619
7255.7  0.9959353
7258.3  0.9937646
7260.9  0.985296
7263.5  0.9936361
7266.1  1.014889
7268.7  0.9946823
7271.3  0.9835544
7273.9  0.9753956
7276.5  0.9931208
7279.1  1.001531
7281.7  0.9876118
7284.3  0.9736217
7286.9  0.967087
7289.5  0.9605849
7292.1  0.9698731
7294.7  1.002392
7297.3  1.014252
7299.9  1.010837
7302.5  0.9921821
7305.1  0.9832624
7307.7  0.9972257
7310.3  1.01273
7312.9  1.007908
7315.5  1.002105
7318.1  0.9995374
7320.7  0.9952493
7323.3  0.9972151
7325.9  1.009927
7328.5  0.9939923
7331.1  0.9967988
7333.7  1.008705
7336.3  1.01417
7338.9  0.9988087
7341.5  1.015723
7344.1  1.001643
7346.7  1.009643
7349.3  0.9997743
7351.9  0.988157
7354.5  0.9808993
7357.1  0.9843079
7359.7  0.9876535
7362.3  0.979569
7364.9  1.019958
7367.5  1.008101
7370.1  1.008733
7372.7  1.01213
7375.3  1.021251
7377.9  1.018178
7380.5  0.9916976
7383.1  0.9770728
7385.7  0.9791337
7388.3  0.9726908
7390.9  0.9885227
7393.5  1.000925
7396.1  0.9940513
7398.7  1.010755
7401.3  0.9810316
7403.9  0.9853311
7406.5  0.9656546
7409.1  0.9760007
7411.7  0.9809052
7414.3  0.9873251
7416.9  0.9877722
7419.5  0.9723383
7422.1  1.000885
7424.7  1.000282
7427.3  1.007803
7429.9  1.008928
7432.5  1.001441
7435.1  0.996511
7437.7  1.009624
7440.3  0.9927177
7442.9  0.9896897
7445.5  1.001515
7448.1  1.006164
7450.7  1.008605
7453.3  1.017983
7455.9  0.9989084
7458.5  0.9771335
7461.1  0.999163
7463.7  1.01
7466.3  1.023435
7468.9  1.009297
7471.5  1.003941
7474.1  1.012047
7476.7  1.005377
7479.3  1.013901
7481.9  1.030548
7484.5  1.026055
7487.1  1.000178
7489.7  0.9983737
7492.3  0.9929833
7494.9  1.00298
7497.5  1.010056
7500.1  1.012802
7502.7  1.001902
7505.3  0.9894599
7507.9  0.9915883
7510.5  1.008331
7513.1  1.006819
7515.7  1.000626
7518.3  0.9917501
7520.9  1.014244
7523.5  1.01709
7526.1  1.000299
7528.7  0.9983684
7531.3  1.008631
7533.9  1.024294
7536.5  1.01719
7539.1  1.013713
7541.7  1.001843
7544.3  0.9983848
7546.9  1.008948
7549.5  1.00067
7552.1  1.004803
7554.7  1.016366
7557.3  0.9967352
7559.9  0.9994294
7562.5  1.000056
7565.1  0.9852834
7567.7  0.9881814
7570.3  0.9966975
7572.9  1.005005
7575.5  1.007663
7578.1  0.9910704
7580.7  0.9795931
7583.3  0.9925773
7585.9  0.9919187
7588.5  0.9014969
7591.1  0.722564
7593.7  0.5539597
7596.3  0.4250817
7598.9  0.3320289
7601.5  0.3063027
7604.1  0.3100235
7606.7  0.3479948
7609.3  0.4180926
7611.9  0.5758187
7614.5  0.7052588
7617.1  0.6986266
7619.7  0.6442249
7622.3  0.5881791
7624.9  0.5460528
7627.5  0.5500408
7630.1  0.5611123
7632.7  0.579144
7635.3  0.5987648
7637.9  0.6225883
7640.5  0.6611538
7643.1  0.6794841
7645.7  0.7023066
7648.3  0.7306093
7650.9  0.7702323
7653.5  0.7708825
7656.1  0.7976781
7658.7  0.8086505
7661.3  0.80311
7663.9  0.8535276
7666.5  0.883719
7669.1  0.928614
7671.7  0.9356658
7674.3  0.9258744
7676.9  0.9404821
7679.5  0.9490895
7682.1  0.9613816
7684.7  0.9520292
7687.3  0.9478555
7689.9  0.9606781
7692.5  0.9417762
7695.1  0.9342265
7697.7  0.94801
7700.3  0.9732226
7702.9  0.9902968
7705.5  0.9776045
7708.1  0.9597402
7710.7  0.9640176
7713.3  0.9775746
7715.9  0.9592719
7718.5  0.9643663
7721.1  0.9894202
7723.7  0.9719586
7726.3  0.9812045
7728.9  1.000723
7731.5  0.9923579
7734.1  0.9961553
7736.7  0.9995239
7739.3  0.9910261
7741.9  0.9742824
7744.5  0.954586
7747.1  0.9569526
7749.7  0.9897921
7752.3  1.003514
7754.9  1.004444
7757.5  0.9970763
7760.1  1.005347
7762.7  0.9921939
7765.3  0.9869936
7767.9  0.976036
7770.5  0.9667603
7773.1  0.9743854
7775.7  0.9839241
7778.3  0.9838103
7780.9  0.9865939
7783.5  0.9766454
7786.1  1.003796
7788.7  0.9985484
7791.3  0.9848039
7793.9  0.9779806
7796.5  0.9934428
7799.1  1.00456
7801.7  1.012122
7804.3  1.0022
7806.9  0.9786
7809.5  1.010559
7812.1  0.9957913
7814.7  1.000054
7817.3  1.009676
7819.9  1.005416
7822.5  1.015188
7825.1  1.003731
7827.7  0.9927689
7830.3  0.9578837
7832.9  0.9811931
7835.5  0.9919668
7838.1  1.007518
7840.7  0.9839727
7843.3  0.994135
7845.9  0.9986299
7848.5  1.015648
7851.1  1.01544
7853.7  0.9909874
7856.3  1.018514
7858.9  1.027213
7861.5  1.013162
7864.1  1.00176
7866.7  1.004937
7869.3  1.023007
7871.9  1.001805
7874.5  1.010382
7877.1  1.000211
7879.7  1.021159
7882.3  1.00852
7884.9  1.014227
7887.5  0.9935222
7890.1  1.002667
7892.7  0.9899763
7895.3  0.9840644
7897.9  0.9883756
7900.5  0.9877962
7903.1  1.011252
7905.7  0.9988043
7908.3  1.001681
7910.9  0.996144
7913.5  0.9867904
7916.1  0.9956122
7918.7  0.9792164
7921.3  0.9967009
7923.9  1.001585
7926.5  0.9721605
7929.1  0.9816143
7931.7  0.9570175
7934.3  0.9777766
7936.9  0.9819562
7939.5  0.9815602
7942.1  0.9505866
7944.7  0.9652719
7947.3  0.9848732
7949.9  0.9824708
7952.5  0.9861928
7955.1  0.9959666
7957.7  0.993163
7960.3  1.00354
7962.9  1.005721
7965.5  1.010504
7968.1  0.9942255
7970.7  1.00462
7973.3  1.004565
7975.9  1.01131
7978.5  1.0079
7981.1  0.9971058
7983.7  1.017082
7986.3  1.019348
7988.9  1.021786
7991.5  0.9986897
7994.1  0.9693848
7996.7  0.9879241
7999.3  0.9910632
8001.9  0.9850655
8004.5  1.001062
8007.1  1.025798
8009.7  1.023743
8012.3  1.017006
8014.9  1.016328
8017.5  1.024767
8020.1  1.007566
8022.7  0.996913
8025.3  0.9971411
8027.9  0.9946646
8030.5  0.9986274
8033.1  1.002209
8035.7  1.014483
8038.3  1.015841
8040.9  0.9970114
8043.5  0.9783109
8046.1  0.9904824
8048.7  1.007589
8051.3  1.003759
8053.9  1.018046
8056.5  1.025743
8059.1  1.009162
8061.7  1.012568
8064.3  1.015994
8066.9  1.016942
8069.5  1.003091
8072.1  0.9992984
8074.7  1.011547
8077.3  0.9950983
8079.9  1.010566
8082.5  1.017861
8085.1  1.021113
8087.7  1.001058
8090.3  0.9846139
8092.9  0.9896465
8095.5  0.9938912
8098.1  0.9845884
8100.7  0.994273
8103.3  1.026688
8105.9  1.013784
8108.5  1.015742
8111.1  1.005821
8113.7  1.017228
8116.3  1.031047
8118.9  1.016728
8121.5  1.005704
8124.1  1.015761
8126.7  1.004042
8129.3  0.9982883
8131.9  1.013813
8134.5  0.9949722
8137.1  1.018489
8139.7  1.011776
8142.3  1.001562
8144.9  0.9832621
8147.5  0.9874815
8150.1  0.9832428
8152.7  0.9851975
8155.3  0.9818063
8157.9  0.9726876
8160.5  0.9726219
8163.1  0.9677042
8165.7  0.979797
8168.3  0.9759856
8170.9  0.9890798
8173.5  0.9784639
8176.1  0.9562387
8178.7  0.9480497
8181.3  0.9517743
8183.9  0.9534222
8186.5  0.9709083
8189.1  0.9509302
8191.7  0.9493744
8194.3  0.9513505
8196.9  0.9695087
8199.5  0.9898137
8202.1  1.007537
8204.7  1.006789
8207.3  0.9856808
8209.9  1.013216
8212.5  1.001277
8215.1  0.9722418
8217.7  0.9849901
8220.3  0.984616
8222.9  0.9717573
8225.5  0.9601251
8228.1  0.9761772
8230.7  0.9886
8233.3  0.9780822
8235.9  1.011686
8238.5  1.020734
8241.1  1.025228
8243.7  1.021779
8246.3  1.005447
8248.9  1.025921
8251.5  1.02082
8254.1  1.01764
8256.7  1.017254
8259.3  1.008624
8261.9  1.021859
8264.5  1.011706
8267.1  0.9959571
8269.7  1.006191
8272.3  1.007562
8274.9  1.000505
8277.5  1.025323
8280.1  1.035316
8282.7  1.006388
8285.3  1.012542
8287.9  1.022808
8290.5  1.009458
8293.1  1.015694
8295.7  1.039095
8298.3  1.014463
8300.9  1.005546
8303.5  1.020686
8306.1  1.013527
8308.7  0.9974695
8311.3  1.019057
8313.9  1.023197
8316.5  0.9997652
8319.1  1.015208
8321.7  0.9866527
8324.3  0.9678566
8326.9  0.9668627
8329.5  0.9811654
8332.1  0.9678935
8334.7  0.9836258
8337.3  1.003497
8339.9  0.9823105
8342.5  0.9859651
8345.1  0.9944514
8347.7  1.017019
8350.3  1.016361
8352.9  1.004861
8355.5  0.9936969
8358.1  0.9919192
8360.7  0.9906738
8363.3  1.036895
8365.9  1.010595
8368.5  1.013622
8371.1  1.01471
8373.7  1.003317
8376.3  1.017488
8378.9  1.015881
8381.5  0.9669625
8384.1  0.9716498
8386.7  0.9805991
8389.3  0.9836211
8391.9  1.003807
8394.5  1.002933
8397.1  1.027746
8399.7  1.017507
8402.3  0.986371
8404.9  1.018738
8407.5  1.020747
8410.1  1.013678
8412.7  0.9974779
8415.3  1.021656
8417.9  1.026439
8420.5  1.008216
8423.1  1.004823
8425.7  1.028007
8428.3  1.017165
8430.9  1.002074
8433.5  1.000819
8436.1  1.013179
8438.7  1.024905
8441.3  1.013252
8443.9  1.011666
8446.5  1.011553
8449.1  1.028038
8451.7  1.028697
8454.3  1.024581
8456.9  1.038227
8459.5  1.059542
8462.1  1.038723
8464.7  1.007304
8467.3  1.032846
8469.9  1.037735
8472.5  1.025183
8475.1  1.041016
8477.7  1.046994
8480.3  1.041653
8482.9  1.048798
8485.5  1.023828
8488.1  1.03871
8490.7  1.013215
8493.3  0.9948719
8495.9  0.9854701
8498.5  0.9883007
8501.1  1.011159
8503.7  1.016867
8506.3  1.006403
8508.9  1.014404
8511.5  0.9994337
8514.1  1.01061
8516.7  1.02193
8519.3  1.0059
8521.9  1.022033
8524.5  1.028508
8527.1  1.024666
8529.7  1.007424
8532.3  0.9596991
8534.9  0.9271097
8537.5  0.8705669
8540.1  0.8743817
8542.7  0.8969148
8545.3  0.9450903
8547.9  0.9923087
8550.5  1.005696
8553.1  1.00961
8555.7  1.028479
8558.3  1.012938
8560.9  1.012957
8563.5  1.029166
8566.1  1.021543
8568.7  1.028584
8571.3  1.049925
8573.9  1.025637
8576.5  1.006118
8579.1  1.015505
8581.7  1.02321
8584.3  1.014627
8586.9  1.028167
8589.5  1.034085
8592.1  1.013004
8594.7  1.016526
8597.3  1.005146
8599.9  1.023067
8602.5  1.008293
8605.1  1.006777
8607.7  1.02245
8610.3  1.016269
8612.9  1.021092
8615.5  1.014304
8618.1  1.007949
8620.7  0.9983639
8623.3  1.016324
8625.9  1.024165
8628.5  1.011693
8631.1  1.020148
8633.7  1.014357
8636.3  1.034849
8638.9  1.047899
8641.5  1.008365
8644.1  0.967288
8646.7  0.9679182
8649.3  1.003034
8651.9  0.9811115
8654.5  0.9492078
8657.1  0.917523
8659.7  0.8833326
8662.3  0.931964
8664.9  0.9592563
8667.5  0.971418
8670.1  0.9761133
8672.7  0.9917697
8675.3  0.9982429
8677.9  1.026836
8680.5  1.044249
8683.1  0.9941194
8685.7  0.9757017
8688.3  1.016165
8690.9  1.020106
8693.5  1.018112
8696.1  1.019179
8698.7  1.04038
8701.3  1.046418
8703.9  1.06766
8706.5  1.008152
8709.1  1.021205
8711.7  1.000224
8714.3  1.029546
8716.9  1.049429
8719.5  1.043334
8722.1  1.050715
8724.7  1.037068
8727.3  1.004497
8729.9  1.024215
8732.5  1.050006
8735.1  1.019246
8737.7  1.021805
8740.3  1.03892
8742.9  1.033039
8745.5  1.019429
8748.1  1.04776
8750.7  1.024308
8753.3  1.006401
8755.9  1.015773
8758.5  1.001474
8761.1  1.035958
8763.7  1.039439
8766.3  1.012967
8768.9  1.021737
8771.5  1.031918
8774.1  1.035493
8776.7  1.046692
8779.3  1.047167
8781.9  1.030155
8784.5  1.027248
8787.1  1.047768
8789.7  1.007378
8792.3  1.003444
8794.9  1.043398
8797.5  1.040154
8800.1  0.9972103
8802.7  0.966449
8805.3  0.9626459
8807.9  1.018694
8810.5  1.021061
8813.1  1.039735
8815.7  1.033533
8818.3  1.001104
8820.9  0.9658246
8823.5  1.0023
8826.1  1.021006
8828.7  1.015426
8831.3  1.025347
8833.9  1.028718
8836.5  1.004706
8839.1  1.017143
8841.7  1.021389
8844.3  0.9729292
8846.9  1.004357
8849.5  0.9752095
8852.1  0.988833
8854.7  0.9735222
8857.3  0.9880843
8859.9  0.981529
8862.5  0.9766956
8865.1  0.9895691
8867.7  0.9904444
8870.3  0.9601098
8872.9  0.9642925
8875.5  0.9934039
8878.1  0.9674537
8880.7  0.9820875
8883.3  0.995059
8885.9  1.006039
8888.5  0.9732141
8891.1  0.9835206
8893.7  0.9804361
8896.3  0.9443402
8898.9  0.955107
8901.5  0.9747323
8904.1  0.9668273
8906.7  0.9647873
8909.3  0.9700354
8911.9  1.00063
8914.5  0.9894482
8917.1  0.9724999
8919.7  0.9666606
8922.3  0.9412562
8924.9  0.9498156
8927.5  0.9448966
8930.1  0.9475166
8932.7  0.9532357
8935.3  0.9418074
8937.9  0.9415324
8940.5  0.9488711
8943.1  0.9329373
8945.7  0.9465252
8948.3  0.932556
8950.9  0.9439617
8953.5  0.9360029
8956.1  0.9521577
8958.7  0.9404024
8961.3  0.9207439
8963.9  0.9514812
8966.5  0.9224853
8969.1  0.9181795
8971.7  0.8943038
8974.3  0.8945976
8976.9  0.8933612
8979.5  0.9016296
8982.1  0.8841724
8984.7  0.8730698
8987.3  0.855814
8989.9  0.8850887
8992.5  0.8998562
8995.1  0.8756685
8997.7  0.8442618
9000.3  0.8900118
9002.9  0.8936793
9005.5  0.8362318
9008.1  0.863679
9010.7  0.855198
9013.3  0.8377718
9015.9  0.8514875
9018.5  0.8589045
9021.1  0.8411788
9023.7  0.8663487
9026.3  0.8752849
9028.9  0.8873711
9031.5  0.9199978
9034.1  0.934365
9036.7  0.9207753
9039.3  0.9059224
9041.9  0.8996137
9044.5  0.8840095
9047.1  0.8716721
9049.7  0.8812883
9052.3  0.905744
9054.9  0.8838236
9057.5  0.848202
9060.1  0.861402
9062.7  0.8580685
9065.3  0.8484821
9067.9  0.8459697
9070.5  0.8379313
9073.1  0.8248963
9075.7  0.8102676
9078.3  0.8316765
9080.9  0.8340411
9083.5  0.7838923
9086.1  0.7775199
9088.7  0.7931117
9091.3  0.8030903
9093.9  0.7945774
9096.5  0.8166356
9099.1  0.7921919
9101.7  0.8216797
9104.3  0.8052895
9106.9  0.8151724
9109.5  0.8157624
9112.1  0.7946818
9114.7  0.7904629
9117.3  0.7997768
9119.9  0.8234743
9122.5  0.8183714
9125.1  0.806124
9127.7  0.7937244
9130.3  0.7915626
9132.9  0.771966
9135.5  0.7630107
9138.1  0.8011764
9140.7  0.806493
9143.3  0.7946833
9145.9  0.7833067
9148.5  0.7868865
9151.1  0.7675053
9153.7  0.7739125
9156.3  0.7926858
9158.9  0.7738968
9161.5  0.7738454
9164.1  0.782786
9166.7  0.759651
9169.3  0.7457444
9171.9  0.7521009
9174.5  0.757839
9177.1  0.7720233
9179.7  0.7653079
9182.3  0.7453322
9184.9  0.745049
9187.5  0.7309666
9190.1  0.7811993
9192.7  0.7545802
9195.3  0.7656481
9197.9  0.7524539
9200.5  0.7507553
9203.1  0.7383383
9205.7  0.7439202
9208.3  0.741428
9210.9  0.7127473
9213.5  0.7199141
9216.1  0.7295034
9218.7  0.702648
9221.3  0.7160996
9223.9  0.7271497
9226.5  0.7552964
9229.1  0.7305548
9231.7  0.7094277
9234.3  0.7235568
9236.9  0.7174014
9239.5  0.7047846
9242.1  0.7146425
9244.7  0.7175351
9247.3  0.6977965
9249.9  0.6911045
9252.5  0.6857561
9255.1  0.699886
9257.7  0.7065061
9260.3  0.7092567
9262.9  0.7199551
9265.5  0.7091739
9268.1  0.7244241
9270.7  0.7175195
9273.3  0.6943521
9275.9  0.6927083
9278.5  0.6759725
9281.1  0.6730187
9283.7  0.6850286
9286.3  0.688194
9288.9  0.6735353
9291.5  0.6693335
9294.1  0.6625754
9296.7  0.6382491
9299.3  0.6500697
9301.9  0.6431112
9304.5  0.6152291
9307.1  0.6473196
9309.7  0.6032
9312.3  0.5772644
9314.9  0.5812607
9317.5  0.5581101
9320.1  0.58907
9322.7  0.5849482
9325.3  0.6050398
9327.9  0.5812716
9330.5  0.5634723
9333.1  0.578491
9335.7  0.558969
9338.3  0.5079767
9340.9  0.4958897
9343.5  0.5547811
9346.1  0.5846394
9348.7  0.5695463
9351.3  0.540911
9353.9  0.5459642
9356.5  0.5640612
9359.1  0.5863569
9361.7  0.5884928
9364.3  0.5592393
9366.9  0.5598271
9369.5  0.5939935
9372.1  0.5951536
9374.7  0.5716603
9377.3  0.5920444
9379.9  0.6029763
9382.5  0.5971127
9385.1  0.6244857
9387.7  0.6335045
9390.3  0.6351976
9392.9  0.6349406
9395.5  0.6116911
9398.1  0.6279606
9400.7  0.6266514
9403.3  0.6285595
9405.9  0.6139905
9408.5  0.5947552
9411.1  0.5869335
9413.7  0.5821083
9416.3  0.5853983
9418.9  0.6031318
9421.5  0.5710716
9424.1  0.5486885
9426.7  0.5603222
9429.3  0.6080566
9431.9  0.5840304
9434.5  0.567445
9437.1  0.5186778
9439.7  0.5244638
9442.3  0.5714795
9444.9  0.6319147
9447.5  0.626949
9450.1  0.5896752
9452.7  0.5790601
9455.3  0.5549166
9457.9  0.5574241
9460.5  0.5987238
9463.1  0.6042714
9465.7  0.5947449
9468.3  0.5771012
9470.9  0.5824184
9473.5  0.5891984
9476.1  0.5543396
9478.7  0.5625194
9481.3  0.6215215
9483.9  0.6520509
9486.5  0.6373447
9489.1  0.6099887
9491.7  0.5842497
9494.3  0.5681409
9496.9  0.5715966
9499.5  0.596989
9502.1  0.6158513
9504.7  0.6253726
9507.3  0.6309437
9509.9  0.6248612
9512.5  0.5954126
9515.1  0.5593637
9517.7  0.559522
9520.3  0.57916
9522.9  0.5687302
9525.5  0.5888391
9528.1  0.6102585
9530.7  0.5982941
9533.3  0.6197966
9535.9  0.5990943
9538.5  0.5681928
9541.1  0.5623696
9543.7  0.5751202
9546.3  0.5957314
9548.9  0.5860786
9551.5  0.5796115
9554.1  0.589578
9556.7  0.6016328
9559.3  0.5928605
9561.9  0.5657381
9564.5  0.5626113
9567.1  0.5686833
9569.7  0.5730557
9572.3  0.5793647
9574.9  0.5731789
9577.5  0.5654773
9580.1  0.5629896
9582.7  0.5661964
9585.3  0.5744857
9587.9  0.6013358
9590.5  0.6001602
9593.1  0.5908773
9595.7  0.5903366
9598.3  0.5949864
9600.9  0.5940711
9603.5  0.5967702
9606.1  0.5929927
9608.7  0.5894277
9611.3  0.6024684
9613.9  0.5889354
9616.5  0.5798781
9619.1  0.5670073
9621.7  0.5573922
9624.3  0.5699759
9626.9  0.6041151
9629.5  0.6062449
9632.1  0.5954947
9634.7  0.5735195
9637.3  0.551621
9639.9  0.5417682
9642.5  0.5775643
9645.1  0.5742711
9647.7  0.5819867
9650.3  0.5977657
9652.9  0.6144895
9655.5  0.6218829
9658.1  0.617294
9660.7  0.6210086
9663.3  0.625529
9665.9  0.61396
9668.5  0.6122964
9671.1  0.6155938
9673.7  0.5904258
9676.3  0.5754529
9678.9  0.5945173
9681.5  0.6106272
9684.1  0.615988
9686.7  0.625446
9689.3  0.6341263
9691.9  0.6115362
9694.5  0.6128869
9697.1  0.6327299
9699.7  0.6120785
9702.3  0.6088085
9704.9  0.6121968
9707.5  0.6079522
9710.1  0.6022733
9712.7  0.5612569
9715.3  0.5440585
9717.9  0.5606466
9720.5  0.5755364
9723.1  0.59194
9725.7  0.6003239
9728.3  0.5780774
9730.9  0.5759479
9733.5  0.5580196
9736.1  0.561619
9738.7  0.5662039
9741.3  0.5463471
9743.9  0.5488845
9746.5  0.5580854
9749.1  0.5577206
9751.7  0.5616573
9754.3  0.5558124
9756.9  0.5373309
9759.5  0.5354658
9762.1  0.5443013
9764.7  0.5222265
9767.3  0.4829312
9769.9  0.4859977
9772.5  0.4988721
9775.1  0.5069582
9777.7  0.5179422
9780.3  0.5304946
9782.9  0.4989097
9785.5  0.5050607
9788.1  0.5377054
9790.7  0.4929533
9793.3  0.5212925
9795.9  0.5402632
9798.5  0.5389873
9801.1  0.5333187
9803.7  0.5245314
9806.3  0.5102507
9808.9  0.50844
9811.5  0.4985947
9814.1  0.4878887
9816.7  0.4916048
9819.3  0.5053434
9821.9  0.5173434
9824.5  0.525053
9827.1  0.5036609
9829.7  0.4833151
9832.3  0.4754856
9834.9  0.4778373
9837.5  0.4709658
9840.1  0.4657132
9842.7  0.4792847
9845.3  0.4667136
9847.9  0.4603796
9850.5  0.4706224
9853.1  0.4841057
9855.7  0.4826952
9858.3  0.458124
9860.9  0.4665857
9863.5  0.4817355
9866.1  0.4580537
9868.7  0.4558727
9871.3  0.4717079
9873.9  0.4776997
9876.5  0.46113
9879.1  0.439768
9881.7  0.4346273
9884.3  0.4044523
9886.9  0.4012876
9889.5  0.385148
9892.1  0.4049536
9894.7  0.4314558
9897.3  0.4475886
9899.9  0.4439303
9902.5  0.4197677
9905.1  0.4087138
9907.7  0.3971392
9910.3  0.393781
9912.9  0.4046545
9915.5  0.4178771
9918.1  0.4296941
9920.7  0.4319867
9923.3  0.4160098
9925.9  0.4130104
9928.5  0.4065653
9931.1  0.4181902
9933.7  0.4170997
9936.3  0.3866427
9938.9  0.385598
9941.5  0.3911366
9944.1  0.3877205
9946.7  0.3912409
9949.3  0.3890353
9951.9  0.4013671
9954.5  0.3868573
9957.1  0.3826656
9959.7  0.4072812
9962.3  0.3983419
9964.9  0.3765898
9967.5  0.3824809
9970.1  0.365698
9972.7  0.3613389
9975.3  0.3808812
9977.9  0.3815004
9980.5  0.3955445
9983.1  0.3869566
9985.7  0.3843184
9988.3  0.3706781
9990.9  0.3718127
9993.5  0.3781912
9996.1  0.3843271
9998.7  0.3871115
