3501.3  24.47248
3503.9  17.45337
3506.5  20.66451
3509.1  38.9169
3511.7  59.34217
3514.3  36.44056
3516.9  1.302505
3519.5  -0.4287366
3522.1  17.11135
3524.7  15.47648
3527.3  31.22212
3529.9  20.5304
3532.5  24.43692
3535.1  41.13375
3537.7  26.32968
3540.3  19.11914
3542.9  37.58451
3545.5  30.79218
3548.1  9.066175
3550.7  33.50096
3553.3  11.7111
3555.9  25.6421
3558.5  34.12665
3561.1  28.32808
3563.7  27.81719
3566.3  35.69911
3568.9  23.94983
3571.5  23.40844
3574.1  27.32695
3576.7  16.85192
3579.3  10.67613
3581.9  27.38907
3584.5  45.59989
3587.1  18.92958
3589.7  14.9937
3592.3  39.50799
3594.9  46.56161
3597.5  28.25213
3600.1  22.43756
3602.7  41.51811
3605.3  47.55133
3607.9  5.098244
3610.5  24.45369
3613.1  34.22153
3615.7  38.38641
3618.3  23.91001
3620.9  39.8541
3623.5  50.06742
3626.1  33.02743
3628.7  22.94162
3631.3  34.25787
3633.9  26.29821
3636.5  14.37288
3639.1  18.15363
3641.7  26.52221
3644.3  6.946954
3646.9  17.22729
3649.5  32.45689
3652.1  24.02058
3654.7  61.23144
3657.3  30.75653
3659.9  21.49057
3662.5  20.68637
3665.1  23.62699
3667.7  29.81121
3670.3  33.32909
3672.9  33.86016
3675.5  14.22281
3678.1  69.96426
3680.7  31.96405
3683.3  11.45775
3685.9  39.81547
3688.5  44.583
3691.1  24.40398
3693.7  58.28288
3696.3  47.15329
3698.9  25.87122
3701.5  32.16268
3704.1  25.95838
3706.7  35.7733
3709.3  32.62878
3711.9  15.37329
3714.5  38.28249
3717.1  42.97655
3719.7  32.22276
3722.3  36.14231
3724.9  46.59581
3727.5  37.08493
3730.1  58.79526
3732.7  56.86289
3735.3  17.76954
3737.9  21.14535
3740.5  50.74717
3743.1  30.97009
3745.7  54.18831
3748.3  56.5364
3750.9  39.92386
3753.5  48.55199
3756.1  38.1922
3758.7  19.76461
3761.3  36.08779
3763.9  60.06738
3766.5  56.86779
3769.1  39.27798
3771.7  34.99728
3774.3  35.22778
3776.9  41.42635
3779.5  52.59741
3782.1  28.13797
3784.7  42.8149
3787.3  36.05756
3789.9  42.09837
3792.5  40.381
3795.1  21.69113
3797.7  67.74927
3800.3  46.78492
3802.9  53.08777
3805.5  58.02888
3808.1  51.58881
3810.7  34.28409
3813.3  49.93702
3815.9  52.72905
3818.5  46.78068
3821.1  33.05968
3823.7  79.32525
3826.3  53.43982
3828.9  42.42041
3831.5  27.23141
3834.1  27.78146
3836.7  46.49091
3839.3  46.88852
3841.9  41.47952
3844.5  53.28669
3847.1  45.13316
3849.7  39.88425
3852.3  43.91564
3854.9  52.26135
3857.5  43.32159
3860.1  40.59493
3862.7  48.29609
3865.3  49.11383
3867.9  43.30626
3870.5  47.16101
3873.1  38.75613
3875.7  44.6265
3878.3  52.75682
3880.9  47.00353
3883.5  64.9742
3886.1  19.87423
3888.7  46.31464
3891.3  48.09685
3893.9  53.28575
3896.5  61.08595
3899.1  52.90317
3901.7  45.81659
3904.3  65.93826
3906.9  46.51352
3909.5  18.70098
3912.1  26.09271
3914.7  58.24797
3917.3  28.57902
3919.9  29.24419
3922.5  63.37726
3925.1  38.55218
3927.7  37.29299
3930.3  33.84893
3932.9  33.84227
3935.5  52.97364
3938.1  39.48594
3940.7  39.46433
3943.3  50.12057
3945.9  37.70028
3948.5  28.10522
3951.1  -27.24167
3953.7  28.86152
3956.3  46.38092
3958.9  40.70221
3961.5  56.93416
3964.1  38.30284
3966.7  49.78315
3969.3  40.21836
3971.9  47.46387
3974.5  24.47398
3977.1  60.37013
3979.7  36.66734
3982.3  57.37696
3984.9  42.34797
3987.5  23.95484
3990.1  41.07468
3992.7  47.384
3995.3  50.68439
3997.9  44.19807
4000.5  45.70095
4003.1  61.65473
4005.7  27.55017
4008.3  52.77955
4010.9  28.52143
4013.5  38.29613
4016.1  85.48843
4018.7  40.75944
4021.3  51.72442
4023.9  52.6171
4026.5  55.69722
4029.1  46.72855
4031.7  57.88178
4034.3  23.53992
4036.9  32.68073
4039.5  60.08741
4042.1  64.01823
4044.7  45.69432
4047.3  45.10597
4049.9  27.04744
4052.5  63.4114
4055.1  84.67702
4057.7  22.37307
4060.3  38.22237
4062.9  52.96021
4065.5  49.97755
4068.1  30.8654
4070.7  27.37523
4073.3  -3.859602
4075.9  19.95145
4078.5  54.96814
4081.1  37.48776
4083.7  45.28554
4086.3  15.86647
4088.9  49.48285
4091.5  59.44621
4094.1  50.48701
4096.7  16.71069
4099.3  36.44505
4101.9  37.167
4104.5  15.04666
4107.1  26.89437
4109.7  62.28311
4112.3  34.40791
4114.9  30.99596
4117.5  52.98012
4120.1  14.60707
4122.7  35.50193
4125.3  38.49794
4127.9  38.58749
4130.5  58.22544
4133.1  37.20031
4135.7  47.95256
4138.3  59.0623
4140.9  29.47719
4143.5  35.54818
4146.1  58.06474
4148.7  18.62062
4151.3  35.01453
4153.9  -20.11521
4156.5  52.03803
4159.1  51.72118
4161.7  14.66579
4164.3  33.17725
4166.9  36.56477
4169.5  39.09738
4172.1  17.36362
4174.7  61.27856
4177.3  -26.78405
4179.9  30.58263
4182.5  -0.8873627
4185.1  43.08466
4187.7  51.38112
4190.3  -12.43964
4192.9  30.61829
4195.5  37.21358
4198.1  35.57137
4200.7  41.55183
4203.3  41.30271
4205.9  20.68227
4208.5  43.05292
4211.1  49.01006
4213.7  21.64838
4216.3  -23.92863
4218.9  82.719
4221.5  -14.65966
4224.1  25.02605
4226.7  49.88408
4229.3  55.04512
4231.9  43.3507
4234.5  76.81068
4237.1  32.55653
4239.7  62.91051
4242.3  58.81342
4244.9  -6.563617
4247.5  54.84619
4250.1  40.85072
4252.7  39.28418
4255.3  66.04109
4257.9  38.85581
4260.5  -27.35018
4263.1  -1.518432
4265.7  31.12191
4268.3  43.83349
4270.9  22.2525
4273.5  -4.528732
4276.1  62.80368
4278.7  39.71677
4281.3  -5.521014
4283.9  42.50278
4286.5  65.33773
4289.1  51.37482
4291.7  34.08651
4294.3  82.62402
4296.9  80.35039
4299.5  -10.91538
4302.1  57.57829
4304.7  73.97873
4307.3  50.57314
4309.9  20.11426
4312.5  -5.719329
4315.1  57.41411
4317.7  53.82887
4320.3  41.85934
4322.9  57.75146
4325.5  63.6935
4328.1  -18.4449
4330.7  52.61953
4333.3  29.15354
4335.9  62.03433
4338.5  94.28252
4341.1  85.31086
4343.7  74.83001
4346.3  -6.174079
4348.9  57.47242
4351.5  50.59672
4354.1  59.95089
4356.7  67.69468
4359.3  45.7966
4361.9  7.339754
4364.5  18.87405
4367.1  65.63773
4369.7  62.38475
4372.3  53.62619
4374.9  45.31444
4377.5  71.01768
4380.1  64.35015
4382.7  -9.246726
4385.3  64.86757
4387.9  45.58032
4390.5  41.889
4393.1  12.80881
4395.7  60.90025
4398.3  57.59133
4400.9  59.22206
4403.5  52.9116
4406.1  -2.133202
4408.7  47.68441
4411.3  21.03543
4413.9  36.20921
4416.5  21.51065
4419.1  40.0835
4421.7  -5.411181
4424.3  2.435567
4426.9  40.58966
4429.5  23.70793
4432.1  22.31808
4434.7  -13.3333
4437.3  36.33362
4439.9  -4.569811
4442.5  28.0349
4445.1  38.92039
4447.7  41.86951
4450.3  -4.294198
4452.9  15.24248
4455.5  28.76827
4458.1  40.74688
4460.7  13.76216
4463.3  6.416746
4465.9  -4.601986
4468.5  37.20315
4471.1  43.15092
4473.7  25.44944
4476.3  53.72333
4478.9  20.54375
4481.5  37.63217
4484.1  24.84026
4486.7  -5.154819
4489.3  38.32447
4491.9  32.92935
4494.5  26.16662
4497.1  3.818488
4499.7  -0.06217198
4502.3  32.85769
4504.9  23.63404
4507.5  27.98953
4510.1  17.11432
4512.7  42.74505
4515.3  15.24548
4517.9  40.0504
4520.5  -6.869879
4523.1  42.13528
4525.7  -0.3055018
4528.3  22.15335
4530.9  -9.148363
4533.5  20.45668
4536.1  20.17164
4538.7  0.2579295
4541.3  28.10832
4543.9  -0.5287787
4546.5  9.633339
4549.1  7.38208
4551.7  -14.32094
4554.3  -25.93923
4556.9  -15.34888
4559.5  -6.317064
4562.1  -6.802832
4564.7  4.77456
4567.3  0.09851982
4569.9  7.826389
4572.5  18.38767
4575.1  34.62948
4577.7  2.014929
4580.3  -9.496306
4582.9  -8.995796
4585.5  -2.017806
4588.1  -0.03559605
4590.7  -9.744157
4593.3  17.68907
4595.9  18.18538
4598.5  -3.74623
4601.1  -8.301132
4603.7  -3.352947
4606.3  0.38006
4608.9  6.558754
4611.5  19.8351
4614.1  2.114446
4616.7  -2.529742
4619.3  -0.2559635
4621.9  -8.667131
4624.5  -13.85124
4627.1  -5.538692
4629.7  0.5001606
4632.3  -4.920371
4634.9  -5.664721
4637.5  -14.22081
4640.1  -3.616584
4642.7  -2.698714
4645.3  -10.08108
4647.9  26.3758
4650.5  -3.843148
4653.1  -6.840697
4655.7  2.227774
4658.3  -2.404649
4660.9  11.34691
4663.5  -8.648336
4666.1  -7.781041
4668.7  -4.91689
4671.3  6.291906
4673.9  -6.55585
4676.5  7.054535
4679.1  12.86212
4681.7  -3.802911
4684.3  -1.228131
4686.9  21.95039
4689.5  -1.983564
4692.1  9.818463
4694.7  -0.3264807
4697.3  15.1544
4699.9  13.42335
4702.5  26.89946
4705.1  5.108981
4707.7  11.73896
4710.3  9.871631
4712.9  0.4170716
4715.5  26.10135
4718.1  4.513845
4720.7  -12.58184
4723.3  34.3593
4725.9  47.17557
4728.5  33.03561
4731.1  23.34593
4733.7  45.55139
4736.3  35.06836
4738.9  12.30315
4741.5  69.61747
4744.1  63.75988
4746.7  69.05689
4749.3  31.5745
4751.9  92.20438
4754.5  101.7507
4757.1  105.0329
4759.7  62.33552
4762.3  89.78001
4764.9  113.3127
4767.5  151.9585
4770.1  102.26
4772.7  132.4732
4775.3  273.294
4777.9  193.7994
4780.5  287.3873
4783.1  274.8319
4785.7  222.3027
4788.3  269.2713
4790.9  218.5657
4793.5  247.362
4796.1  290.9031
4798.7  259.6245
4801.3  263.773
4803.9  262.8351
4806.5  349.1917
4809.1  402.0335
4811.7  431.3562
4814.3  378.2216
4816.9  321.9735
4819.5  377.4044
4822.1  406.138
4824.7  398.5934
4827.3  357.2426
4829.9  510.1997
4832.5  447.1392
4835.1  481.4473
4837.7  482.7944
4840.3  515.3529
4842.9  495.4694
4845.5  528.8114
4848.1  466.8337
4850.7  361.7818
4853.3  380.7426
4855.9  442.969
4858.5  228.0983
4861.1  194.9598
4863.7  424.0532
4866.3  641.3087
4868.9  559.5426
4871.5  787.8543
4874.1  851.7101
4876.7  722.5966
4879.3  686.8735
4881.9  835.462
4884.5  680.0793
4887.1  914.11
4889.7  783.3506
4892.3  1084.148
4894.9  858.6749
4897.5  983.5864
4900.1  1040.004
4902.7  969.054
4905.3  1427.841
4907.9  1445.023
4910.5  1294.386
4913.1  1036.684
4915.7  1328.492
4918.3  1380.609
4920.9  1513.109
4923.5  1648.402
4926.1  1408.465
4928.7  1633.955
4931.3  1763.805
4933.9  1607.268
4936.5  1636.467
4939.1  1671.071
4941.7  1862.579
4944.3  1699.418
4946.9  1570.532
4949.5  1819.53
4952.1  2007.037
4954.7  1595.537
4957.3  1774.786
4959.9  1950.324
4962.5  1803.726
4965.1  1711.116
4967.7  1725.243
4970.3  1692.648
4972.9  2044.001
4975.5  1978.446
4978.1  1743.222
4980.7  1963.259
4983.3  1933.748
4985.9  2111.842
4988.5  2261.806
4991.1  2220.548
4993.7  1851.414
4996.3  2425.433
4998.9  2203.572
5001.5  2256.379
5004.1  1976.473
5006.7  2224.717
5009.3  2348.805
5011.9  2552.21
5014.5  2098.193
5017.1  2473.561
5019.7  2428.927
5022.3  2606.351
5024.9  2664.727
5027.5  2825.027
5030.1  2336.865
5032.7  2404.657
5035.3  2328.274
5037.9  2386.771
5040.5  2462.084
5043.1  2541.79
5045.7  2313.858
5048.3  2451.775
5050.9  2471.403
5053.5  2414.863
5056.1  2563.857
5058.7  2527.128
5061.3  2666.384
5063.9  2603.215
5066.5  2450.562
5069.1  2565.975
5071.7  3045.537
5074.3  2590.589
5076.9  2921.675
5079.5  3112.135
5082.1  3134.797
5084.7  2908.65
5087.3  2859.031
5089.9  3172.798
5092.5  3354.895
5095.1  3113.328
5097.7  3031.997
5100.3  2989.469
5102.9  2927.697
5105.5  3004.9
5108.1  3233.556
5110.7  3241.903
5113.3  3180.697
5115.9  3385.184
5118.5  3178.417
5121.1  3065.428
5123.7  3293.726
5126.3  3019.385
5128.9  2972.46
5131.5  3089.031
5134.1  3069.813
5136.7  2941.31
5139.3  3176.67
5141.9  3327.106
5144.5  3110.8
5147.1  3280.533
5149.7  3365.167
5152.3  3183.75
5154.9  3273.696
5157.5  3459.275
5160.1  2929.956
5162.7  3363.017
5165.3  3380.045
5167.9  3361.087
5170.5  3344.194
5173.1  3544.801
5175.7  3518.248
5178.3  3770.738
5180.9  3688.324
5183.5  3292.001
5186.1  3641.158
5188.7  3678.405
5191.3  3800.184
5193.9  3976.767
5196.5  3615.084
5199.1  3616.726
5201.7  3998.339
5204.3  3714.591
5206.9  3602.043
5209.5  4275.957
5212.1  3489.441
5214.7  3642.875
5217.3  3581.645
5219.9  3846.871
5222.5  3854.441
5225.1  3626.196
5227.7  3528.219
5230.3  3823.49
5232.9  3552.121
5235.5  3561.29
5238.1  4020.564
5240.7  3800.898
5243.3  3790.579
5245.9  3817.69
5248.5  3814.156
5251.1  4182.712
5253.7  4335.228
5256.3  4297.635
5258.9  4312.286
5261.5  4208.175
5264.1  4120.991
5266.7  4063.462
5269.3  4370.128
5271.9  4018.836
5274.5  4050.32
5277.1  3963.233
5279.7  4365.681
5282.3  4462.853
5284.9  4133.679
5287.5  4267.558
5290.1  4348.288
5292.7  4286.029
5295.3  4190.17
5297.9  3758.476
5300.5  4139.359
5303.1  4016.412
5305.7  4201.361
5308.3  4257.785
5310.9  4048.65
5313.5  4181.493
5316.1  4006.053
5318.7  4178.801
5321.3  4304.267
5323.9  4087.852
5326.5  4029.543
5329.1  3973.345
5331.7  3974.487
5334.3  4129.559
5336.9  3922.612
5339.5  4444.354
5342.1  3995.231
5344.7  3962.028
5347.3  4454.394
5349.9  4486.233
5352.5  4449.544
5355.1  4642.87
5357.7  4595.609
5360.3  4538.471
5362.9  4583.423
5365.5  4861.646
5368.1  4289.306
5370.7  4600.029
5373.3  5096.751
5375.9  4709.191
5378.5  4661.226
5381.1  4716.915
5383.7  4688.815
5386.3  4513.188
5388.9  5031.463
5391.5  4923.107
5394.1  4598.741
5396.7  4709.321
5399.3  5018.403
5401.9  4770.306
5404.5  5196.979
5407.1  4701.984
5409.7  4761.565
5412.3  4541.55
5414.9  4696.768
5417.5  4720.121
5420.1  4859.487
5422.7  4910.362
5425.3  5030.126
5427.9  5084.079
5430.5  4832.082
5433.1  4968.496
5435.7  5041.376
5438.3  5252.36
5440.9  4954.15
5443.5  5399.892
5446.1  5282.001
5448.7  4893.841
5451.3  4900.384
5453.9  5037.339
5456.5  5201.887
5459.1  4949.891
5461.7  5140.282
5464.3  5314.381
5466.9  5111.094
5469.5  5088.644
5472.1  4993.887
5474.7  5047.919
5477.3  4874.935
5479.9  4647.302
5482.5  4608.71
5485.1  4635.515
5487.7  4810.246
5490.3  4649.431
5492.9  4440.802
5495.5  4567.071
5498.1  5259.202
5500.7  4594.272
5503.3  4525.844
5505.9  4479.35
5508.5  4345.983
5511.1  4650.311
5513.7  4769.693
5516.3  4791.226
5518.9  5059.201
5521.5  4925.138
5524.1  4570.054
5526.7  4941.914
5529.3  4758.145
5531.9  5134.94
5534.5  5697.916
5537.1  5108.381
5539.7  4967.935
5542.3  5050.071
5544.9  5560.68
5547.5  4921.014
5550.1  5552.979
5552.7  5534.835
5555.3  5560.068
5557.9  5723.488
5560.5  5866.026
5563.1  5665.806
5565.7  5555.444
5568.3  4599.216
5570.9  5456.66
5573.5  6850.02
5576.1  6931.396
5578.7  6155.1
5581.3  6317.51
5583.9  1515.733
5586.5  4054.482
5589.1  5349.221
5591.7  6225.294
5594.3  5683.911
5596.9  6026.
5599.5  5797.355
5602.1  5585.239
5604.7  5797.01
5607.3  5593.241
5609.9  5480.917
5612.5  5785.835
5615.1  5645.276
5617.7  5506.889
5620.3  5667.133
5622.9  5986.084
5625.5  5603.095
5628.1  5666.9
5630.7  5622.69
5633.3  5908.988
5635.9  6076.967
5638.5  6045.776
5641.1  5854.577
5643.7  5882.013
5646.3  6349.062
5648.9  6054.55
5651.5  6248.166
5654.1  6154.609
5656.7  6329.108
5659.3  5971.681
5661.9  6586.525
5664.5  6066.716
5667.1  5966.005
5669.7  5981.75
5672.3  5929.85
5674.9  6178.133
5677.5  6432.262
5680.1  6211.307
5682.7  6481.231
5685.3  6611.691
5687.9  6149.504
5690.5  6402.737
5693.1  6346.729
5695.7  6267.039
5698.3  6377.768
5700.9  6295.123
5703.5  6186.966
5706.1  5865.388
5708.7  6110.619
5711.3  6745.701
5713.9  6310.921
5716.5  6023.031
5719.1  6340.355
5721.7  6321.719
5724.3  6555.698
5726.9  6501.879
5729.5  6218.14
5732.1  6846.656
5734.7  6108.93
5737.3  6608.969
5739.9  6439.483
5742.5  6357.81
5745.1  6051.875
5747.7  6092.883
5750.3  6130.268
5752.9  6030.158
5755.5  6244.349
5758.1  6167.815
5760.7  6282.391
5763.3  6133.763
5765.9  6310.478
5768.5  6424.452
5771.1  5642.101
5773.7  5812.911
5776.3  5876.654
5778.9  5586.94
5781.5  5446.284
5784.1  5055.289
5786.7  5154.831
5789.3  5223.249
5791.9  5817.419
5794.5  5124.639
5797.1  4916.946
5799.7  5023.171
5802.3  4521.146
5804.9  4968.48
5807.5  4978.795
5810.1  4628.473
5812.7  4396.6
5815.3  4845.293
5817.9  4977.392
5820.5  4848.854
5823.1  4898.488
5825.7  5209.986
5828.3  4759.958
5830.9  4657.126
5833.5  4552.643
5836.1  4830.62
5838.7  5254.164
5841.3  5136.249
5843.9  5225.871
5846.5  5101.624
5849.1  4908.117
5851.7  5529.16
5854.3  5208.457
5856.9  5204.118
5859.5  5684.777
5862.1  5582.981
5864.7  5627.533
5867.3  5857.932
5869.9  5930.629
5872.5  6193.664
5875.1  6087.156
5877.7  6153.904
5880.3  6014.712
5882.9  6229.138
5885.5  6630.369
5888.1  6313.632
5890.7  6231.771
5893.3  5993.231
5895.9  6249.715
5898.5  5626.638
5901.1  6049.301
5903.7  6486.244
5906.3  6272.039
5908.9  6467.009
5911.5  6417.685
5914.1  5985.171
5916.7  6337.465
5919.3  6594.435
5921.9  5988.314
5924.5  5799.145
5927.1  5999.669
5929.7  5880.741
5932.3  5887.947
5934.9  6003.087
5937.5  5629.265
5940.1  5741.877
5942.7  5878.541
5945.3  5893.467
5947.9  5693.83
5950.5  5528.629
5953.1  5595.131
5955.7  5708.518
5958.3  5407.337
5960.9  5334.194
5963.5  5595.866
5966.1  5712.521
5968.7  5734.955
5971.3  5589.985
5973.9  5905.547
5976.5  5861.227
5979.1  5842.386
5981.7  6008.205
5984.3  5915.168
5986.9  5954.315
5989.5  5998.867
5992.1  6203.126
5994.7  6639.202
5997.3  6688.972
5999.9  6812.668
6002.5  6745.47
6005.1  7113.554
6007.7  7130.651
6010.3  7091.142
6012.9  7036.539
6015.5  7554.824
6018.1  7394.04
6020.7  7489.055
6023.3  7687.191
6025.9  7914.153
6028.5  8091.548
6031.1  8070.292
6033.7  8101.787
6036.3  8181.315
6038.9  8374.108
6041.5  7943.026
6044.1  9048.149
6046.7  8364.121
6049.3  8491.856
6051.9  8229.987
6054.5  8334.494
6057.1  8240.069
6059.7  8223.709
6062.3  8504.803
6064.9  8373.991
6067.5  8085.183
6070.1  8587.16
6072.7  8872.473
6075.3  8296.391
6077.9  8432.564
6080.5  8636.635
6083.1  8608.58
6085.7  8600.809
6088.3  8494.691
6090.9  8783.254
6093.5  8552.998
6096.1  8138.896
6098.7  8527.325
6101.3  8664.907
6103.9  8945.914
6106.5  8221.595
6109.1  8047.745
6111.7  8489.923
6114.3  8453.137
6116.9  8102.533
6119.5  8690.653
6122.1  8647.386
6124.7  8646.929
6127.3  8631.118
6129.9  8707.723
6132.5  8611.853
6135.1  8859.578
6137.7  8630.174
6140.3  8651.477
6142.9  8688.344
6145.5  8901.169
6148.1  8597.869
6150.7  8667.16
6153.3  8691.099
6155.9  8560.228
6158.5  8874.581
6161.1  8858.069
6163.7  8488.318
6166.3  8928.842
6168.9  8716.212
6171.5  9130.149
6174.1  8857.528
6176.7  8642.852
6179.3  8682.319
6181.9  8954.562
6184.5  8690.073
6187.1  9458.876
6189.7  9160.628
6192.3  8638.655
6194.9  9117.07
6197.5  8894.688
6200.1  8388.645
6202.7  8717.77
6205.3  9161.747
6207.9  9200.663
6210.5  8759.708
6213.1  9168.654
6215.7  8943.85
6218.3  8795.485
6220.9  9163.433
6223.5  9816.695
6226.1  9013.905
6228.7  8914.287
6231.3  9429.585
6233.9  9538.863
6236.5  8955.306
6239.1  9182.547
6241.7  9437.975
6244.3  9639.593
6246.9  9216.118
6249.5  9084.854
6252.1  9594.657
6254.7  9982.301
6257.3  9778.248
6259.9  9652.192
6262.5  9694.626
6265.1  9106.942
6267.7  9530.009
6270.3  9900.098
6272.9  9880.521
6275.5  9333.015
6278.1  8998.194
6280.7  8862.22
6283.3  9214.054
6285.9  8332.414
6288.5  8229.151
6291.1  8541.021
6293.7  8802.499
6296.3  9133.774
6298.9  9518.209
6301.5  9119.664
6304.1  9169.556
6306.7  9105.836
6309.3  8935.919
6311.9  9051.66
6314.5  8485.634
6317.1  8997.259
6319.7  8821.216
6322.3  8973.25
6324.9  9447.523
6327.5  9029.286
6330.1  9208.378
6332.7  9051.915
6335.3  9450.491
6337.9  9432.517
6340.5  9254.754
6343.1  9505.521
6345.7  9616.189
6348.3  9381.059
6350.9  9358.974
6353.5  9674.064
6356.1  9656.631
6358.7  9543.8
6361.3  9626.157
6363.9  9182.727
6366.5  9264.295
6369.1  9867.539
6371.7  9491.566
6374.3  9879.556
6376.9  9888.225
6379.5  9817.104
6382.1  10109.43
6384.7  9588.761
6387.3  10436.18
6389.9  9994.525
6392.5  9973.103
6395.1  10090.31
6397.7  10717.93
6400.3  10232.97
6402.9  10352.6
6405.5  10524.81
6408.1  10102.85
6410.7  10414.83
6413.3  10455.59
6415.9  10242.67
6418.5  10537.37
6421.1  10519.64
6423.7  10391.32
6426.3  10642.73
6428.9  10040.62
6431.5  10670.13
6434.1  10573.66
6436.7  10627.76
6439.3  10463.
6441.9  10464.25
6444.5  10280.05
6447.1  10217.36
6449.7  10747.59
6452.3  10332.01
6454.9  10107.48
6457.5  10126.2
6460.1  10229.46
6462.7  10019.35
6465.3  10599.78
6467.9  9826.367
6470.5  10320.95
6473.1  10273.76
6475.7  10293.58
6478.3  10245.45
6480.9  10126.3
6483.5  10604.92
6486.1  10632.87
6488.7  10397.52
6491.3  10018.61
6493.9  10384.05
6496.5  10166.28
6499.1  10369.32
6501.7  10741.26
6504.3  11208.46
6506.9  10741.88
6509.5  10616.51
6512.1  10710.1
6514.7  10576.08
6517.3  10188.54
6519.9  10526.57
6522.5  10682.25
6525.1  10554.31
6527.7  10577.02
6530.3  10731.56
6532.9  10314.13
6535.5  10408.07
6538.1  10184.56
6540.7  9905.442
6543.3  9833.292
6545.9  9862.743
6548.5  9613.842
6551.1  9284.833
6553.7  8954.041
6556.3  8314.509
6558.9  7837.343
6561.5  6520.493
6564.1  6518.901
6566.7  6834.937
6569.3  7244.87
6571.9  8087.295
6574.5  9124.602
6577.1  9318.762
6579.7  9865.076
6582.3  10049.84
6584.9  10271.83
6587.5  10445.82
6590.1  10611.27
6592.7  10655.67
6595.3  10535.15
6597.9  10827.51
6600.5  10939.34
6603.1  11092.73
6605.7  11271.86
6608.3  11267.54
6610.9  11041.87
6613.5  11287.92
6616.1  11240.06
6618.7  10997.64
6621.3  11129.65
6623.9  11326.24
6626.5  11999.01
6629.1  11093.84
6631.7  11671.67
6634.3  11173.48
6636.9  11402.25
6639.5  11731.34
6642.1  11580.44
6644.7  11706.54
6647.3  11765.25
6649.9  12001.48
6652.5  12098.63
6655.1  11890.38
6657.7  11818.76
6660.3  11726.64
6662.9  11878.37
6665.5  11988.79
6668.1  11996.15
6670.7  11512.67
6673.3  11829.53
6675.9  12163.13
6678.5  11891.21
6681.1  12098.93
6683.7  12215.08
6686.3  12345.34
6688.9  11917.02
6691.5  11861.25
6694.1  11883.73
6696.7  11976.63
6699.3  11855.09
6701.9  12313.02
6704.5  11833.55
6707.1  11900.4
6709.7  12326.33
6712.3  12270.92
6714.9  11894.4
6717.5  12062.6
6720.1  11840.04
6722.7  12350.14
6725.3  12049.49
6727.9  12239.03
6730.5  12276.27
6733.1  12009.63
6735.7  12002.76
6738.3  12460.63
6740.9  12272.54
6743.5  12043.83
6746.1  11933.18
6748.7  12105.3
6751.3  11944.3
6753.9  11830.37
6756.5  12472.1
6759.1  12496.12
6761.7  12618.17
6764.3  12794.27
6766.9  12491.84
6769.5  12038.71
6772.1  12446.31
6774.7  12352.36
6777.3  12251.39
6779.9  12496.24
6782.5  12194.71
6785.1  12729.93
6787.7  12217.79
6790.3  12400.54
6792.9  12497.48
6795.5  12415.87
6798.1  12365.31
6800.7  12648.55
6803.3  12666.42
6805.9  12509.27
6808.5  12454.61
6811.1  12519.74
6813.7  12573.79
6816.3  12333.12
6818.9  12510.67
6821.5  12588.68
6824.1  12514.37
6826.7  12539.68
6829.3  12629.98
6831.9  12651.33
6834.5  12499.97
6837.1  12501.08
6839.7  12606.95
6842.3  12583.36
6844.9  12247.69
6847.5  12294.25
6850.1  12760.97
6852.7  12680.38
6855.3  12253.18
6857.9  12241.55
6860.5  12521.65
6863.1  12174.78
6865.7  12458.98
6868.3  11507.77
6870.9  9959.693
6873.5  9214.537
6876.1  9732.703
6878.7  10565.8
6881.3  11278.68
6883.9  11558.86
6886.5  12034.19
6889.1  11616.7
6891.7  11409.12
6894.3  11173.31
6896.9  11085.57
6899.5  11305.78
6902.1  11524.17
6904.7  11633.1
6907.3  11591.44
6909.9  11749.14
6912.5  11832.76
6915.1  11805.68
6917.7  11942.91
6920.3  12179.23
6922.9  11808.58
6925.5  11994.44
6928.1  12381.06
6930.7  12340.02
6933.3  12353.86
6935.9  12269.12
6938.5  11978.08
6941.1  11857.34
6943.7  12358.43
6946.3  12365.59
6948.9  12111.65
6951.5  12366.74
6954.1  12494.04
6956.7  12313.79
6959.3  12504.37
6961.9  12283.24
6964.5  12804.89
6967.1  12808.41
6969.7  12746.78
6972.3  12442.23
6974.9  12551.87
6977.5  12544.63
6980.1  13013.99
6982.7  12674.
6985.3  12582.07
6987.9  13108.02
6990.5  13261.04
6993.1  12700.59
6995.7  12259.62
6998.3  12378.57
7000.9  12477.71
7003.5  12492.87
7006.1  12714.56
7008.7  12777.92
7011.3  12673.28
7013.9  12590.8
7016.5  12781.29
7019.1  13072.58
7021.7  12640.48
7024.3  12638.51
7026.9  12657.21
7029.5  12798.52
7032.1  12627.83
7034.7  12478.14
7037.3  12882.74
7039.9  13231.84
7042.5  12952.23
7045.1  12664.08
7047.7  12533.76
7050.3  12421.62
7052.9  12983.34
7055.5  12932.84
7058.1  12945.28
7060.7  12547.24
7063.3  12813.97
7065.9  13128.29
7068.5  12806.97
7071.1  12643.2
7073.7  12588.74
7076.3  12888.25
7078.9  12861.22
7081.5  12823.18
7084.1  13031.43
7086.7  12899.66
7089.3  12528.42
7091.9  12438.92
7094.5  12551.51
7097.1  12856.12
7099.7  12748.27
7102.3  12875.5
7104.9  12523.21
7107.5  12370.12
7110.1  12627.71
7112.7  12585.41
7115.3  12597.08
7117.9  12407.05
7120.5  12542.16
7123.1  12388.41
7125.7  12416.12
7128.3  12885.85
7130.9  12668.65
7133.5  12724.77
7136.1  12561.07
7138.7  12733.92
7141.3  12668.78
7143.9  13090.88
7146.5  12837.84
7149.1  12528.76
7151.7  12593.48
7154.3  12787.67
7156.9  12883.04
7159.5  12937.23
7162.1  12985.86
7164.7  12956.4
7167.3  12287.96
7169.9  12396.1
7172.5  11925.26
7175.1  12278.46
7177.7  12193.36
7180.3  12089.93
7182.9  12122.8
7185.5  12059.63
7188.1  11861.28
7190.7  11692.49
7193.3  11996.71
7195.9  12187.26
7198.5  11814.66
7201.1  12141.85
7203.7  12124.16
7206.3  11974.93
7208.9  11926.66
7211.5  12034.01
7214.1  12516.22
7216.7  12722.96
7219.3  12739.74
7221.9  12585.6
7224.5  12279.75
7227.1  12167.32
7229.7  12130.48
7232.3  12276.77
7234.9  12299.98
7237.5  11865.53
7240.1  12478.65
7242.7  12492.91
7245.3  11799.99
7247.9  11594.48
7250.5  12244.06
7253.1  12071.17
7255.7  12288.84
7258.3  12200.64
7260.9  11962.41
7263.5  12146.62
7266.1  11980.98
7268.7  10639.93
7271.3  11708.64
7273.9  11804.3
7276.5  11587.94
7279.1  12599.26
7281.7  11880.29
7284.3  10911.86
7286.9  12186.82
7289.5  12034.88
7292.1  11831.83
7294.7  12080.07
7297.3  12001.34
7299.9  12501.56
7302.5  12504.61
7305.1  12122.99
7307.7  11902.93
7310.3  11639.55
7312.9  12077.2
7315.5  12189.44
7318.1  12214.65
7320.7  12300.62
7323.3  11843.31
7325.9  11936.2
7328.5  12431.66
7331.1  12273.55
7333.7  11859.3
7336.3  12211.11
7338.9  12652.36
7341.5  12515.14
7344.1  12354.9
7346.7  12177.61
7349.3  11881.91
7351.9  11956.13
7354.5  12245.4
7357.1  12204.41
7359.7  11496.14
7362.3  11844.91
7364.9  11921.04
7367.5  12060.49
7370.1  12284.74
7372.7  12574.71
7375.3  12026.67
7377.9  11725.79
7380.5  12004.05
7383.1  11708.7
7385.7  11662.41
7388.3  12371.59
7390.9  12239.76
7393.5  11250.68
7396.1  12026.43
7398.7  12458.83
7401.3  12060.21
7403.9  12332.63
7406.5  12453.28
7409.1  11868.47
7411.7  12119.68
7414.3  12360.83
7416.9  12124.84
7419.5  12005.64
7422.1  11946.6
7424.7  12086.3
7427.3  11991.36
7429.9  11707.68
7432.5  11782.62
7435.1  11890.56
7437.7  12354.89
7440.3  12149.21
7442.9  12031.61
7445.5  11857.56
7448.1  11617.79
7450.7  11840.47
7453.3  11998.15
7455.9  12044.67
7458.5  12168.05
7461.1  11772.92
7463.7  11548.47
7466.3  11858.98
7468.9  11814.89
7471.5  11691.88
7474.1  11816.98
7476.7  12032.99
7479.3  11833.49
7481.9  11698.54
7484.5  11702.5
7487.1  11981.71
7489.7  12036.38
7492.3  11677.28
7494.9  11503.68
7497.5  11726.62
7500.1  12045.42
7502.7  11835.48
7505.3  11877.13
7507.9  11962.42
7510.5  11822.35
7513.1  11685.29
7515.7  11377.38
7518.3  11689.66
7520.9  12049.41
7523.5  11867.44
7526.1  11972.59
7528.7  12211.56
7531.3  11625.77
7533.9  11680.01
7536.5  11804.47
7539.1  11776.14
7541.7  11430.52
7544.3  11510.67
7546.9  11871.02
7549.5  11726.99
7552.1  11660.44
7554.7  11610.29
7557.3  11833.63
7559.9  11626.1
7562.5  11311.32
7565.1  11331.23
7567.7  11673.3
7570.3  11551.2
7572.9  11142.97
7575.5  11450.93
7578.1  11258.18
7580.7  11284.5
7583.3  11068.31
7585.9  11610.44
7588.5  11150.1
7591.1  10653.25
7593.7  10211.89
7596.3  8899.494
7598.9  6544.331
7601.5  4817.935
7604.1  4006.722
7606.7  3752.415
7609.3  3585.614
7611.9  3953.51
7614.5  5429.093
7617.1  6664.366
7619.7  7653.923
7622.3  8221.118
7624.9  7733.98
7627.5  6686.643
7630.1  6340.198
7632.7  6215.506
7635.3  6342.642
7637.9  6594.611
7640.5  6919.73
7643.1  7214.232
7645.7  7441.357
7648.3  7765.486
7650.9  8386.912
7653.5  8482.902
7656.1  8697.738
7658.7  9135.337
7661.3  9117.734
7663.9  9241.005
7666.5  9437.895
7669.1  9889.807
7671.7  10029.29
7674.3  10097.39
7676.9  10128.72
7679.5  10362.53
7682.1  10484.66
7684.7  10833.66
7687.3  10819.91
7689.9  11019.6
7692.5  10584.4
7695.1  10404.76
7697.7  10494.01
7700.3  10664.18
7702.9  10536.85
7705.5  9217.559
7708.1  9175.175
7710.7  10177.62
7713.3  10592.46
7715.9  10868.36
7718.5  11126.57
7721.1  10821.59
7723.7  10473.22
7726.3  10506.47
7728.9  10907.9
7731.5  10770.57
7734.1  10646.48
7736.7  10929.52
7739.3  10781.77
7741.9  9132.622
7744.5  10041.59
7747.1  11472.43
7749.7  10786.4
7752.3  10887.5
7754.9  11105.53
7757.5  9313.957
7760.1  10254.83
7762.7  10699.56
7765.3  10565.19
7767.9  10619.48
7770.5  10299.44
7773.1  9800.288
7775.7  10042.5
7778.3  10026.52
7780.9  10324.94
7783.5  10295.23
7786.1  10371.69
7788.7  10569.59
7791.3  10889.5
7793.9  10352.89
7796.5  10358.47
7799.1  10451.29
7801.7  10482.34
7804.3  10375.54
7806.9  10690.09
7809.5  10793.05
7812.1  10653.08
7814.7  10691.33
7817.3  10778.94
7819.9  10561.54
7822.5  10327.51
7825.1  10376.55
7827.7  10473.83
7830.3  10459.28
7832.9  10437.88
7835.5  10284.98
7838.1  10600.01
7840.7  10367.13
7843.3  10489.54
7845.9  10464.98
7848.5  10607.43
7851.1  10756.24
7853.7  10485.54
7856.3  10402.64
7858.9  10510.1
7861.5  9970.891
7864.1  10405.37
7866.7  10627.31
7869.3  10079.82
7871.9  10379.92
7874.5  10574.02
7877.1  10197.87
7879.7  9934.467
7882.3  10046.97
7884.9  10469.34
7887.5  10365.72
7890.1  10240.43
7892.7  10396.38
7895.3  10245.31
7897.9  9877.284
7900.5  9868.419
7903.1  10265.68
7905.7  9704.712
7908.3  10049.37
7910.9  10800.19
7913.5  9717.997
7916.1  10612.04
7918.7  10910.93
7921.3  9572.558
7923.9  9904.858
7926.5  10063.76
7929.1  9972.138
7931.7  10093.37
7934.3  10033.37
7936.9  10211.47
7939.5  9783.849
7942.1  9786.27
7944.7  10330.42
7947.3  9656.457
7949.9  9966.517
7952.5  9986.3
7955.1  9953.905
7957.7  8386.966
7960.3  10156.73
7962.9  10063.98
7965.5  9654.766
7968.1  10144.32
7970.7  9880.211
7973.3  9162.854
7975.9  9765.873
7978.5  10191.22
7981.1  10272.
7983.7  9777.057
7986.3  8394.476
7988.9  9981.167
7991.5  10158.32
7994.1  10124.42
7996.7  9904.45
7999.3  8494.229
8001.9  8453.297
8004.5  9424.484
8007.1  9913.046
8009.7  10094.95
8012.3  9980.45
8014.9  9936.287
8017.5  9805.196
8020.1  9704.14
8022.7  10106.78
8025.3  9651.45
8027.9  9729.499
8030.5  9997.317
8033.1  9129.893
8035.7  9396.318
8038.3  9901.812
8040.9  10060.07
8043.5  9475.336
8046.1  9340.293
8048.7  9566.343
8051.3  9574.365
8053.9  9414.564
8056.5  9864.199
8059.1  9813.795
8061.7  9304.354
8064.3  9603.654
8066.9  9895.229
8069.5  9335.64
8072.1  9521.692
8074.7  9844.932
8077.3  9377.512
8079.9  9609.83
8082.5  9591.916
8085.1  9518.138
8087.7  9424.95
8090.3  9345.051
8092.9  9372.916
8095.5  9444.379
8098.1  9421.296
8100.7  9343.25
8103.3  9511.032
8105.9  9346.2
8108.5  9244.924
8111.1  9402.233
8113.7  9306.193
8116.3  9326.934
8118.9  9220.688
8121.5  9143.908
8124.1  9006.522
8126.7  9031.677
8129.3  9209.971
8131.9  8962.415
8134.5  9102.119
8137.1  9066.935
8139.7  8777.271
8142.3  9036.918
8144.9  8981.62
8147.5  8872.585
8150.1  8646.452
8152.7  8407.456
8155.3  8739.421
8157.9  8945.515
8160.5  8650.683
8163.1  8575.506
8165.7  8616.754
8168.3  8351.398
8170.9  8569.067
8173.5  8783.976
8176.1  8643.242
8178.7  8536.012
8181.3  8444.564
8183.9  8490.75
8186.5  8602.808
8189.1  8732.15
8191.7  8583.208
8194.3  8274.535
8196.9  8322.106
8199.5  8511.832
8202.1  8462.423
8204.7  8430.394
8207.3  8886.937
8209.9  9039.061
8212.5  8938.569
8215.1  8727.67
8217.7  8806.502
8220.3  8791.788
8222.9  8400.629
8225.5  8240.177
8228.1  8264.84
8230.7  7946.223
8233.3  7963.992
8235.9  8326.558
8238.5  8636.5
8241.1  8434.921
8243.7  8783.474
8246.3  8690.065
8248.9  8524.112
8251.5  8501.025
8254.1  8813.486
8256.7  8765.17
8259.3  8378.585
8261.9  8759.347
8264.5  8920.475
8267.1  8580.887
8269.7  8887.219
8272.3  8525.313
8274.9  8209.609
8277.5  8389.904
8280.1  8218.949
8282.7  8355.12
8285.3  8973.972
8287.9  8214.791
8290.5  8005.372
8293.1  8550.607
8295.7  8376.397
8298.3  8106.824
8300.9  8207.299
8303.5  8518.714
8306.1  8019.151
8308.7  8026.609
8311.3  8259.133
8313.9  8508.222
8316.5  8305.021
8319.1  8110.399
8321.7  8298.851
8324.3  8371.817
8326.9  8231.016
8329.5  8109.064
8332.1  8196.622
8334.7  6560.313
8337.3  6412.67
8339.9  7576.2
8342.5  8079.354
8345.1  7882.443
8347.7  8884.762
8350.3  8681.611
8352.9  7336.433
8355.5  8356.393
8358.1  8297.656
8360.7  8193.017
8363.3  8106.222
8365.9  8047.454
8368.5  8213.055
8371.1  7984.832
8373.7  7774.292
8376.3  8047.325
8378.9  8321.048
8381.5  8431.234
8384.1  7984.48
8386.7  8382.471
8389.3  7798.341
8391.9  6653.892
8394.5  8031.071
8397.1  8532.744
8399.7  8584.162
8402.3  8849.218
8404.9  8890.647
8407.5  7006.975
8410.1  7980.6
8412.7  8417.797
8415.3  7747.195
8417.9  8288.19
8420.5  7926.93
8423.1  5817.861
8425.7  7219.016
8428.3  7923.791
8430.9  7948.006
8433.5  8854.245
8436.1  8798.707
8438.7  7691.862
8441.3  7635.739
8443.9  7241.836
8446.5  7492.193
8449.1  8243.365
8451.7  7797.781
8454.3  8257.405
8456.9  7255.511
8459.5  7377.874
8462.1  8252.689
8464.7  7849.493
8467.3  8252.813
8469.9  8263.805
8472.5  6539.663
8475.1  7182.175
8477.7  8231.529
8480.3  8175.774
8482.9  8253.06
8485.5  8214.662
8488.1  8540.05
8490.7  8134.969
8493.3  8051.77
8495.9  7672.275
8498.5  7671.603
8501.1  8140.939
8503.7  7604.125
8506.3  8073.737
8508.9  8060.187
8511.5  7162.021
8514.1  7340.742
8516.7  8324.631
8519.3  8412.46
8521.9  8169.847
8524.5  8228.175
8527.1  8074.215
8529.7  8091.089
8532.3  8013.341
8534.9  8069.983
8537.5  7671.88
8540.1  7351.715
8542.7  7216.428
8545.3  7123.847
8547.9  6999.399
8550.5  7341.287
8553.1  7515.233
8555.7  7175.032
8558.3  7770.163
8560.9  7917.781
8563.5  7765.02
8566.1  7765.681
8568.7  7776.966
8571.3  8154.687
8573.9  8064.398
8576.5  7759.048
8579.1  7838.913
8581.7  7594.966
8584.3  7806.081
8586.9  7448.546
8589.5  7469.418
8592.1  7505.659
8594.7  7372.435
8597.3  7042.67
8599.9  6639.395
8602.5  7120.226
8605.1  7224.163
8607.7  7186.009
8610.3  7567.258
8612.9  7344.742
8615.5  7696.741
8618.1  7740.344
8620.7  7652.641
8623.3  7687.263
8625.9  7955.267
8628.5  7930.513
8631.1  7664.129
8633.7  7757.373
8636.3  7298.414
8638.9  7205.438
8641.5  7383.376
8644.1  7437.81
8646.7  7459.647
8649.3  7208.076
8651.9  7388.875
8654.5  7404.683
8657.1  6862.613
8659.7  6362.436
8662.3  5936.606
8664.9  6070.702
8667.5  6045.428
8670.1  6348.322
8672.7  6663.047
8675.3  6657.496
8677.9  6783.44
8680.5  6997.881
8683.1  7334.917
8685.7  7496.62
8688.3  7294.437
8690.9  7576.831
8693.5  7871.781
8696.1  7774.987
8698.7  7867.405
8701.3  7883.833
8703.9  8015.895
8706.5  7796.285
8709.1  7759.713
8711.7  7831.972
8714.3  7634.75
8716.9  7718.389
8719.5  7494.437
8722.1  7536.711
8724.7  7371.84
8727.3  7637.82
8729.9  7335.032
8732.5  7351.551
8735.1  7274.354
8737.7  7077.989
8740.3  7149.96
8742.9  6805.708
8745.5  6603.999
8748.1  6362.205
8750.7  5842.481
8753.3  5076.832
8755.9  5821.064
8758.5  6176.548
8761.1  6006.251
8763.7  7838.579
8766.3  7079.582
8768.9  5969.749
8771.5  7564.7
8774.1  8130.373
8776.7  6681.165
8779.3  7789.351
8781.9  7959.305
8784.5  7158.049
8787.1  7205.831
8789.7  7553.543
8792.3  7717.051
8794.9  8239.1
8797.5  7754.146
8800.1  7663.215
8802.7  7505.663
8805.3  7602.061
8807.9  7615.135
8810.5  7572.163
8813.1  7806.369
8815.7  6823.295
8818.3  3084.134
8820.9  2533.942
8823.5  6937.507
8826.1  7011.942
8828.7  7323.415
8831.3  9487.518
8833.9  8291.646
8836.5  6847.837
8839.1  7427.81
8841.7  7873.587
8844.3  6782.048
8846.9  6896.158
8849.5  6553.43
8852.1  6633.037
8854.7  6443.629
8857.3  5586.358
8859.9  4605.835
8862.5  4965.475
8865.1  5145.169
8867.7  5236.949
8870.3  6107.29
8872.9  6629.147
8875.5  5509.76
8878.1  4230.155
8880.7  4689.361
8883.3  6437.465
8885.9  6691.344
8888.5  7697.653
8891.1  7816.913
8893.7  6757.229
8896.3  5402.809
8898.9  6766.382
8901.5  7315.51
8904.1  7153.453
8906.7  7347.732
8909.3  6846.41
8911.9  5546.559
8914.5  5566.884
8917.1  6787.861
8919.7  6947.537
8922.3  7435.816
8924.9  7624.6
8927.5  6673.649
8930.1  6609.157
8932.7  6904.181
8935.3  6199.265
8937.9  6508.834
8940.5  7185.289
8943.1  7187.327
8945.7  7215.952
8948.3  7045.811
8950.9  5866.742
8953.5  6491.855
8956.1  6787.104
8958.7  6618.48
8961.3  7036.809
8963.9  6932.156
8966.5  6469.698
8969.1  6454.055
8971.7  6631.589
8974.3  6462.14
8976.9  6418.016
8979.5  6112.057
8982.1  6118.037
8984.7  6098.129
8987.3  6428.978
8989.9  5744.223
8992.5  5279.845
8995.1  5165.979
8997.7  5364.949
9000.3  5465.964
9002.9  5394.108
9005.5  5368.572
9008.1  5013.453
9010.7  4659.435
9013.3  4562.641
9015.9  4336.826
9018.5  4310.512
9021.1  4469.439
9023.7  4782.292
9026.3  5034.942
9028.9  5117.02
9031.5  5423.552
9034.1  5931.188
9036.7  6055.85
9039.3  5948.182
9041.9  5994.353
9044.5  5973.648
9047.1  5986.5
9049.7  6186.033
9052.3  6375.655
9054.9  6205.817
9057.5  6011.972
9060.1  6146.149
9062.7  5844.504
9065.3  5795.12
9067.9  5821.72
9070.5  5841.458
9073.1  5841.933
9075.7  5823.195
9078.3  5652.437
9080.9  5722.842
9083.5  5646.66
9086.1  5480.63
9088.7  5571.79
9091.3  5792.937
9093.9  5698.419
9096.5  5459.708
9099.1  5685.61
9101.7  5834.198
9104.3  5870.137
9106.9  5822.957
9109.5  5754.097
9112.1  5835.596
9114.7  5914.157
9117.3  5921.464
9119.9  5727.259
9122.5  5664.626
9125.1  5744.722
9127.7  5667.334
9130.3  5639.004
9132.9  5714.223
9135.5  5409.149
9138.1  5421.466
9140.7  5595.917
9143.3  5538.922
9145.9  5587.649
9148.5  5776.556
9151.1  5720.986
9153.7  5379.092
9156.3  5287.933
9158.9  5251.667
9161.5  5364.021
9164.1  5493.486
9166.7  5564.379
9169.3  5762.377
9171.9  5723.766
9174.5  5485.36
9177.1  5247.832
9179.7  5116.37
9182.3  5181.665
9184.9  5425.248
9187.5  5316.352
9190.1  5320.466
9192.7  5195.398
9195.3  5136.119
9197.9  5067.515
9200.5  4791.833
9203.1  4808.036
9205.7  4881.653
9208.3  4781.268
9210.9  4788.701
9213.5  4590.939
9216.1  4278.659
9218.7  4032.213
9221.3  3980.213
9223.9  3932.601
9226.5  3748.372
9229.1  3618.678
9231.7  3543.519
9234.3  3763.108
9236.9  3876.671
9239.5  4165.356
9242.1  4223.43
9244.7  4078.343
9247.3  4235.562
9249.9  4294.612
9252.5  4467.206
9255.1  4635.595
9257.7  4562.029
9260.3  4677.829
9262.9  4543.764
9265.5  4427.615
9268.1  4694.766
9270.7  4885.606
9273.3  4802.707
9275.9  4850.739
9278.5  4736.997
9281.1  4865.878
9283.7  4618.799
9286.3  4518.414
9288.9  4518.841
9291.5  4765.093
9294.1  4706.25
9296.7  4711.392
9299.3  4338.417
9301.9  4131.937
9304.5  3946.93
9307.1  2867.808
9309.7  4640.525
9312.3  4929.81
9314.9  3950.043
9317.5  4601.493
9320.1  4639.782
9322.7  3572.177
9325.3  3778.181
9327.9  4450.695
9330.5  3758.577
9333.1  3480.902
9335.7  3653.35
9338.3  3169.169
9340.9  3174.761
9343.5  3198.316
9346.1  2807.802
9348.7  2788.066
9351.3  3150.189
9353.9  3572.923
9356.5  3382.438
9359.1  3023.858
9361.7  3027.424
9364.3  3150.143
9366.9  2957.015
9369.5  2723.085
9372.1  3171.349
9374.7  3011.709
9377.3  3416.507
9379.9  3303.848
9382.5  3168.036
9385.1  3091.69
9387.7  3430.294
9390.3  3322.731
9392.9  3675.544
9395.5  3868.334
9398.1  3788.588
9400.7  3894.231
9403.3  3631.634
9405.9  3637.395
9408.5  3545.088
9411.1  3247.88
9413.7  3248.214
9416.3  3393.156
9418.9  3526.795
9421.5  3642.82
9424.1  3694.907
9426.7  3641.575
9429.3  3063.074
9431.9  2423.546
9434.5  2545.532
9437.1  2967.657
9439.7  3007.436
9442.3  2944.835
9444.9  3095.064
9447.5  3121.639
9450.1  3202.135
9452.7  3348.648
9455.3  3249.108
9457.9  3270.64
9460.5  3223.12
9463.1  2936.826
9465.7  2962.084
9468.3  3002.703
9470.9  2586.575
9473.5  2845.654
9476.1  3092.368
9478.7  3168.179
9481.3  3555.002
9483.9  3227.897
9486.5  2895.053
9489.1  3125.2
9491.7  3358.643
9494.3  3038.514
9496.9  2558.52
9499.5  2496.723
9502.1  2411.569
9504.7  2363.86
9507.3  2977.303
9509.9  3259.71
9512.5  2886.462
9515.1  2828.699
9517.7  2896.467
9520.3  2517.257
9522.9  2682.169
9525.5  2653.11
9528.1  2470.865
9530.7  2610.443
9533.3  2724.481
9535.9  2505.778
9538.5  2414.729
9541.1  2219.56
9543.7  1989.636
9546.3  1841.59
9548.9  1874.952
9551.5  2106.595
9554.1  2269.499
9556.7  2289.847
9559.3  2401.444
9561.9  2247.793
9564.5  2622.531
9567.1  2407.977
9569.7  2519.899
9572.3  2837.796
9574.9  2895.239
9577.5  2651.69
9580.1  2703.478
9582.7  2658.899
9585.3  2660.604
9587.9  2812.082
9590.5  2742.069
9593.1  2678.385
9595.7  2634.301
9598.3  2508.357
9600.9  2485.133
9603.5  2745.392
9606.1  2706.725
9608.7  3057.752
9611.3  2941.303
9613.9  2915.792
9616.5  2985.457
9619.1  2916.673
9621.7  2863.71
9624.3  2970.692
9626.9  2801.309
9629.5  2725.826
9632.1  2923.097
9634.7  2988.016
9637.3  2985.555
9639.9  2713.673
9642.5  2616.891
9645.1  2801.621
9647.7  3047.978
9650.3  3065.012
9652.9  2925.857
9655.5  2918.628
9658.1  2747.644
9660.7  2669.858
9663.3  2885.54
9665.9  2705.97
9668.5  2710.572
9671.1  2920.872
9673.7  2955.135
9676.3  3063.116
9678.9  3199.383
9681.5  3104.083
9684.1  2936.906
9686.7  2948.84
9689.3  2885.064
9691.9  3013.426
9694.5  3048.572
9697.1  3206.441
9699.7  3171.585
9702.3  2800.025
9704.9  2850.673
9707.5  2904.129
9710.1  2744.314
9712.7  2721.204
9715.3  2776.198
9717.9  2984.472
9720.5  2622.042
9723.1  2702.158
9725.7  3069.03
9728.3  3066.365
9730.9  2855.762
9733.5  2807.974
9736.1  2832.85
9738.7  2738.066
9741.3  2605.37
9743.9  2766.919
9746.5  2759.959
9749.1  2774.281
9751.7  2721.073
9754.3  2758.486
9756.9  2672.057
9759.5  2544.281
9762.1  2531.281
9764.7  2562.342
9767.3  2563.031
9769.9  2655.677
9772.5  2708.39
9775.1  2913.971
9777.7  2674.25
9780.3  2671.51
9782.9  2552.673
9785.5  2622.425
9788.1  2974.026
9790.7  2598.473
9793.3  2802.104
9795.9  2036.378
9798.5  1109.393
9801.1  1885.751
9803.7  2440.97
9806.3  2648.351
9808.9  2775.579
9811.5  2538.21
9814.1  2574.151
9816.7  2681.461
9819.3  2459.15
9821.9  2473.183
9824.5  2623.16
9827.1  2475.204
9829.7  2577.228
9832.3  2654.843
9834.9  2447.852
9837.5  2449.781
9840.1  2451.672
9842.7  2389.33
9845.3  2331.995
9847.9  2304.444
9850.5  2561.103
9853.1  2584.925
9855.7  2261.553
9858.3  2438.114
9860.9  2297.465
9863.5  2389.586
9866.1  2599.673
9868.7  2283.858
9871.3  2503.874
9873.9  2668.513
9876.5  2376.007
9879.1  1926.635
9881.7  1878.325
9884.3  2156.91
9886.9  2197.142
9889.5  2147.674
9892.1  2323.778
9894.7  2222.706
9897.3  2112.238
9899.9  2140.115
9902.5  1973.615
9905.1  1894.363
9907.7  2293.006
9910.3  2293.222
9912.9  2406.254
9915.5  2382.049
9918.1  2300.678
9920.7  2026.751
9923.3  1764.597
9925.9  2029.375
9928.5  2087.473
9931.1  2059.319
9933.7  2045.057
9936.3  2000.696
9938.9  2157.677
9941.5  2528.328
9944.1  2245.796
9946.7  2100.055
9949.3  1875.32
9951.9  1742.258
9954.5  1919.905
9957.1  1939.367
9959.7  2101.615
9962.3  1707.203
9964.9  1273.179
9967.5  1599.743
9970.1  1456.319
9972.7  1914.183
9975.3  2044.713
9977.9  1846.723
9980.5  1784.935
9983.1  1939.058
9985.7  1919.538
9988.3  1929.875
9990.9  1878.886
9993.5  1841.211
9996.1  1709.836
9998.7  2147.025
