3501.3  38.49738
3503.9  -19.30009
3506.5  -28.94199
3509.1  26.20203
3511.7  90.92638
3514.3  41.54203
3516.9  -3.409318
3519.5  62.06097
3522.1  2.047487
3524.7  -6.089793
3527.3  -9.083298
3529.9  21.2273
3532.5  7.473413
3535.1  33.50301
3537.7  22.01927
3540.3  5.983489
3542.9  28.08071
3545.5  24.33062
3548.1  4.857046
3550.7  40.84548
3553.3  -41.26663
3555.9  15.3683
3558.5  10.73202
3561.1  11.28727
3563.7  -4.07163
3566.3  34.64328
3568.9  -6.007604
3571.5  -7.970931
3574.1  -6.307744
3576.7  16.56896
3579.3  -13.95955
3581.9  -28.45133
3584.5  -11.57874
3587.1  -25.99353
3589.7  30.02203
3592.3  16.56776
3594.9  8.350229
3597.5  -20.82774
3600.1  -37.51343
3602.7  -4.622435
3605.3  25.9032
3607.9  -8.368319
3610.5  -6.31806
3613.1  4.81644
3615.7  18.13241
3618.3  25.9894
3620.9  -14.44118
3623.5  -6.776136
3626.1  18.52485
3628.7  -2.636537
3631.3  -11.92032
3633.9  -10.54677
3636.5  -54.61269
3639.1  -4.665136
3641.7  -4.052948
3644.3  -21.64524
3646.9  -22.36012
3649.5  -17.85738
3652.1  18.21752
3654.7  -26.99739
3657.3  24.36913
3659.9  4.576102
3662.5  0.7818304
3665.1  4.870113
3667.7  6.411417
3670.3  33.45398
3672.9  30.7947
3675.5  16.75727
3678.1  46.75855
3680.7  31.04743
3683.3  -19.10564
3685.9  -17.58054
3688.5  38.39145
3691.1  25.81709
3693.7  -26.20299
3696.3  32.57068
3698.9  2.044881
3701.5  -9.380692
3704.1  -47.70063
3706.7  -35.44821
3709.3  5.22735
3711.9  -37.14
3714.5  -22.92196
3717.1  15.37046
3719.7  23.80552
3722.3  5.035017
3724.9  -1.204896
3727.5  25.54478
3730.1  28.51017
3732.7  23.8774
3735.3  18.7166
3737.9  -21.8385
3740.5  0.7019287
3743.1  29.59045
3745.7  6.893836
3748.3  -17.06485
3750.9  -10.02353
3753.5  15.93083
3756.1  -44.37794
3758.7  -25.67587
3761.3  6.810862
3763.9  -0.2004682
3766.5  26.39908
3769.1  -24.32575
3771.7  19.7483
3774.3  -17.26121
3776.9  -10.74304
3779.5  22.34102
3782.1  13.44252
3784.7  -18.77967
3787.3  -4.460174
3789.9  -20.27935
3792.5  -1.219225
3795.1  -26.0934
3797.7  41.95511
3800.3  -15.23996
3802.9  13.20734
3805.5  -13.88746
3808.1  -3.342366
3810.7  -1.255933
3813.3  -29.93694
3815.9  60.40777
3818.5  2.296968
3821.1  -4.697158
3823.7  6.684886
3826.3  -6.644555
3828.9  2.551982
3831.5  -29.31154
3834.1  -25.40725
3836.7  41.97564
3839.3  -7.771992
3841.9  -10.37965
3844.5  4.745284
3847.1  27.0118
3849.7  -19.84073
3852.3  20.36071
3854.9  -12.03777
3857.5  43.7832
3860.1  38.90375
3862.7  -11.31615
3865.3  -3.110592
3867.9  -13.3481
3870.5  7.34787
3873.1  2.218225
3875.7  3.142332
3878.3  10.44637
3880.9  20.20737
3883.5  -0.9253025
3886.1  -0.4342364
3888.7  -2.798116
3891.3  -4.011835
3893.9  43.08842
3896.5  1.142731
3899.1  -2.770112
3901.7  -10.968
3904.3  19.86922
3906.9  -24.69719
3909.5  -26.10402
3912.1  -3.560148
3914.7  -19.42122
3917.3  -0.8980492
3919.9  7.432088
3922.5  6.37992
3925.1  -3.243999
3927.7  30.7407
3930.3  48.62421
3932.9  6.783742
3935.5  32.67716
3938.1  37.10786
3940.7  -11.12791
3943.3  -20.95246
3945.9  -10.79087
3948.5  -14.17584
3951.1  22.58913
3953.7  -14.81545
3956.3  -8.547873
3958.9  -6.350602
3961.5  31.76838
3964.1  -17.42861
3966.7  -29.40086
3969.3  8.640256
3971.9  28.0993
3974.5  6.988103
3977.1  28.05672
3979.7  18.76206
3982.3  5.14221
3984.9  2.192812
3987.5  -11.01335
3990.1  -3.908534
3992.7  -27.40298
3995.3  25.72184
3997.9  27.79263
4000.5  35.10659
4003.1  20.42358
4005.7  -26.61516
4008.3  40.57463
4010.9  26.59433
4013.5  7.932153
4016.1  76.66785
4018.7  51.84909
4021.3  11.25863
4023.9  53.31363
4026.5  -13.13329
4029.1  -1.064128
4031.7  -18.71904
4034.3  -18.05833
4036.9  32.24875
4039.5  59.63707
4042.1  31.40597
4044.7  27.73008
4047.3  20.73835
4049.9  18.65172
4052.5  -17.58073
4055.1  48.88868
4057.7  -1.106388
4060.3  -30.20518
4062.9  18.17449
4065.5  16.15147
4068.1  -45.47692
4070.7  -33.20584
4073.3  27.85684
4075.9  -19.10865
4078.5  37.55226
4081.1  -7.958309
4083.7  28.21083
4086.3  -29.57227
4088.9  15.35197
4091.5  37.62865
4094.1  -4.680536
4096.7  -24.07399
4099.3  9.056232
4101.9  -7.133579
4104.5  -6.564429
4107.1  4.90944
4109.7  -9.151812
4112.3  10.77667
4114.9  -24.324
4117.5  -20.02562
4120.1  -7.935104
4122.7  -14.83887
4125.3  19.31777
4127.9  43.81103
4130.5  5.630941
4133.1  31.2865
4135.7  22.54396
4138.3  4.639042
4140.9  -3.672475
4143.5  -4.088814
4146.1  27.23505
4148.7  -33.96731
4151.3  -20.04586
4153.9  16.91866
4156.5  9.95552
4159.1  -28.23182
4161.7  17.86801
4164.3  4.105371
4166.9  -28.65782
4169.5  10.52362
4172.1  -13.65711
4174.7  10.87214
4177.3  5.472702
4179.9  -21.63568
4182.5  6.094241
4185.1  23.9906
4187.7  31.13596
4190.3  -2.965633
4192.9  31.26416
4195.5  -32.17019
4198.1  -7.054286
4200.7  21.87194
4203.3  -6.565769
4205.9  -4.536498
4208.5  9.707568
4211.1  15.44185
4213.7  -11.97051
4216.3  -2.573719
4218.9  83.44317
4221.5  5.332613
4224.1  -10.52013
4226.7  9.598301
4229.3  44.32252
4231.9  -4.748548
4234.5  7.894727
4237.1  -40.38521
4239.7  -8.484837
4242.3  51.6265
4244.9  -14.9862
4247.5  -17.51426
4250.1  16.13612
4252.7  38.79269
4255.3  -16.15687
4257.9  11.25622
4260.5  22.02674
4263.1  -1.223815
4265.7  13.63589
4268.3  36.30145
4270.9  -41.55729
4273.5  -28.20634
4276.1  -21.92217
4278.7  -22.41348
4281.3  -49.40437
4283.9  -3.508977
4286.5  0.8034254
4289.1  -21.61623
4291.7  -54.19277
4294.3  19.6843
4296.9  3.038613
4299.5  -15.35946
4302.1  -31.07409
4304.7  7.562045
4307.3  15.78578
4309.9  16.81142
4312.5  -16.70695
4315.1  11.80973
4317.7  23.66366
4320.3  20.30513
4322.9  2.211555
4325.5  -5.108164
4328.1  -47.92896
4330.7  0.696937
4333.3  17.24877
4335.9  27.20793
4338.5  44.31287
4341.1  54.09333
4343.7  39.19173
4346.3  21.07979
4348.9  8.938518
4351.5  -30.07557
4354.1  35.5139
4356.7  33.26099
4359.3  -50.60808
4361.9  -37.86763
4364.5  -14.674
4367.1  12.01847
4369.7  -32.52582
4372.3  -19.58549
4374.9  -6.649967
4377.5  12.41697
4380.1  23.43103
4382.7  32.45564
4385.3  18.60588
4387.9  22.19637
4390.5  29.36158
4393.1  3.279053
4395.7  55.82872
4398.3  34.83166
4400.9  22.12623
4403.5  44.39458
4406.1  -29.31309
4408.7  -13.00889
4411.3  -8.322639
4413.9  -21.79651
4416.5  -1.035702
4419.1  18.43808
4421.7  -10.87403
4424.3  -10.73009
4426.9  20.55563
4429.5  1.873193
4432.1  10.31538
4434.7  20.48979
4437.3  -7.056857
4439.9  -23.17533
4442.5  53.51708
4445.1  64.31125
4447.7  68.68369
4450.3  1.746971
4452.9  -31.87743
4455.5  -1.088537
4458.1  -20.86996
4460.7  2.92813
4463.3  -30.82438
4465.9  -34.06839
4468.5  26.77734
4471.1  26.48969
4473.7  23.9478
4476.3  66.03153
4478.9  -19.84053
4481.5  14.93227
4484.1  -9.125049
4486.7  32.08434
4489.3  23.21639
4491.9  -1.702721
4494.5  40.06361
4497.1  1.641176
4499.7  -9.374512
4502.3  -23.59328
4504.9  27.47608
4507.5  -3.646609
4510.1  3.089991
4512.7  14.79737
4515.3  3.831094
4517.9  32.0289
4520.5  6.672054
4523.1  18.4815
4525.7  -30.93535
4528.3  42.45333
4530.9  16.25533
4533.5  -17.01862
4536.1  -12.72784
4538.7  -17.37
4541.3  16.37559
4543.9  25.83125
4546.5  10.5758
4549.1  -17.2361
4551.7  -43.43589
4554.3  -49.4587
4556.9  -8.304673
4559.5  4.54517
4562.1  -30.4655
4564.7  -24.22512
4567.3  11.53939
4569.9  -11.27824
4572.5  22.10318
4575.1  40.66433
4577.7  23.01711
4580.3  -1.303632
4582.9  -31.60977
4585.5  6.283798
4588.1  8.160036
4590.7  51.43225
4593.3  -10.6052
4595.9  38.3896
4598.5  14.26313
4601.1  55.98308
4603.7  -37.26403
4606.3  -1.018102
4608.9  81.18465
4611.5  -20.50482
4614.1  32.78415
4616.7  9.041046
4619.3  -22.629
4621.9  24.27929
4624.5  3.422517
4627.1  26.34907
4629.7  37.7787
4632.3  7.010732
4634.9  10.48814
4637.5  -8.26967
4640.1  -13.54971
4642.7  -28.64145
4645.3  -26.74498
4647.9  -19.13057
4650.5  -19.87892
4653.1  21.21414
4655.7  20.517
4658.3  20.04832
4660.9  -11.6411
4663.5  -60.54278
4666.1  -22.47281
4668.7  1.82007
4671.3  -9.764045
4673.9  2.837445
4676.5  -8.559277
4679.1  64.15759
4681.7  40.93966
4684.3  -4.100082
4686.9  -5.062655
4689.5  12.7261
4692.1  -3.32204
4694.7  -27.05131
4697.3  31.91281
4699.9  -11.83409
4702.5  36.01053
4705.1  17.65746
4707.7  45.51122
4710.3  28.33633
4712.9  -26.94984
4715.5  32.87431
4718.1  73.6262
4720.7  43.38057
4723.3  84.59907
4725.9  78.24442
4728.5  101.8767
4731.1  84.34444
4733.7  141.1378
4736.3  98.15408
4738.9  67.27924
4741.5  139.5376
4744.1  120.0246
4746.7  95.95927
4749.3  118.7479
4751.9  185.8619
4754.5  256.0197
4757.1  198.8373
4759.7  117.712
4762.3  201.1241
4764.9  306.5053
4767.5  346.5444
4770.1  287.5507
4772.7  358.8647
4775.3  469.7003
4777.9  427.403
4780.5  558.5772
4783.1  489.3381
4785.7  519.0547
4788.3  574.6186
4790.9  483.4051
4793.5  509.0769
4796.1  632.1023
4798.7  548.1742
4801.3  483.4112
4803.9  522.8336
4806.5  686.2789
4809.1  770.8789
4811.7  700.1823
4814.3  703.1026
4816.9  774.942
4819.5  814.787
4822.1  859.5053
4824.7  879.9938
4827.3  951.8612
4829.9  952.9863
4832.5  950.866
4835.1  1004.311
4837.7  1035.594
4840.3  1036.497
4842.9  1064.562
4845.5  1151.546
4848.1  1119.164
4850.7  849.4303
4853.3  937.5562
4855.9  850.388
4858.5  556.8955
4861.1  658.0385
4863.7  696.715
4866.3  1001.882
4868.9  1168.234
4871.5  1431.391
4874.1  1206.962
4876.7  1437.424
4879.3  1520.055
4881.9  1679.035
4884.5  1578.47
4887.1  1939.912
4889.7  2023.004
4892.3  2144.127
4894.9  1877.559
4897.5  2003.295
4900.1  1986.758
4902.7  2087.541
4905.3  2528.409
4907.9  2820.994
4910.5  2711.906
4913.1  2470.84
4915.7  2528.517
4918.3  2703.583
4920.9  3139.532
4923.5  2996.343
4926.1  2721.398
4928.7  3283.494
4931.3  3414.647
4933.9  3123.41
4936.5  3169.727
4939.1  3148.548
4941.7  3659.885
4944.3  3782.889
4946.9  3215.453
4949.5  3590.036
4952.1  3962.163
4954.7  3265.923
4957.3  3727.757
4959.9  3496.259
4962.5  3738.619
4965.1  3878.664
4967.7  3702.061
4970.3  3586.441
4972.9  3850.451
4975.5  3762.502
4978.1  3643.014
4980.7  3776.344
4983.3  4099.146
4985.9  4303.138
4988.5  4366.771
4991.1  4373.761
4993.7  4300.81
4996.3  4581.926
4998.9  4788.586
5001.5  4929.065
5004.1  4625.324
5006.7  4460.662
5009.3  4751.654
5011.9  4877.331
5014.5  4432.337
5017.1  5092.921
5019.7  5165.829
5022.3  5238.447
5024.9  4868.841
5027.5  5182.52
5030.1  4924.494
5032.7  4917.808
5035.3  5316.528
5037.9  4646.706
5040.5  4787.249
5043.1  5147.879
5045.7  4779.864
5048.3  4637.379
5050.9  5076.18
5053.5  4853.862
5056.1  5032.686
5058.7  5149.609
5061.3  5138.424
5063.9  5314.424
5066.5  5043.5
5069.1  5617.173
5071.7  6186.357
5074.3  5436.982
5076.9  5995.886
5079.5  5928.632
5082.1  6195.944
5084.7  6182.132
5087.3  5851.175
5089.9  5865.727
5092.5  6231.524
5095.1  6567.061
5097.7  6338.527
5100.3  6089.124
5102.9  5767.9
5105.5  5918.813
5108.1  6260.905
5110.7  6530.928
5113.3  6375.655
5115.9  6710.702
5118.5  6718.408
5121.1  6178.396
5123.7  6731.494
5126.3  6309.507
5128.9  6390.272
5131.5  6154.512
5134.1  6073.989
5136.7  6002.623
5139.3  6391.651
5141.9  6441.357
5144.5  6286.765
5147.1  6758.545
5149.7  6442.075
5152.3  6555.117
5154.9  6891.349
5157.5  6829.897
5160.1  6767.718
5162.7  6496.687
5165.3  6679.338
5167.9  6981.057
5170.5  6588.598
5173.1  6841.055
5175.7  6911.228
5178.3  7172.724
5180.9  7432.893
5183.5  7137.435
5186.1  7325.263
5188.7  7414.755
5191.3  7325.812
5193.9  7655.582
5196.5  6939.049
5199.1  7223.049
5201.7  7592.588
5204.3  7356.262
5206.9  7036.833
5209.5  7599.152
5212.1  7423.372
5214.7  7317.113
5217.3  7585.238
5219.9  7580.149
5222.5  7566.782
5225.1  7123.042
5227.7  7324.85
5230.3  7501.549
5232.9  7376.091
5235.5  7160.799
5238.1  8204.689
5240.7  7722.26
5243.3  7426.541
5245.9  7731.542
5248.5  7888.175
5251.1  8106.704
5253.7  8291.85
5256.3  8282.614
5258.9  8530.84
5261.5  8316.024
5264.1  8241.045
5266.7  8068.886
5269.3  8304.927
5271.9  7759.221
5274.5  8030.775
5277.1  7982.432
5279.7  8276.369
5282.3  8446.887
5284.9  8229.698
5287.5  8535.595
5290.1  8424.799
5292.7  8682.865
5295.3  8390.192
5297.9  8300.614
5300.5  8304.789
5303.1  8024.484
5305.7  8463.899
5308.3  8189.774
5310.9  7916.522
5313.5  8118.728
5316.1  7766.312
5318.7  8034.562
5321.3  8400.429
5323.9  8238.923
5326.5  8260.286
5329.1  8431.962
5331.7  8188.969
5334.3  8380.958
5336.9  8319.859
5339.5  8871.614
5342.1  8187.555
5344.7  8257.669
5347.3  8975.774
5349.9  9222.87
5352.5  8700.169
5355.1  9055.886
5357.7  9220.915
5360.3  9202.973
5362.9  9077.536
5365.5  9510.424
5368.1  9136.622
5370.7  8968.973
5373.3  9339.248
5375.9  9224.33
5378.5  9060.254
5381.1  9343.634
5383.7  9450.268
5386.3  9038.614
5388.9  9694.661
5391.5  9618.582
5394.1  9155.864
5396.7  9125.96
5399.3  9333.211
5401.9  9210.133
5404.5  9609.097
5407.1  9490.493
5409.7  9271.946
5412.3  9488.965
5414.9  9272.442
5417.5  9461.883
5420.1  9635.054
5422.7  9298.931
5425.3  9849.846
5427.9  10102.38
5430.5  9618.906
5433.1  9917.995
5435.7  9866.882
5438.3  10291.02
5440.9  10023.01
5443.5  10299.95
5446.1  10064.09
5448.7  9821.204
5451.3  10121.25
5453.9  9826.621
5456.5  10053.61
5459.1  9980.34
5461.7  9927.489
5464.3  10133.29
5466.9  10106.37
5469.5  9677.565
5472.1  9968.21
5474.7  9786.179
5477.3  9310.358
5479.9  9366.013
5482.5  9281.84
5485.1  9091.516
5487.7  9164.909
5490.3  9466.402
5492.9  8922.272
5495.5  9206.596
5498.1  9323.13
5500.7  8623.245
5503.3  8869.31
5505.9  9049.443
5508.5  8568.341
5511.1  8886.396
5513.7  9355.537
5516.3  9253.474
5518.9  9640.702
5521.5  9091.455
5524.1  9452.481
5526.7  9761.669
5529.3  9515.576
5531.9  9808.215
5534.5  10414.95
5537.1  10059.11
5539.7  10301.17
5542.3  10169.96
5544.9  11083.28
5547.5  10405.76
5550.1  11165.54
5552.7  11107.64
5555.3  11086.44
5557.9  11290.48
5560.5  11699.08
5563.1  11289.82
5565.7  10944.98
5568.3  11006.37
5570.9  15232.92
5573.5  17368.52
5576.1  12502.41
5578.7  13545.03
5581.3  13463.24
5583.9  11021.96
5586.5  9595.349
5589.1  11053.31
5591.7  11371.07
5594.3  11272.26
5596.9  11324.35
5599.5  11547.82
5602.1  10911.54
5604.7  11119.84
5607.3  11059.18
5609.9  10875.64
5612.5  10950.05
5615.1  10977.46
5617.7  11181.95
5620.3  11279.29
5622.9  11532.36
5625.5  11037.44
5628.1  11212.17
5630.7  10999.08
5633.3  11656.66
5635.9  11869.57
5638.5  11842.41
5641.1  11498.09
5643.7  11455.69
5646.3  12262.79
5648.9  11690.82
5651.5  12274.52
5654.1  12110.29
5656.7  12250.39
5659.3  11570.92
5661.9  12317.46
5664.5  11939.37
5667.1  12049.52
5669.7  11710.37
5672.3  11908.06
5674.9  12199.34
5677.5  12290.65
5680.1  12179.05
5682.7  12104.41
5685.3  12256.03
5687.9  11856.97
5690.5  11953.71
5693.1  12376.31
5695.7  12047.42
5698.3  12062.04
5700.9  12168.85
5703.5  12238.32
5706.1  11655.94
5708.7  11969.88
5711.3  12048.71
5713.9  11902.75
5716.5  11582.96
5719.1  12009.6
5721.7  12142.45
5724.3  12519.08
5726.9  12487.53
5729.5  12453.33
5732.1  12523.92
5734.7  11870.42
5737.3  12421.88
5739.9  12258.42
5742.5  12116.12
5745.1  11820.18
5747.7  12063.12
5750.3  11491.53
5752.9  12021.19
5755.5  12079.64
5758.1  11845.69
5760.7  11620.11
5763.3  11471.04
5765.9  11755.92
5768.5  11775.61
5771.1  11231.51
5773.7  10594.25
5776.3  10998.75
5778.9  10635.63
5781.5  10520.92
5784.1  9684.985
5786.7  9950.527
5789.3  9977.887
5791.9  9949.807
5794.5  9446.146
5797.1  9443.994
5799.7  8929.614
5802.3  9037.508
5804.9  9503.856
5807.5  9552.334
5810.1  8953.661
5812.7  8859.333
5815.3  9080.866
5817.9  9267.492
5820.5  9342.319
5823.1  8947.62
5825.7  9003.943
5828.3  9231.046
5830.9  8993.912
5833.5  8898.181
5836.1  9284.973
5838.7  9281.044
5841.3  9469.524
5843.9  9760.563
5846.5  9425.034
5849.1  9359.559
5851.7  9995.449
5854.3  10128.29
5856.9  10091.38
5859.5  10380.09
5862.1  10582.7
5864.7  10557.41
5867.3  10890.36
5869.9  11166.13
5872.5  11618.26
5875.1  11407.73
5877.7  11521.79
5880.3  11586.49
5882.9  11596.86
5885.5  12294.07
5888.1  12157.43
5890.7  11942.36
5893.3  10793.01
5895.9  10482.31
5898.5  10352.02
5901.1  10522.96
5903.7  10949.77
5906.3  11599.99
5908.9  11481.55
5911.5  11497.38
5914.1  11431.41
5916.7  11512.42
5919.3  11724.46
5921.9  11167.21
5924.5  11160.38
5927.1  11074.
5929.7  10872.62
5932.3  10705.03
5934.9  10786.27
5937.5  10426.58
5940.1  10599.3
5942.7  10829.1
5945.3  10932.98
5947.9  10373.59
5950.5  10252.16
5953.1  10001.63
5955.7  10220.89
5958.3  9912.197
5960.9  9851.664
5963.5  10331.81
5966.1  10288.01
5968.7  10247.
5971.3  10316.8
5973.9  10658.48
5976.5  10536.33
5979.1  10677.26
5981.7  10341.57
5984.3  10874.62
5986.9  10961.54
5989.5  11013.74
5992.1  11291.81
5994.7  11688.55
5997.3  11801.95
5999.9  12093.54
6002.5  11954.58
6005.1  12478.29
6007.7  12973.36
6010.3  12757.61
6012.9  12302.72
6015.5  12825.12
6018.1  13363.04
6020.7  13650.62
6023.3  13710.45
6025.9  14044.1
6028.5  14406.07
6031.1  14081.44
6033.7  14285.05
6036.3  14395.28
6038.9  14739.39
6041.5  14369.72
6044.1  14258.6
6046.7  14552.97
6049.3  14537.27
6051.9  14719.63
6054.5  14739.17
6057.1  14834.12
6059.7  14767.89
6062.3  14948.16
6064.9  14717.12
6067.5  14369.02
6070.1  14905.85
6072.7  15174.8
6075.3  14681.14
6077.9  14702.17
6080.5  14629.26
6083.1  14771.25
6085.7  14816.48
6088.3  14736.42
6090.9  14987.95
6093.5  14602.09
6096.1  14118.31
6098.7  14854.67
6101.3  14972.84
6103.9  15182.07
6106.5  14072.78
6109.1  14517.72
6111.7  14671.21
6114.3  14839.68
6116.9  14274.6
6119.5  14799.65
6122.1  14931.91
6124.7  14991.83
6127.3  14897.53
6129.9  14928.22
6132.5  15022.33
6135.1  15295.24
6137.7  14859.
6140.3  14796.91
6142.9  14979.98
6145.5  15531.2
6148.1  15167.05
6150.7  15022.71
6153.3  14786.74
6155.9  14716.38
6158.5  15013.93
6161.1  14796.77
6163.7  14522.95
6166.3  15112.8
6168.9  14601.88
6171.5  15034.68
6174.1  14878.4
6176.7  14654.95
6179.3  14280.08
6181.9  14816.25
6184.5  14876.61
6187.1  15222.67
6189.7  15138.73
6192.3  14591.54
6194.9  15182.03
6197.5  14925.27
6200.1  14537.59
6202.7  14825.01
6205.3  15406.24
6207.9  15177.8
6210.5  14815.35
6213.1  15275.11
6215.7  14854.05
6218.3  14904.02
6220.9  15373.97
6223.5  15443.02
6226.1  14929.94
6228.7  15109.35
6231.3  15342.25
6233.9  15227.72
6236.5  14965.96
6239.1  15074.95
6241.7  15418.77
6244.3  15328.56
6246.9  15310.76
6249.5  15255.74
6252.1  15583.93
6254.7  15582.92
6257.3  15730.75
6259.9  15731.47
6262.5  15133.64
6265.1  15179.52
6267.7  15755.13
6270.3  15932.1
6272.9  15695.75
6275.5  15001.51
6278.1  14804.48
6280.7  14590.15
6283.3  14367.81
6285.9  13495.39
6288.5  13753.2
6291.1  14388.64
6293.7  14736.93
6296.3  15230.35
6298.9  15151.47
6301.5  14988.45
6304.1  14717.79
6306.7  14321.42
6309.3  14436.76
6311.9  14783.15
6314.5  14053.59
6317.1  14247.63
6319.7  14423.59
6322.3  14649.94
6324.9  14559.63
6327.5  14709.11
6330.1  14846.44
6332.7  14768.67
6335.3  14663.57
6337.9  14435.82
6340.5  14759.14
6343.1  14551.83
6345.7  14538.61
6348.3  14650.93
6350.9  14929.49
6353.5  14961.53
6356.1  15023.99
6358.7  14859.96
6361.3  14761.32
6363.9  14688.59
6366.5  14933.06
6369.1  15002.49
6371.7  14904.57
6374.3  15329.06
6376.9  15307.2
6379.5  15386.54
6382.1  15850.35
6384.7  15347.14
6387.3  15832.44
6389.9  15829.13
6392.5  15711.01
6395.1  15943.45
6397.7  16129.22
6400.3  15959.57
6402.9  16343.01
6405.5  16546.44
6408.1  16003.41
6410.7  15965.62
6413.3  15910.59
6415.9  16187.68
6418.5  16035.62
6421.1  16041.75
6423.7  15798.41
6426.3  16279.61
6428.9  16175.87
6431.5  16280.
6434.1  16196.52
6436.7  15852.09
6439.3  16158.25
6441.9  15813.15
6444.5  15806.21
6447.1  16133.22
6449.7  16218.46
6452.3  15472.48
6454.9  15668.47
6457.5  15980.36
6460.1  15502.41
6462.7  15633.93
6465.3  16105.54
6467.9  15658.88
6470.5  15612.63
6473.1  15904.59
6475.7  16107.42
6478.3  15767.53
6480.9  15574.98
6483.5  16179.51
6486.1  15971.95
6488.7  15511.33
6491.3  15485.
6493.9  15804.14
6496.5  15160.73
6499.1  15521.51
6501.7  15852.45
6504.3  16658.4
6506.9  16299.71
6509.5  15854.59
6512.1  15909.36
6514.7  15934.95
6517.3  15769.34
6519.9  15586.81
6522.5  15510.76
6525.1  15667.74
6527.7  15939.65
6530.3  16053.87
6532.9  15354.24
6535.5  15426.73
6538.1  15272.62
6540.7  14817.6
6543.3  14556.39
6545.9  14653.59
6548.5  14579.66
6551.1  13998.3
6553.7  13526.7
6556.3  12677.1
6558.9  12009.66
6561.5  10744.91
6564.1  10590.73
6566.7  10438.64
6569.3  11286.45
6571.9  12523.33
6574.5  13495.99
6577.1  13974.7
6579.7  14701.82
6582.3  14825.81
6584.9  15048.96
6587.5  15403.47
6590.1  15535.31
6592.7  15795.24
6595.3  15802.11
6597.9  16113.79
6600.5  16317.36
6603.1  16340.78
6605.7  16575.23
6608.3  16372.45
6610.9  16356.07
6613.5  16553.68
6616.1  16520.3
6618.7  16561.73
6621.3  16635.82
6623.9  16877.67
6626.5  17650.99
6629.1  16577.5
6631.7  17015.76
6634.3  16383.42
6636.9  16673.32
6639.5  16971.49
6642.1  17228.86
6644.7  17214.21
6647.3  16974.53
6649.9  17265.34
6652.5  17354.93
6655.1  17097.58
6657.7  17076.15
6660.3  16848.65
6662.9  17089.29
6665.5  17204.82
6668.1  17269.82
6670.7  17000.93
6673.3  17390.33
6675.9  17568.01
6678.5  17063.56
6681.1  17319.23
6683.7  17621.93
6686.3  17833.06
6688.9  17029.31
6691.5  17346.32
6694.1  17178.96
6696.7  17336.43
6699.3  17253.95
6701.9  17473.99
6704.5  17131.69
6707.1  17295.92
6709.7  17713.21
6712.3  17523.91
6714.9  17420.87
6717.5  17310.3
6720.1  17008.45
6722.7  17622.59
6725.3  17214.55
6727.9  17349.65
6730.5  17668.57
6733.1  17388.07
6735.7  17269.81
6738.3  17521.29
6740.9  17401.69
6743.5  17170.45
6746.1  17116.04
6748.7  17326.02
6751.3  17142.5
6753.9  16937.71
6756.5  17745.75
6759.1  17945.75
6761.7  17855.22
6764.3  17986.02
6766.9  17661.75
6769.5  17328.98
6772.1  18033.47
6774.7  17774.68
6777.3  17349.39
6779.9  17604.57
6782.5  17473.27
6785.1  17825.24
6787.7  17602.6
6790.3  17578.74
6792.9  17726.84
6795.5  17417.83
6798.1  17479.62
6800.7  17744.97
6803.3  17683.62
6805.9  17599.16
6808.5  17688.98
6811.1  17550.33
6813.7  17704.58
6816.3  17624.88
6818.9  17890.04
6821.5  18003.35
6824.1  17810.61
6826.7  17972.54
6829.3  17776.27
6831.9  17942.07
6834.5  17745.46
6837.1  17673.52
6839.7  17737.
6842.3  17676.4
6844.9  17352.36
6847.5  17268.67
6850.1  18044.33
6852.7  17915.05
6855.3  17635.77
6857.9  17398.9
6860.5  17898.42
6863.1  17089.56
6865.7  17260.99
6868.3  15968.28
6870.9  14595.5
6873.5  13502.3
6876.1  13647.56
6878.7  14673.86
6881.3  15886.52
6883.9  16080.76
6886.5  16398.32
6889.1  15998.01
6891.7  15781.3
6894.3  15654.01
6896.9  15667.31
6899.5  16005.18
6902.1  16258.17
6904.7  16262.25
6907.3  16168.9
6909.9  16540.21
6912.5  16584.43
6915.1  16640.85
6917.7  16874.65
6920.3  16959.34
6922.9  16837.55
6925.5  16861.14
6928.1  17189.54
6930.7  17458.53
6933.3  17358.18
6935.9  17323.5
6938.5  16998.37
6941.1  17258.09
6943.7  17319.01
6946.3  17199.95
6948.9  17318.58
6951.5  17278.13
6954.1  17354.69
6956.7  17625.83
6959.3  17676.14
6961.9  17192.61
6964.5  17663.24
6967.1  17813.57
6969.7  17727.4
6972.3  17665.22
6974.9  17662.83
6977.5  17755.79
6980.1  18013.32
6982.7  17695.77
6985.3  17423.97
6987.9  17951.92
6990.5  18326.99
6993.1  17631.85
6995.7  17314.01
6998.3  17492.05
7000.9  17481.82
7003.5  17605.25
7006.1  17823.84
7008.7  17657.41
7011.3  17710.83
7013.9  17487.5
7016.5  17818.45
7019.1  18294.36
7021.7  17768.12
7024.3  17540.31
7026.9  17572.31
7029.5  17757.89
7032.1  17512.71
7034.7  17522.62
7037.3  17698.14
7039.9  18065.
7042.5  17710.06
7045.1  17974.21
7047.7  17667.52
7050.3  17394.61
7052.9  17988.5
7055.5  17686.04
7058.1  17839.05
7060.7  17328.34
7063.3  17793.62
7065.9  18154.9
7068.5  17747.85
7071.1  17748.71
7073.7  17549.69
7076.3  17597.56
7078.9  17485.11
7081.5  17440.72
7084.1  17864.42
7086.7  17833.17
7089.3  17277.05
7091.9  17404.01
7094.5  17439.65
7097.1  17721.62
7099.7  17749.13
7102.3  17759.92
7104.9  17316.23
7107.5  17168.95
7110.1  17376.55
7112.7  17375.11
7115.3  17335.31
7117.9  17219.2
7120.5  17369.99
7123.1  16993.47
7125.7  17393.04
7128.3  17716.98
7130.9  17234.91
7133.5  17446.98
7136.1  17561.22
7138.7  17526.08
7141.3  17594.11
7143.9  17716.12
7146.5  17265.12
7149.1  17361.87
7151.7  17419.21
7154.3  17513.85
7156.9  17779.02
7159.5  17449.79
7162.1  17502.87
7164.7  17503.74
7167.3  16991.19
7169.9  17130.53
7172.5  16838.59
7175.1  16758.63
7177.7  16563.24
7180.3  16500.79
7182.9  16528.04
7185.5  16543.85
7188.1  16167.48
7190.7  15794.4
7193.3  16278.72
7195.9  16669.8
7198.5  16359.1
7201.1  16560.34
7203.7  16419.81
7206.3  16318.91
7208.9  16456.18
7211.5  16491.
7214.1  17004.31
7216.7  17193.73
7219.3  17115.47
7221.9  17067.67
7224.5  16876.09
7227.1  16821.14
7229.7  16904.09
7232.3  16847.29
7234.9  16799.98
7237.5  16594.07
7240.1  17242.67
7242.7  17706.62
7245.3  16806.35
7247.9  16483.
7250.5  17179.88
7253.1  16898.26
7255.7  16872.8
7258.3  16643.96
7260.9  16738.79
7263.5  16664.52
7266.1  16882.05
7268.7  16642.06
7271.3  17156.17
7273.9  16728.06
7276.5  16966.14
7279.1  16981.77
7281.7  16981.43
7284.3  17221.88
7286.9  16660.16
7289.5  16753.68
7292.1  16676.22
7294.7  16671.42
7297.3  16531.88
7299.9  17015.17
7302.5  17090.88
7305.1  16733.28
7307.7  16500.41
7310.3  16300.43
7312.9  16853.94
7315.5  17008.84
7318.1  16920.66
7320.7  16952.77
7323.3  16887.16
7325.9  17003.55
7328.5  17131.12
7331.1  16955.34
7333.7  16950.99
7336.3  17266.98
7338.9  17457.7
7341.5  17172.56
7344.1  17589.01
7346.7  17496.2
7349.3  16768.62
7351.9  16394.77
7354.5  16765.05
7357.1  16942.1
7359.7  16168.31
7362.3  16543.71
7364.9  16742.47
7367.5  17076.54
7370.1  16909.62
7372.7  17195.02
7375.3  16922.67
7377.9  16624.55
7380.5  16779.83
7383.1  16511.77
7385.7  16463.75
7388.3  16856.39
7390.9  16753.84
7393.5  16106.66
7396.1  16585.68
7398.7  17015.92
7401.3  16939.
7403.9  16717.17
7406.5  16882.34
7409.1  16557.88
7411.7  16699.15
7414.3  16744.97
7416.9  16309.63
7419.5  16573.45
7422.1  16639.89
7424.7  16517.12
7427.3  16517.21
7429.9  16609.55
7432.5  16321.62
7435.1  16524.2
7437.7  16725.05
7440.3  16338.78
7442.9  16492.64
7445.5  16305.35
7448.1  16284.27
7450.7  16526.48
7453.3  16493.52
7455.9  16510.68
7458.5  16706.52
7461.1  16439.04
7463.7  16276.47
7466.3  16375.65
7468.9  16439.27
7471.5  16400.26
7474.1  16339.5
7476.7  16865.41
7479.3  16540.42
7481.9  16263.87
7484.5  16429.52
7487.1  16736.97
7489.7  16610.12
7492.3  16477.81
7494.9  16188.69
7497.5  16269.69
7500.1  16466.24
7502.7  16167.93
7505.3  16392.25
7507.9  16429.54
7510.5  16369.09
7513.1  16189.78
7515.7  16184.63
7518.3  16165.78
7520.9  16630.73
7523.5  16606.44
7526.1  16498.01
7528.7  16761.33
7531.3  16641.5
7533.9  16378.03
7536.5  16296.81
7539.1  16521.82
7541.7  16149.11
7544.3  16155.25
7546.9  16337.61
7549.5  16278.98
7552.1  16172.2
7554.7  15911.96
7557.3  16168.04
7559.9  16282.66
7562.5  15921.84
7565.1  15789.39
7567.7  15704.34
7570.3  15837.05
7572.9  15803.78
7575.5  16312.21
7578.1  16037.26
7580.7  15794.16
7583.3  15635.35
7585.9  15888.16
7588.5  15417.69
7591.1  14916.22
7593.7  13937.81
7596.3  12028.41
7598.9  9171.938
7601.5  6862.186
7604.1  5782.148
7606.7  5416.357
7609.3  5201.453
7611.9  5769.022
7614.5  7644.436
7617.1  9248.267
7619.7  10783.2
7622.3  11556.08
7624.9  10787.4
7627.5  9351.812
7630.1  8849.031
7632.7  8711.472
7635.3  9061.838
7637.9  9321.456
7640.5  9539.904
7643.1  10064.33
7645.7  10400.21
7648.3  10802.81
7650.9  11503.17
7653.5  11546.92
7656.1  12057.03
7658.7  12441.32
7661.3  12868.55
7663.9  12834.89
7666.5  12866.98
7669.1  13576.99
7671.7  14055.41
7674.3  13958.47
7676.9  14108.64
7679.5  14539.99
7682.1  14541.2
7684.7  15040.64
7687.3  14927.18
7689.9  15035.37
7692.5  14723.98
7695.1  14571.9
7697.7  14633.67
7700.3  14916.66
7702.9  14925.98
7705.5  14505.94
7708.1  14132.13
7710.7  15414.4
7713.3  15096.58
7715.9  15171.12
7718.5  15901.73
7721.1  15832.66
7723.7  15315.97
7726.3  15173.71
7728.9  15188.62
7731.5  15156.58
7734.1  15243.89
7736.7  15175.69
7739.3  15202.96
7741.9  14614.06
7744.5  15080.08
7747.1  15482.99
7749.7  15271.99
7752.3  15139.71
7754.9  15892.15
7757.5  15180.58
7760.1  15382.72
7762.7  14902.24
7765.3  15220.43
7767.9  15022.77
7770.5  14561.43
7773.1  14149.43
7775.7  14313.16
7778.3  14163.8
7780.9  14583.76
7783.5  14896.05
7786.1  15116.53
7788.7  15317.89
7791.3  15299.17
7793.9  14940.5
7796.5  14894.82
7799.1  15325.95
7801.7  15506.26
7804.3  14890.71
7806.9  14819.02
7809.5  15305.07
7812.1  15252.52
7814.7  15321.97
7817.3  15548.8
7819.9  15141.32
7822.5  14928.03
7825.1  15294.18
7827.7  15423.4
7830.3  15010.63
7832.9  14701.21
7835.5  14722.6
7838.1  14969.96
7840.7  14828.26
7843.3  15177.48
7845.9  14999.95
7848.5  15031.94
7851.1  15170.13
7853.7  15026.14
7856.3  15284.69
7858.9  15651.49
7861.5  14775.29
7864.1  14808.38
7866.7  15250.89
7869.3  14797.95
7871.9  15029.09
7874.5  15093.59
7877.1  14781.48
7879.7  14700.53
7882.3  14644.19
7884.9  14843.3
7887.5  14914.64
7890.1  14621.93
7892.7  15008.54
7895.3  14788.84
7897.9  14258.48
7900.5  14239.35
7903.1  14704.11
7905.7  14261.59
7908.3  14425.51
7910.9  15556.31
7913.5  14509.7
7916.1  15048.05
7918.7  16103.78
7921.3  14928.64
7923.9  14326.07
7926.5  14441.24
7929.1  14487.79
7931.7  14595.99
7934.3  14413.48
7936.9  14821.68
7939.5  14331.93
7942.1  14347.99
7944.7  14733.12
7947.3  13737.41
7949.9  14001.6
7952.5  14372.44
7955.1  14725.85
7957.7  13897.01
7960.3  14425.05
7962.9  14458.54
7965.5  14217.53
7968.1  14751.64
7970.7  14738.13
7973.3  14091.95
7975.9  13919.48
7978.5  14499.
7981.1  14814.18
7983.7  14479.98
7986.3  14091.5
7988.9  14470.94
7991.5  14713.55
7994.1  14625.82
7996.7  14581.92
7999.3  14739.17
8001.9  14617.71
8004.5  13848.57
8007.1  14158.02
8009.7  14089.83
8012.3  14252.11
8014.9  14391.34
8017.5  14308.11
8020.1  14217.98
8022.7  14732.78
8025.3  14464.71
8027.9  14283.91
8030.5  14845.
8033.1  14252.73
8035.7  14029.37
8038.3  14218.74
8040.9  14172.34
8043.5  13819.9
8046.1  13527.76
8048.7  13818.06
8051.3  13905.87
8053.9  13935.4
8056.5  14163.68
8059.1  14336.85
8061.7  13883.51
8064.3  14052.71
8066.9  14389.37
8069.5  13942.05
8072.1  13922.14
8074.7  14091.95
8077.3  13897.89
8079.9  14046.32
8082.5  13637.81
8085.1  13623.17
8087.7  13778.97
8090.3  13860.29
8092.9  13758.65
8095.5  13797.45
8098.1  13611.31
8100.7  13505.08
8103.3  13890.25
8105.9  13593.5
8108.5  13646.32
8111.1  13727.43
8113.7  13592.39
8116.3  13763.04
8118.9  13546.29
8121.5  13568.17
8124.1  13316.66
8126.7  13333.71
8129.3  13530.25
8131.9  13195.48
8134.5  13271.84
8137.1  13125.07
8139.7  12995.92
8142.3  13266.16
8144.9  13169.72
8147.5  12816.2
8150.1  12677.67
8152.7  12495.16
8155.3  12890.43
8157.9  12946.88
8160.5  12564.65
8163.1  12641.25
8165.7  12704.51
8168.3  12363.67
8170.9  12530.18
8173.5  12611.94
8176.1  12639.34
8178.7  12557.75
8181.3  12397.49
8183.9  12526.43
8186.5  12592.08
8189.1  12574.58
8191.7  12411.14
8194.3  12105.75
8196.9  12284.68
8199.5  12547.79
8202.1  12490.55
8204.7  12586.05
8207.3  13018.31
8209.9  13247.68
8212.5  13180.35
8215.1  12887.93
8217.7  12923.14
8220.3  12908.37
8222.9  12471.75
8225.5  12318.74
8228.1  12131.13
8230.7  11776.83
8233.3  11817.57
8235.9  12391.34
8238.5  12906.33
8241.1  12633.84
8243.7  13232.06
8246.3  13117.7
8248.9  12805.14
8251.5  12800.69
8254.1  13129.33
8256.7  13044.71
8259.3  12739.93
8261.9  13109.14
8264.5  13139.22
8267.1  12648.92
8269.7  13196.6
8272.3  12817.02
8274.9  12618.46
8277.5  12917.58
8280.1  12840.19
8282.7  12618.36
8285.3  13186.24
8287.9  12882.14
8290.5  12949.57
8293.1  12819.18
8295.7  13071.01
8298.3  12653.47
8300.9  12546.04
8303.5  13374.28
8306.1  12721.22
8308.7  12261.34
8311.3  12485.91
8313.9  12741.03
8316.5  12392.48
8319.1  12207.94
8321.7  12400.62
8324.3  12430.66
8326.9  12280.58
8329.5  12499.87
8332.1  12416.73
8334.7  11834.81
8337.3  11320.05
8339.9  11958.84
8342.5  12794.27
8345.1  12850.36
8347.7  13146.35
8350.3  13725.53
8352.9  13342.04
8355.5  12961.93
8358.1  12507.12
8360.7  12832.63
8363.3  12582.78
8365.9  12254.89
8368.5  12670.93
8371.1  12402.02
8373.7  12344.71
8376.3  12432.15
8378.9  12487.75
8381.5  12654.6
8384.1  12283.44
8386.7  12691.37
8389.3  12374.75
8391.9  12343.74
8394.5  12606.69
8397.1  13141.8
8399.7  13406.46
8402.3  13021.14
8404.9  13588.22
8407.5  12706.87
8410.1  12317.24
8412.7  12486.4
8415.3  11975.48
8417.9  12572.59
8420.5  12549.18
8423.1  12347.78
8425.7  12486.51
8428.3  11887.73
8430.9  12052.36
8433.5  12437.9
8436.1  12747.49
8438.7  12852.72
8441.3  12154.77
8443.9  12005.6
8446.5  11983.58
8449.1  12061.46
8451.7  12033.25
8454.3  12889.96
8456.9  12313.31
8459.5  12478.69
8462.1  12613.93
8464.7  12684.81
8467.3  12592.7
8469.9  13116.9
8472.5  12816.58
8475.1  12428.86
8477.7  12585.89
8480.3  12455.35
8482.9  12468.56
8485.5  12470.15
8488.1  12629.67
8490.7  12188.3
8493.3  12087.9
8495.9  11969.5
8498.5  11779.28
8501.1  12109.46
8503.7  11869.97
8506.3  12278.1
8508.9  12525.78
8511.5  12576.68
8514.1  12373.2
8516.7  12634.02
8519.3  12685.87
8521.9  12342.93
8524.5  12340.22
8527.1  12466.56
8529.7  12479.45
8532.3  11996.08
8534.9  11850.25
8537.5  11689.99
8540.1  11061.77
8542.7  10472.22
8545.3  10805.93
8547.9  10908.1
8550.5  11313.54
8553.1  11707.13
8555.7  11740.11
8558.3  12165.77
8560.9  12129.31
8563.5  11929.11
8566.1  11958.36
8568.7  11840.85
8571.3  12060.71
8573.9  12143.27
8576.5  12042.89
8579.1  12034.12
8581.7  11812.52
8584.3  11756.23
8586.9  11615.97
8589.5  11176.33
8592.1  11223.57
8594.7  11486.13
8597.3  11325.52
8599.9  10768.58
8602.5  11229.23
8605.1  11358.93
8607.7  11473.67
8610.3  11573.96
8612.9  11598.76
8615.5  11987.57
8618.1  12012.78
8620.7  12035.41
8623.3  11693.9
8625.9  12027.56
8628.5  12065.02
8631.1  11980.94
8633.7  12460.49
8636.3  12214.68
8638.9  12169.93
8641.5  12230.76
8644.1  11743.71
8646.7  11483.18
8649.3  11082.82
8651.9  11476.57
8654.5  11504.21
8657.1  10843.88
8659.7  10243.87
8662.3  10129.13
8664.9  10088.69
8667.5  9757.662
8670.1  10369.03
8672.7  11053.75
8675.3  10989.61
8677.9  11041.96
8680.5  11307.
8683.1  11558.31
8685.7  11847.47
8688.3  11630.82
8690.9  12121.46
8693.5  12164.47
8696.1  11957.72
8698.7  12118.59
8701.3  12006.49
8703.9  12265.3
8706.5  12263.37
8709.1  12129.92
8711.7  12415.61
8714.3  12082.72
8716.9  12096.36
8719.5  11874.11
8722.1  11803.34
8724.7  11533.94
8727.3  11894.61
8729.9  11741.83
8732.5  11662.34
8735.1  11631.55
8737.7  11202.7
8740.3  11256.82
8742.9  10720.05
8745.5  10453.83
8748.1  10240.12
8750.7  9931.97
8753.3  9315.896
8755.9  10014.47
8758.5  10529.71
8761.1  10735.29
8763.7  12226.51
8766.3  12230.83
8768.9  12080.46
8771.5  12361.83
8774.1  12802.69
8776.7  12402.13
8779.3  12737.35
8781.9  12670.21
8784.5  12780.49
8787.1  12430.2
8789.7  12119.82
8792.3  11945.25
8794.9  12344.71
8797.5  12143.
8800.1  12049.31
8802.7  11866.74
8805.3  11906.41
8807.9  11659.82
8810.5  11802.77
8813.1  12257.72
8815.7  12295.1
8818.3  11550.35
8820.9  11308.41
8823.5  12816.95
8826.1  12501.07
8828.7  12972.95
8831.3  13900.27
8833.9  13459.24
8836.5  12113.95
8839.1  11771.04
8841.7  11840.59
8844.3  11175.71
8846.9  11156.55
8849.5  10611.34
8852.1  10372.38
8854.7  10053.84
8857.3  9558.205
8859.9  9059.221
8862.5  9007.849
8865.1  8915.397
8867.7  9102.325
8870.3  9437.091
8872.9  10458.28
8875.5  9766.207
8878.1  9502.269
8880.7  9750.526
8883.3  10756.24
8885.9  11583.12
8888.5  11530.31
8891.1  12425.23
8893.7  11767.68
8896.3  10766.76
8898.9  11289.94
8901.5  11604.2
8904.1  11390.32
8906.7  11504.43
8909.3  11391.5
8911.9  11042.74
8914.5  10360.59
8917.1  10887.09
8919.7  11646.43
8922.3  11401.05
8924.9  12331.77
8927.5  11995.71
8930.1  10876.69
8932.7  11116.86
8935.3  10957.9
8937.9  10801.21
8940.5  11494.1
8943.1  11537.87
8945.7  11530.16
8948.3  11233.09
8950.9  10813.13
8953.5  10962.17
8956.1  11380.71
8958.7  11146.43
8961.3  11301.62
8963.9  11468.88
8966.5  10983.69
8969.1  10360.62
8971.7  10327.79
8974.3  10362.09
8976.9  10318.57
8979.5  10152.06
8982.1  10049.29
8984.7  10124.28
8987.3  10128.71
8989.9  9440.131
8992.5  9231.853
8995.1  9107.422
8997.7  8817.587
9000.3  9069.253
9002.9  8877.088
9005.5  9019.265
9008.1  8627.606
9010.7  7859.324
9013.3  7559.625
9015.9  7341.735
9018.5  7189.391
9021.1  7544.748
9023.7  7925.716
9026.3  8231.818
9028.9  8367.526
9031.5  8817.834
9034.1  9603.415
9036.7  9680.035
9039.3  9577.048
9041.9  9831.4
9044.5  9845.415
9047.1  9940.016
9049.7  9779.879
9052.3  9941.028
9054.9  9998.875
9057.5  9598.598
9060.1  9585.768
9062.7  9259.275
9065.3  9315.513
9067.9  9338.994
9070.5  9525.214
9073.1  9356.617
9075.7  9228.751
9078.3  8937.758
9080.9  9066.304
9083.5  9001.936
9086.1  9014.9
9088.7  9082.027
9091.3  9102.803
9093.9  9179.51
9096.5  9011.943
9099.1  9105.495
9101.7  9281.48
9104.3  9379.414
9106.9  9204.472
9109.5  9138.662
9112.1  9246.939
9114.7  9225.524
9117.3  9251.259
9119.9  9166.615
9122.5  8952.877
9125.1  9158.149
9127.7  9192.149
9130.3  9103.178
9132.9  8897.621
9135.5  8553.605
9138.1  8731.442
9140.7  8870.038
9143.3  8853.24
9145.9  8917.757
9148.5  9108.673
9151.1  9057.737
9153.7  8612.585
9156.3  8300.867
9158.9  8490.307
9161.5  8755.09
9164.1  8833.534
9166.7  8970.783
9169.3  8914.533
9171.9  8904.122
9174.5  8706.116
9177.1  8263.144
9179.7  8233.736
9182.3  8431.907
9184.9  8565.616
9187.5  8364.558
9190.1  8529.163
9192.7  8423.1
9195.3  8215.973
9197.9  8109.601
9200.5  7958.421
9203.1  8078.009
9205.7  8002.912
9208.3  7783.198
9210.9  7780.396
9213.5  7529.556
9216.1  7203.007
9218.7  6893.377
9221.3  6781.836
9223.9  6598.043
9226.5  6543.186
9229.1  6324.407
9231.7  6146.168
9234.3  6441.699
9236.9  6550.943
9239.5  6834.755
9242.1  7038.586
9244.7  6895.453
9247.3  7086.415
9249.9  7341.682
9252.5  7540.6
9255.1  7712.414
9257.7  7560.688
9260.3  7627.019
9262.9  7469.202
9265.5  7428.63
9268.1  7721.115
9270.7  8115.933
9273.3  8027.827
9275.9  7951.188
9278.5  7874.873
9281.1  7814.281
9283.7  7516.68
9286.3  7524.296
9288.9  7635.358
9291.5  7622.67
9294.1  7596.083
9296.7  7682.116
9299.3  7359.708
9301.9  7279.659
9304.5  7195.883
9307.1  6858.064
9309.7  7771.916
9312.3  7843.856
9314.9  7157.833
9317.5  7502.604
9320.1  6664.816
9322.7  6137.015
9325.3  6392.
9327.9  6446.217
9330.5  5931.59
9333.1  6073.187
9335.7  5808.49
9338.3  5518.832
9340.9  5143.9
9343.5  5246.439
9346.1  4902.031
9348.7  4977.179
9351.3  5375.028
9353.9  5802.644
9356.5  5564.07
9359.1  5066.628
9361.7  5232.015
9364.3  5443.851
9366.9  5619.429
9369.5  5948.494
9372.1  5996.941
9374.7  5894.456
9377.3  6096.792
9379.9  6148.137
9382.5  5962.569
9385.1  5735.286
9387.7  5846.046
9390.3  5877.685
9392.9  6197.218
9395.5  6501.746
9398.1  6529.108
9400.7  6553.999
9403.3  6234.765
9405.9  6049.209
9408.5  5929.825
9411.1  5784.203
9413.7  5927.144
9416.3  6122.438
9418.9  5986.695
9421.5  6078.886
9424.1  6017.213
9426.7  5892.053
9429.3  5528.22
9431.9  4846.306
9434.5  5269.536
9437.1  5766.817
9439.7  5580.837
9442.3  5534.524
9444.9  5489.05
9447.5  5442.521
9450.1  5540.786
9452.7  5990.567
9455.3  5972.673
9457.9  5791.738
9460.5  5629.178
9463.1  5234.958
9465.7  5144.934
9468.3  5379.486
9470.9  5510.463
9473.5  5798.852
9476.1  5773.58
9478.7  5687.587
9481.3  5769.75
9483.9  5438.642
9486.5  5131.356
9489.1  5293.553
9491.7  5524.747
9494.3  5313.356
9496.9  4879.539
9499.5  4867.291
9502.1  4677.985
9504.7  4682.966
9507.3  5173.637
9509.9  5442.521
9512.5  5403.649
9515.1  5544.852
9517.7  5174.812
9520.3  4543.87
9522.9  4391.916
9525.5  4497.416
9528.1  4328.822
9530.7  4534.104
9533.3  4612.635
9535.9  4431.821
9538.5  4144.482
9541.1  3942.923
9543.7  3831.262
9546.3  3790.718
9548.9  3813.884
9551.5  4161.401
9554.1  4254.352
9556.7  4257.075
9559.3  4248.153
9561.9  4266.946
9564.5  4720.858
9567.1  4441.104
9569.7  4470.337
9572.3  4721.554
9574.9  4910.541
9577.5  4809.131
9580.1  4861.542
9582.7  4597.271
9585.3  4636.497
9587.9  4790.396
9590.5  4483.348
9593.1  4617.188
9595.7  4652.538
9598.3  4457.886
9600.9  4668.556
9603.5  4652.883
9606.1  4975.988
9608.7  5061.008
9611.3  4928.455
9613.9  5009.512
9616.5  5191.177
9619.1  4880.775
9621.7  4864.908
9624.3  4895.645
9626.9  4667.896
9629.5  4636.398
9632.1  4914.529
9634.7  4757.752
9637.3  4850.026
9639.9  4613.34
9642.5  4539.783
9645.1  4729.811
9647.7  4893.824
9650.3  4922.586
9652.9  4864.379
9655.5  4839.06
9658.1  4709.397
9660.7  4608.902
9663.3  4907.855
9665.9  4790.883
9668.5  4809.115
9671.1  5054.932
9673.7  5063.326
9676.3  5271.563
9678.9  5308.661
9681.5  5160.166
9684.1  4922.697
9686.7  4868.01
9689.3  5122.976
9691.9  5293.458
9694.5  5121.512
9697.1  5352.549
9699.7  5140.282
9702.3  4799.142
9704.9  4792.632
9707.5  4665.463
9710.1  4771.788
9712.7  4823.55
9715.3  4841.882
9717.9  5085.721
9720.5  4725.838
9723.1  4633.989
9725.7  4736.459
9728.3  4711.701
9730.9  4780.27
9733.5  4626.678
9736.1  4396.037
9738.7  4505.813
9741.3  4400.416
9743.9  4450.227
9746.5  4438.895
9749.1  4344.985
9751.7  4276.773
9754.3  4323.077
9756.9  4286.518
9759.5  4198.604
9762.1  4097.354
9764.7  4085.326
9767.3  4061.017
9769.9  4229.33
9772.5  4258.906
9775.1  4490.072
9777.7  4362.858
9780.3  4347.619
9782.9  4205.91
9785.5  4375.567
9788.1  4461.421
9790.7  4046.867
9793.3  4397.42
9795.9  4092.563
9798.5  3608.325
9801.1  4032.189
9803.7  4164.211
9806.3  4279.585
9808.9  4318.131
9811.5  4326.869
9814.1  4112.35
9816.7  4048.302
9819.3  3861.507
9821.9  3944.384
9824.5  4043.111
9827.1  3882.194
9829.7  4043.99
9832.3  4105.076
9834.9  3948.098
9837.5  4056.855
9840.1  4055.273
9842.7  4070.824
9845.3  3778.682
9847.9  3649.258
9850.5  3700.398
9853.1  3709.783
9855.7  3516.453
9858.3  3885.749
9860.9  3877.551
9863.5  3961.911
9866.1  4441.984
9868.7  4123.775
9871.3  4019.766
9873.9  4047.071
9876.5  3936.958
9879.1  3126.515
9881.7  3089.978
9884.3  3529.008
9886.9  3757.145
9889.5  3755.365
9892.1  3838.41
9894.7  3609.245
9897.3  3413.093
9899.9  3385.123
9902.5  3189.515
9905.1  3300.212
9907.7  3708.947
9910.3  4095.016
9912.9  3901.925
9915.5  3682.231
9918.1  3557.928
9920.7  3217.008
9923.3  3066.619
9925.9  3282.764
9928.5  3294.21
9931.1  3288.468
9933.7  3243.594
9936.3  3278.866
9938.9  3671.93
9941.5  4329.173
9944.1  3848.799
9946.7  3581.066
9949.3  3419.244
9951.9  3162.37
9954.5  3630.684
9957.1  3593.953
9959.7  3567.482
9962.3  3141.79
9964.9  2782.419
9967.5  3000.828
9970.1  2874.522
9972.7  3107.306
9975.3  3109.142
9977.9  2928.841
9980.5  3023.892
9983.1  3029.457
9985.7  2944.331
9988.3  3057.55
9990.9  2997.838
9993.5  2965.815
9996.1  2730.003
9998.7  2775.77
