3501.3  -0.001187238
3503.9  5.968737E-4
3506.5  8.975746E-4
3509.1  -8.148881E-4
3511.7  -0.002835801
3514.3  -0.001299268
3516.9  1.069314E-4
3519.5  -0.001952026
3522.1  -6.458318E-5
3524.7  1.926343E-4
3527.3  2.881443E-4
3529.9  -6.753025E-4
3532.5  -2.384307E-4
3535.1  -0.001071935
3537.7  -7.065311E-4
3540.3  -1.925434E-4
3542.9  -9.062127E-4
3545.5  -7.874539E-4
3548.1  -1.576509E-4
3550.7  -0.001329605
3553.3  0.001347206
3555.9  -5.031757E-4
3558.5  -3.524000E-4
3561.1  -3.717120E-4
3563.7  1.344780E-4
3566.3  -0.001147544
3568.9  1.995819E-4
3571.5  2.655834E-4
3574.1  2.107852E-4
3576.7  -5.553126E-4
3579.3  4.692375E-4
3581.9  9.591896E-4
3584.5  3.915134E-4
3587.1  8.815282E-4
3589.7  -0.001021171
3592.3  -5.652133E-4
3594.9  -2.857191E-4
3597.5  7.147890E-4
3600.1  0.001291278
3602.7  1.595890E-4
3605.3  -8.969901E-4
3607.9  2.906541E-4
3610.5  2.201043E-4
3613.1  -1.682984E-4
3615.7  -6.355074E-4
3618.3  -9.136399E-4
3620.9  5.092109E-4
3623.5  2.396600E-4
3626.1  -6.571877E-4
3628.7  9.381927E-5
3631.3  4.254732E-4
3633.9  3.775998E-4
3636.5  0.001961269
3639.1  1.680510E-4
3641.7  1.464481E-4
3644.3  7.845371E-4
3646.9  8.129546E-4
3649.5  6.512583E-4
3652.1  -6.664551E-4
3654.7  9.907224E-4
3657.3  -8.970602E-4
3659.9  -1.689784E-4
3662.5  -2.896039E-5
3665.1  -1.809631E-4
3667.7  -2.389828E-4
3670.3  -0.001250906
3672.9  -0.0011551
3675.5  -6.305458E-4
3678.1  -0.001765009
3680.7  -0.001175672
3683.3  7.257717E-4
3685.9  6.699634E-4
3688.5  -0.001467698
3691.1  -9.901371E-4
3693.7  0.001008155
3696.3  -0.001257173
3698.9  -7.918267E-5
3701.5  3.644133E-4
3704.1  0.001859016
3706.7  0.001385977
3709.3  -2.050448E-4
3711.9  0.001461562
3714.5  9.049790E-4
3717.1  -6.088181E-4
3719.7  -9.460089E-4
3722.3  -2.007421E-4
3724.9  4.819586E-5
3727.5  -0.001025152
3730.1  -0.001147927
3732.7  -9.645686E-4
3735.3  -7.585913E-4
3737.9  8.880574E-4
3740.5  -2.863859E-5
3743.1  -0.001211306
3745.7  -2.831458E-4
3748.3  7.032363E-4
3750.9  4.144500E-4
3753.5  -6.609153E-4
3756.1  0.001847283
3758.7  0.001072392
3761.3  -2.854275E-4
3763.9  8.429605E-6
3766.5  -0.001113838
3769.1  0.001029851
3771.7  -8.389108E-4
3774.3  7.357638E-4
3776.9  4.594926E-4
3779.5  -9.588310E-4
3782.1  -5.789093E-4
3784.7  8.115439E-4
3787.3  1.934075E-4
3789.9  8.824218E-4
3792.5  5.323657E-5
3795.1  0.001143311
3797.7  -0.001844716
3800.3  6.724232E-4
3802.9  -5.847788E-4
3805.5  6.170497E-4
3808.1  1.490308E-4
3810.7  5.619741E-5
3813.3  0.001344277
3815.9  -0.00272213
3818.5  -1.038746E-4
3821.1  2.131728E-4
3823.7  -3.044640E-4
3826.3  3.037085E-4
3828.9  -1.170635E-4
3831.5  0.001349394
3834.1  0.001173864
3836.7  -0.00194635
3839.3  3.616789E-4
3841.9  4.847799E-4
3844.5  -2.224327E-4
3847.1  -0.001270775
3849.7  9.368164E-4
3852.3  -9.648861E-4
3854.9  5.725572E-4
3857.5  -0.002090133
3860.1  -0.001864041
3862.7  5.442069E-4
3865.3  1.501459E-4
3867.9  6.466939E-4
3870.5  -3.573173E-4
3873.1  -1.082718E-4
3875.7  -1.539510E-4
3878.3  -5.137136E-4
3880.9  -9.974570E-4
3883.5  4.584600E-5
3886.1  2.159639E-5
3888.7  1.396888E-4
3891.3  2.010410E-4
3893.9  -0.002167462
3896.5  -5.770168E-5
3899.1  1.404106E-4
3901.7  5.580743E-4
3904.3  -0.001014873
3906.9  0.001266337
3909.5  0.001343643
3912.1  1.839602E-4
3914.7  0.001007433
3917.3  4.676574E-5
3919.9  -3.885356E-4
3922.5  -3.348357E-4
3925.1  1.709223E-4
3927.7  -0.001626064
3930.3  -0.002582181
3932.9  -3.616750E-4
3935.5  -0.001749092
3938.1  -0.001994153
3940.7  6.003917E-4
3943.3  0.001134983
3945.9  5.868796E-4
3948.5  7.740766E-4
3951.1  -0.001238461
3953.7  8.155484E-4
3956.3  4.724438E-4
3958.9  3.524267E-4
3961.5  -0.001770174
3964.1  9.751139E-4
3966.7  0.001651692
3969.3  -4.873909E-4
3971.9  -0.001591596
3974.5  -3.974554E-4
3977.1  -0.00160237
3979.7  -0.00107599
3982.3  -2.961316E-4
3984.9  -1.268085E-4
3987.5  6.395637E-4
3990.1  2.279297E-4
3992.7  0.001604769
3995.3  -0.00151269
3997.9  -0.001641406
4000.5  -0.002082184
4003.1  -0.001216499
4005.7  0.001592075
4008.3  -0.002437528
4010.9  -0.001604537
4013.5  -4.806439E-4
4016.1  -0.004665762
4018.7  -0.00316908
4021.3  -6.911397E-4
4023.9  -0.0032871
4026.5  8.132946E-4
4029.1  6.618721E-5
4031.7  0.001169433
4034.3  0.001133149
4036.9  -0.002032571
4039.5  -0.003775534
4042.1  -0.001997145
4044.7  -0.001771291
4047.3  -0.001330642
4049.9  -0.001202151
4052.5  0.001138249
4055.1  -0.003179618
4057.7  7.228474E-5
4060.3  0.001982439
4062.9  -0.0011983
4065.5  -0.001069812
4068.1  0.00302611
4070.7  0.002219794
4073.3  -0.001870861
4075.9  0.00128931
4078.5  -0.002545589
4081.1  5.420066E-4
4083.7  -0.001930358
4086.3  0.002033068
4088.9  -0.001060433
4091.5  -0.00261154
4094.1  3.263919E-4
4096.7  0.001686805
4099.3  -6.375944E-4
4101.9  5.046520E-4
4104.5  4.666336E-4
4107.1  -3.506814E-4
4109.7  6.568967E-4
4112.3  -7.773042E-4
4114.9  0.001763055
4117.5  0.00145864
4120.1  5.808368E-4
4122.7  0.001091564
4125.3  -0.001428104
4127.9  -0.003254981
4130.5  -4.204520E-4
4133.1  -0.002347851
4135.7  -0.001700318
4138.3  -3.516591E-4
4140.9  2.798046E-4
4143.5  3.131150E-4
4146.1  -0.0020963
4148.7  0.00262793
4151.3  0.001558879
4153.9  -0.001322506
4156.5  -7.822546E-4
4159.1  0.002229894
4161.7  -0.001418703
4164.3  -3.276768E-4
4166.9  0.00229945
4169.5  -8.488729E-4
4172.1  0.001107496
4174.7  -8.863647E-4
4177.3  -4.485619E-4
4179.9  0.001782888
4182.5  -5.049119E-4
4185.1  -0.00199843
4187.7  -0.00260778
4190.3  2.497448E-4
4192.9  -0.002647321
4195.5  0.002739073
4198.1  6.039527E-4
4200.7  -0.001882988
4203.3  5.684153E-4
4205.9  3.949402E-4
4208.5  -8.498880E-4
4211.1  -0.001359569
4213.7  0.001059927
4216.3  2.291903E-4
4218.9  -0.007473235
4221.5  -4.803424E-4
4224.1  9.530952E-4
4226.7  -8.746313E-4
4229.3  -0.004062385
4231.9  4.377785E-4
4234.5  -7.321157E-4
4237.1  0.003767258
4239.7  7.961930E-4
4242.3  -0.00487338
4244.9  0.001423129
4247.5  0.001673215
4250.1  -0.001550881
4252.7  -0.003751118
4255.3  0.001571849
4257.9  -0.001101798
4260.5  -0.002169344
4263.1  1.212761E-4
4265.7  -0.001359679
4268.3  -0.003642367
4270.9  0.004195918
4273.5  0.002865893
4276.1  0.002241524
4278.7  0.002306369
4281.3  0.00511633
4283.9  3.657305E-4
4286.5  -8.428069E-5
4289.1  0.002282328
4291.7  0.0057593
4294.3  -0.00210568
4296.9  -3.271952E-4
4299.5  0.001664873
4302.1  0.003390727
4304.7  -8.306878E-4
4307.3  -0.001745757
4309.9  -0.001871788
4312.5  0.001872837
4315.1  -0.001332936
4317.7  -0.002689266
4320.3  -0.00232357
4322.9  -2.548374E-4
4325.5  5.927372E-4
4328.1  0.005600726
4330.7  -8.201734E-5
4333.3  -0.002044339
4335.9  -0.003247812
4338.5  -0.00532775
4341.1  -0.006550799
4343.7  -0.00478079
4346.3  -0.002590262
4348.9  -0.001106457
4351.5  0.003750538
4354.1  -0.004461782
4356.7  -0.004210115
4359.3  0.006454267
4361.9  0.004866133
4364.5  0.001900089
4367.1  -0.001568208
4369.7  0.004276942
4372.3  0.002595433
4374.9  8.881532E-4
4377.5  -0.001671469
4380.1  -0.003179147
4382.7  -0.004438819
4385.3  -0.002565124
4387.9  -0.003084922
4390.5  -0.004114047
4393.1  -4.632214E-4
4395.7  -0.007951942
4398.3  -0.005002514
4400.9  -0.00320439
4403.5  -0.006483607
4406.1  0.004317398
4408.7  0.001932418
4411.3  0.001246947
4413.9  0.003294025
4416.5  1.578899E-4
4419.1  -0.002835586
4421.7  0.001687147
4424.3  0.001679692
4426.9  -0.003246749
4429.5  -2.985538E-4
4432.1  -0.001659116
4434.7  -0.003325917
4437.3  0.001156103
4439.9  0.003832261
4442.5  -0.008933005
4445.1  -0.01083678
4447.7  -0.01168443
4450.3  -3.000639E-4
4452.9  0.005528664
4455.5  1.906442E-4
4458.1  0.003691311
4460.7  -5.230747E-4
4463.3  0.005561845
4465.9  0.006209618
4468.5  -0.004930694
4471.1  -0.004928133
4473.7  -0.0045017
4476.3  -0.01254316
4478.9  0.003808866
4481.5  -0.002897312
4484.1  0.001789683
4486.7  -0.006361333
4489.3  -0.004653802
4491.9  3.451122E-4
4494.5  -0.00821141
4497.1  -3.401891E-4
4499.7  0.00196544
4502.3  0.005003723
4504.9  -0.005895289
4507.5  7.916556E-4
4510.1  -6.788184E-4
4512.7  -0.003289911
4515.3  -8.621414E-4
4517.9  -0.007296453
4520.5  -0.001538868
4523.1  -0.004316276
4525.7  0.00731674
4528.3  -0.01017009
4530.9  -0.003944797
4533.5  0.004184399
4536.1  0.003171094
4538.7  0.004385999
4541.3  -0.004191294
4543.9  -0.006702728
4546.5  -0.002782585
4549.1  0.004599156
4551.7  0.01175623
4554.3  0.01358067
4556.9  0.002313892
4559.5  -0.001285276
4562.1  0.008745131
4564.7  0.00706031
4567.3  -0.003415322
4569.9  0.003390594
4572.5  -0.006751055
4575.1  -0.01262153
4577.7  -0.007261636
4580.3  4.181466E-4
4582.9  0.01031087
4585.5  -0.002085016
4588.1  -0.002754919
4590.7  -0.01767267
4593.3  0.003709884
4595.9  -0.01367603
4598.5  -0.005176045
4601.1  -0.02070217
4603.7  0.01404656
4606.3  3.913260E-4
4608.9  -0.0318305
4611.5  0.008203708
4614.1  -0.01338962
4616.7  -0.003770929
4619.3  0.009642651
4621.9  -0.01057453
4624.5  -0.001524264
4627.1  -0.01200533
4629.7  -0.0176183
4632.3  -0.003348202
4634.9  -0.005132316
4637.5  0.004148751
4640.1  0.006973177
4642.7  0.01512994
4645.3  0.01451142
4647.9  0.010669
4650.5  0.01140337
4653.1  -0.01252687
4655.7  -0.01248142
4658.3  -0.01257577
4660.9  0.007536277
4663.5  0.04049034
4666.1  0.01554274
4668.7  -0.001303226
4671.3  0.007246607
4673.9  -0.002185547
4676.5  0.00685165
4679.1  -0.05345282
4681.7  -0.03555677
4684.3  0.003718569
4686.9  0.004803859
4689.5  -0.01265984
4692.1  0.003472507
4694.7  0.02978595
4697.3  -0.03711657
4699.9  0.01458333
4702.5  -0.04718142
4705.1  -0.02469325
4707.7  -0.06823405
4710.3  -0.04577747
4712.9  0.047191
4715.5  -0.06282929
4718.1  -0.1548506
4720.7  -0.101408
4723.3  -0.2225174
4725.9  -0.2352069
4728.5  -0.3571919
4731.1  -0.3546161
4733.7  -0.7406781
4736.3  -0.6846791
4738.9  -0.6991197
4741.5  -2.837254
4744.1  -54.43249
4746.7  2.147648
4749.3  1.297983
4751.9  1.344632
4754.5  1.384776
4757.1  0.8590389
4759.7  0.4234941
4762.3  0.6200435
4764.9  0.8267919
4767.5  0.831088
4770.1  0.6208465
4772.7  0.7046729
4775.3  0.8458682
4777.9  0.7108681
4780.5  0.8631883
4783.1  0.7062145
4785.7  0.7027367
4788.3  0.7326972
4790.9  0.5825505
4793.5  0.5816113
4796.1  0.6865478
4798.7  0.5674582
4801.3  0.4780301
4803.9  0.4949062
4806.5  0.6230265
4809.1  0.6723512
4811.7  0.5876547
4814.3  0.5687014
4816.9  0.6048964
4819.5  0.6145542
4822.1  0.6271695
4824.7  0.6219073
4827.3  0.6521992
4829.9  0.6336946
4832.5  0.6141829
4835.1  0.6306846
4837.7  0.6327798
4840.3  0.6167176
4842.9  0.6172534
4845.5  0.6511029
4848.1  0.6174808
4850.7  0.457606
4853.3  0.4934649
4855.9  0.4375389
4858.5  0.280252
4861.1  0.3240612
4863.7  0.3359287
4866.3  0.4731864
4868.9  0.5407107
4871.5  0.649533
4874.1  0.5371873
4876.7  0.627742
4879.3  0.6516111
4881.9  0.706775
4884.5  0.6526872
4887.1  0.7882197
4889.7  0.8079827
4892.3  0.84205
4894.9  0.7252614
4897.5  0.7613587
4900.1  0.7431173
4902.7  0.7686645
4905.3  0.9167631
4907.9  1.007468
4910.5  0.954186
4913.1  0.8567208
4915.7  0.8641701
4918.3  0.9109894
4920.9  1.043216
4923.5  0.9820424
4926.1  0.8799394
4928.7  1.047629
4931.3  1.075266
4933.9  0.9709125
4936.5  0.9728268
4939.1  0.9542592
4941.7  1.095579
4944.3  1.118655
4946.9  0.9394715
4949.5  1.036527
4952.1  1.130641
4954.7  0.9212483
4957.3  1.039594
4959.9  0.9641163
4962.5  1.019554
4965.1  1.046202
4967.7  0.9878072
4970.3  0.9467742
4972.9  1.005788
4975.5  0.9726115
4978.1  0.9320652
4980.7  0.9563871
4983.3  1.027744
4985.9  1.068215
4988.5  1.073409
4991.1  1.064731
4993.7  1.036965
4996.3  1.094308
4998.9  1.132977
5001.5  1.155437
5004.1  1.074327
5006.7  1.026716
5009.3  1.083915
5011.9  1.10274
5014.5  0.9933586
5017.1  1.131522
5019.7  1.137884
5022.3  1.144094
5024.9  1.054445
5027.5  1.113054
5030.1  1.048937
5032.7  1.038984
5035.3  1.114166
5037.9  0.9660206
5040.5  0.9873724
5043.1  1.053442
5045.7  0.9705504
5048.3  0.9343897
5050.9  1.015028
5053.5  0.963261
5056.1  0.9912949
5058.7  1.006826
5061.3  0.9972826
5063.9  1.023954
5066.5  0.9647657
5069.1  1.066845
5071.7  1.166647
5074.3  1.018152
5076.9  1.115024
5079.5  1.094934
5082.1  1.136502
5084.7  1.126306
5087.3  1.05887
5089.9  1.054452
5092.5  1.112832
5095.1  1.165094
5097.7  1.117266
5100.3  1.066416
5102.9  1.003726
5105.5  1.023483
5108.1  1.075857
5110.7  1.115285
5113.3  1.082062
5115.9  1.131964
5118.5  1.126393
5121.1  1.029625
5123.7  1.115106
5126.3  1.039015
5128.9  1.046133
5131.5  1.001665
5134.1  0.982843
5136.7  0.9657227
5139.3  1.022456
5141.9  1.024585
5144.5  0.9943864
5147.1  1.06306
5149.7  1.007685
5152.3  1.019746
5154.9  1.066218
5157.5  1.051004
5160.1  1.035851
5162.7  0.989075
5165.3  1.01151
5167.9  1.051656
5170.5  0.9873656
5173.1  1.019899
5175.7  1.025072
5178.3  1.058434
5180.9  1.091275
5183.5  1.042631
5186.1  1.064729
5188.7  1.072397
5191.3  1.05432
5193.9  1.096396
5196.5  0.9889548
5199.1  1.02447
5201.7  1.071727
5204.3  1.033433
5206.9  0.9838895
5209.5  1.057529
5212.1  1.028255
5214.7  1.008846
5217.3  1.041006
5219.9  1.035557
5222.5  1.029041
5225.1  0.9643289
5227.7  0.9872097
5230.3  1.006529
5232.9  0.9853216
5235.5  0.9523617
5238.1  1.086435
5240.7  1.018121
5243.3  0.9749168
5245.9  1.010612
5248.5  1.026701
5251.1  1.050686
5253.7  1.07017
5256.3  1.064518
5258.9  1.091875
5261.5  1.059994
5264.1  1.046135
5266.7  1.020111
5269.3  1.045708
5271.9  0.9730676
5274.5  1.003098
5277.1  0.9931
5279.7  1.025605
5282.3  1.04263
5284.9  1.011859
5287.5  1.045402
5290.1  1.027856
5292.7  1.055284
5295.3  1.015832
5297.9  1.001183
5300.5  0.9979177
5303.1  0.9606289
5305.7  1.009465
5308.3  0.9731605
5310.9  0.9372338
5313.5  0.9576611
5316.1  0.912763
5318.7  0.94088
5321.3  0.9801927
5323.9  0.9579152
5326.5  0.9569899
5329.1  0.9734318
5331.7  0.9420614
5334.3  0.9607841
5336.9  0.9504703
5339.5  1.010006
5342.1  0.9289306
5344.7  0.9336889
5347.3  1.011442
5349.9  1.03578
5352.5  0.9738
5355.1  1.010233
5357.7  1.025229
5360.3  1.019859
5362.9  1.002658
5365.5  1.047044
5368.1  1.002626
5370.7  0.9810514
5373.3  1.018274
5375.9  1.002533
5378.5  0.9815733
5381.1  1.009077
5383.7  1.017387
5386.3  0.9700292
5388.9  1.037203
5391.5  1.025882
5394.1  0.9735283
5396.7  0.9673803
5399.3  0.98634
5401.9  0.9703881
5404.5  1.009375
5407.1  0.9939318
5409.7  0.9681509
5412.3  0.9878757
5414.9  0.9624889
5417.5  0.9792731
5420.1  0.9942866
5422.7  0.9568158
5425.3  1.010577
5427.9  1.033511
5430.5  0.9812375
5433.1  1.008872
5435.7  1.000835
5438.3  1.040921
5440.9  1.010974
5443.5  1.036015
5446.1  1.009487
5448.7  0.982408
5451.3  1.009646
5453.9  0.9775802
5456.5  0.9974464
5459.1  0.9875029
5461.7  0.9796334
5464.3  0.9972692
5466.9  0.9919726
5469.5  0.9473696
5472.1  0.9732515
5474.7  0.9529747
5477.3  0.9042755
5479.9  0.9073201
5482.5  0.8968441
5485.1  0.8761972
5487.7  0.8810125
5490.3  0.9076801
5492.9  0.8533409
5495.5  0.8783158
5498.1  0.8872037
5500.7  0.8185548
5503.3  0.8398222
5505.9  0.8547623
5508.5  0.8073304
5511.1  0.8352503
5513.7  0.8772054
5516.3  0.8655336
5518.9  0.8995795
5521.5  0.8462935
5524.1  0.8777994
5526.7  0.904358
5529.3  0.8794746
5531.9  0.9043879
5534.5  0.9580846
5537.1  0.9231935
5539.7  0.9432155
5542.3  0.9290517
5544.9  1.01016
5547.5  0.9462394
5550.1  1.013019
5552.7  1.005483
5555.3  1.001301
5557.9  1.017442
5560.5  1.051908
5563.1  1.012855
5565.7  0.9797453
5568.3  0.9830718
5570.9  1.357599
5573.5  1.544553
5576.1  1.109404
5578.7  1.199324
5581.3  1.189519
5583.9  0.97174
5586.5  0.8441614
5589.1  0.9703649
5591.7  0.9961537
5594.3  0.9854228
5596.9  0.9879063
5599.5  1.005304
5602.1  0.9479434
5604.7  0.9640468
5607.3  0.9568209
5609.9  0.9390178
5612.5  0.9435196
5615.1  0.9439657
5617.7  0.9596128
5620.3  0.9660239
5622.9  0.9857267
5625.5  0.9415479
5628.1  0.9545605
5630.7  0.9345742
5633.3  0.9885061
5635.9  1.004597
5638.5  1.000351
5641.1  0.9693871
5643.7  0.9639531
5646.3  1.02989
5648.9  0.9799802
5651.5  1.026955
5654.1  1.011299
5656.7  1.021073
5659.3  0.9626333
5661.9  1.022829
5664.5  0.9895929
5667.1  0.9968769
5669.7  0.9670363
5672.3  0.9815605
5674.9  1.003737
5677.5  1.009414
5680.1  0.9984413
5682.7  0.9905375
5685.3  1.001149
5687.9  0.9668249
5690.5  0.9729842
5693.1  1.005602
5695.7  0.9771574
5698.3  0.9766309
5700.9  0.9835612
5703.5  0.9874595
5706.1  0.9388452
5708.7  0.9624743
5711.3  0.9671541
5713.9  0.9538099
5716.5  0.9266093
5719.1  0.9591163
5721.7  0.9680951
5724.3  0.9964523
5726.9  0.9922845
5729.5  0.9879251
5732.1  0.9918831
5734.7  0.9385813
5737.3  0.9805757
5739.9  0.9660957
5742.5  0.9533312
5745.1  0.9285433
5747.7  0.9461032
5750.3  0.8998311
5752.9  0.939804
5755.5  0.9428747
5758.1  0.9231531
5760.7  0.9041483
5763.3  0.8911519
5765.9  0.9118591
5768.5  0.9119686
5771.1  0.8684862
5773.7  0.8179495
5776.3  0.8478789
5778.9  0.8186359
5781.5  0.8085769
5784.1  0.7432066
5786.7  0.7624345
5789.3  0.7633858
5791.9  0.7601017
5794.5  0.7205535
5797.1  0.7193241
5799.7  0.679144
5802.3  0.6863427
5804.9  0.7207059
5807.5  0.7233297
5810.1  0.6770158
5812.7  0.6689187
5815.3  0.6846628
5817.9  0.6977366
5820.5  0.7023706
5823.1  0.6717448
5825.7  0.6750212
5828.3  0.6910769
5830.9  0.6723838
5833.5  0.6643024
5836.1  0.6922195
5838.7  0.6909733
5841.3  0.704039
5843.9  0.7246862
5846.5  0.6988229
5849.1  0.6930287
5851.7  0.7391161
5854.3  0.7479341
5856.9  0.7442136
5859.5  0.7644868
5862.1  0.7783769
5864.7  0.7754935
5867.3  0.7989004
5869.9  0.8180607
5872.5  0.8500776
5875.1  0.833593
5877.7  0.8408427
5880.3  0.8444788
5882.9  0.8441544
5885.5  0.8937668
5888.1  0.8827139
5890.7  0.8660052
5893.3  0.7816767
5895.9  0.758226
5898.5  0.7478696
5901.1  0.7592778
5903.7  0.7890988
5906.3  0.8349313
5908.9  0.8253961
5911.5  0.8255286
5914.1  0.8197973
5916.7  0.8246111
5919.3  0.8387908
5921.9  0.7979689
5924.5  0.7965319
5927.1  0.7894298
5929.7  0.7741604
5932.3  0.7613319
5934.9  0.7662128
5937.5  0.7398005
5940.1  0.7511839
5942.7  0.7665844
5945.3  0.7730494
5947.9  0.7326575
5950.5  0.7232569
5953.1  0.7047833
5955.7  0.7194219
5958.3  0.6969101
5960.9  0.69188
5963.5  0.724793
5966.1  0.7209209
5968.7  0.7172555
5971.3  0.7213485
5973.9  0.7444237
5976.5  0.7350918
5979.1  0.744117
5981.7  0.7199453
5984.3  0.7562419
5986.9  0.7614723
5989.5  0.7642843
5992.1  0.7827504
5994.7  0.8093986
5997.3  0.816394
5999.9  0.8356906
6002.5  0.8252291
6005.1  0.8604894
6007.7  0.8937073
6010.3  0.8779434
6012.9  0.8457747
6015.5  0.8807914
6018.1  0.9168057
6020.7  0.9355925
6023.3  0.9387518
6025.9  0.9606372
6028.5  0.9844176
6031.1  0.9612828
6033.7  0.9742228
6036.3  0.9807783
6038.9  1.003244
6041.5  0.9771326
6044.1  0.9686395
6046.7  0.9876864
6049.3  0.9856761
6051.9  0.9970897
6054.5  0.9974668
6057.1  1.002945
6059.7  0.9975284
6062.3  1.008761
6064.9  0.9922444
6067.5  0.9678772
6070.1  1.003111
6072.7  1.020273
6075.3  0.9861801
6077.9  0.9866949
6080.5  0.9809127
6083.1  0.9895416
6085.7  0.9916812
6088.3  0.9854426
6090.9  1.001373
6093.5  0.9747299
6096.1  0.9416071
6098.7  0.9898502
6101.3  0.9968553
6103.9  1.009908
6106.5  0.9353102
6109.1  0.964053
6111.7  0.9734129
6114.3  0.9837525
6116.9  0.9454909
6119.5  0.9794416
6122.1  0.9873658
6124.7  0.9904999
6127.3  0.9834522
6129.9  0.9846634
6132.5  0.9900553
6135.1  1.007216
6137.7  0.9776919
6140.3  0.9728174
6142.9  0.9840583
6145.5  1.019449
6148.1  0.9947518
6150.7  0.9845017
6153.3  0.96827
6155.9  0.9629042
6158.5  0.9816035
6161.1  0.9666517
6163.7  0.9480269
6166.3  0.9857696
6168.9  0.9517121
6171.5  0.9791712
6174.1  0.9682564
6176.7  0.9529932
6179.3  0.9279163
6181.9  0.9620352
6184.5  0.9652345
6187.1  0.9869547
6189.7  0.9807882
6192.3  0.9446434
6194.9  0.9821535
6197.5  0.9648412
6200.1  0.9390995
6202.7  0.9569771
6205.3  0.9937844
6207.9  0.9783518
6210.5  0.9543119
6213.1  0.9832327
6215.7  0.9554592
6218.3  0.958005
6220.9  0.9875264
6223.5  0.9912764
6226.1  0.9576841
6228.7  0.9685296
6231.3  0.9827904
6233.9  0.9747943
6236.5  0.9573926
6239.1  0.9637194
6241.7  0.9850433
6244.3  0.9786313
6246.9  0.9768513
6249.5  0.9727026
6252.1  0.9929804
6254.7  0.9922724
6257.3  1.00104
6259.9  1.000443
6262.5  0.9618101
6265.1  0.964114
6267.7  1.000041
6270.3  1.01064
6272.9  0.9950253
6275.5  0.9504238
6278.1  0.9373614
6280.7  0.9232234
6283.3  0.9085988
6285.9  0.8529099
6288.5  0.8686785
6291.1  0.9082671
6293.7  0.9296974
6296.3  0.9602544
6298.9  0.9547163
6301.5  0.9438891
6304.1  0.9263031
6306.7  0.9008323
6309.3  0.9075627
6311.9  0.9288042
6314.5  0.8824627
6317.1  0.8941383
6319.7  0.9046702
6322.3  0.9183509
6324.9  0.9121799
6327.5  0.9210333
6330.1  0.9291193
6332.7  0.9237449
6335.3  0.916671
6337.9  0.9019433
6340.5  0.9216472
6343.1  0.9082143
6345.7  0.9069053
6348.3  0.9134275
6350.9  0.9303043
6353.5  0.9318131
6356.1  0.9352155
6358.7  0.9245263
6361.3  0.9179175
6363.9  0.9129275
6366.5  0.9276502
6369.1  0.9314923
6371.7  0.924948
6374.3  0.9508167
6376.9  0.9489894
6379.5  0.9534383
6382.1  0.9816977
6384.7  0.9500684
6387.3  0.9796367
6389.9  0.9789608
6392.5  0.9711917
6395.1  0.9850922
6397.7  0.9961002
6400.3  0.9851611
6402.9  1.00836
6405.5  1.020439
6408.1  0.9864956
6410.7  0.9837162
6413.3  0.979881
6415.9  0.9964963
6418.5  0.9866931
6421.1  0.986631
6423.7  0.9712346
6426.3  1.000377
6428.9  0.993569
6431.5  0.9995316
6434.1  0.9939777
6436.7  0.972424
6439.3  0.9907836
6441.9  0.9692139
6444.5  0.9683819
6447.1  0.988005
6449.7  0.9928144
6452.3  0.9467602
6454.9  0.9583618
6457.5  0.9770428
6460.1  0.9474398
6462.7  0.955096
6465.3  0.9835171
6467.9  0.955864
6470.5  0.9526686
6473.1  0.9701065
6475.7  0.9821
6478.3  0.9610083
6480.9  0.9489121
6483.5  0.9853714
6486.1  0.9723661
6488.7  0.9439731
6491.3  0.9420232
6493.9  0.9610862
6496.5  0.9216237
6499.1  0.9432151
6501.7  0.9629813
6504.3  1.011581
6506.9  0.98945
6509.5  0.9620934
6512.1  0.9650813
6514.7  0.9663008
6517.3  0.9559311
6519.9  0.9445459
6522.5  0.9396211
6525.1  0.9488143
6527.7  0.9649613
6530.3  0.971557
6532.9  0.9289132
6535.5  0.9329972
6538.1  0.923381
6540.7  0.8955856
6543.3  0.8795204
6545.9  0.8851171
6548.5  0.8803778
6551.1  0.8450133
6553.7  0.8162965
6556.3  0.7647945
6558.9  0.7243116
6561.5  0.6478404
6564.1  0.6383569
6566.7  0.6290058
6569.3  0.6798964
6571.9  0.7541894
6574.5  0.8125347
6577.1  0.841119
6579.7  0.8846363
6582.3  0.8918503
6584.9  0.9050255
6587.5  0.9260942
6590.1  0.9337694
6592.7  0.9491401
6595.3  0.9493026
6597.9  0.9677734
6600.5  0.9797459
6603.1  0.9809001
6605.7  0.9947209
6608.3  0.9823049
6610.9  0.981078
6613.5  0.9926858
6616.1  0.9904425
6618.7  0.9926868
6621.3  0.9968892
6623.9  1.011142
6626.5  1.057225
6629.1  0.9926971
6631.7  1.018707
6634.3  0.9806277
6636.9  0.9977557
6639.5  1.015373
6642.1  1.030545
6644.7  1.029445
6647.3  1.014894
6649.9  1.032062
6652.5  1.0372
6655.1  1.021607
6657.7  1.020118
6660.3  1.006323
6662.9  1.020491
6665.5  1.027187
6668.1  1.030866
6670.7  1.014619
6673.3  1.037661
6675.9  1.048066
6678.5  1.017782
6681.1  1.032842
6683.7  1.050703
6686.3  1.063102
6688.9  1.015008
6691.5  1.033722
6694.1  1.023573
6696.7  1.032779
6699.3  1.027694
6701.9  1.040628
6704.5  1.020077
6707.1  1.029691
6709.7  1.054368
6712.3  1.042937
6714.9  1.036645
6717.5  1.02991
6720.1  1.011801
6722.7  1.04818
6725.3  1.023763
6727.9  1.031651
6730.5  1.050468
6733.1  1.033649
6735.7  1.02648
6738.3  1.041289
6740.9  1.034046
6743.5  1.020174
6746.1  1.016813
6748.7  1.02916
6751.3  1.018135
6753.9  1.005852
6756.5  1.053714
6759.1  1.065467
6761.7  1.059972
6764.3  1.06762
6766.9  1.048258
6769.5  1.028398
6772.1  1.070095
6774.7  1.054631
6777.3  1.029295
6779.9  1.044332
6782.5  1.036445
6785.1  1.057224
6787.7  1.043924
6790.3  1.042417
6792.9  1.051108
6795.5  1.032699
6798.1  1.036277
6800.7  1.051925
6803.3  1.048206
6805.9  1.043121
6808.5  1.048368
6811.1  1.040076
6813.7  1.049145
6816.3  1.044353
6818.9  1.059996
6821.5  1.066642
6824.1  1.05516
6826.7  1.064691
6829.3  1.053004
6831.9  1.062768
6834.5  1.051068
6837.1  1.046754
6839.7  1.050464
6842.3  1.046827
6844.9  1.027592
6847.5  1.022593
6850.1  1.068483
6852.7  1.060789
6855.3  1.044215
6857.9  1.030156
6860.5  1.059699
6863.1  1.01178
6865.7  1.021902
6868.3  0.9453462
6870.9  0.8640564
6873.5  0.7993221
6876.1  0.8079064
6878.7  0.8686467
6881.3  0.9404188
6883.9  0.9519056
6886.5  0.970693
6889.1  0.9469893
6891.7  0.9341557
6894.3  0.9266166
6896.9  0.9274023
6899.5  0.9474017
6902.1  0.9623789
6904.7  0.9626242
6907.3  0.9571041
6909.9  0.9790913
6912.5  0.9817187
6915.1  0.98507
6917.7  0.9989246
6920.3  1.003954
6922.9  0.9967623
6925.5  0.9981788
6928.1  1.017643
6930.7  1.033592
6933.3  1.027678
6935.9  1.025653
6938.5  1.006434
6941.1  1.021844
6943.7  1.025487
6946.3  1.018473
6948.9  1.025537
6951.5  1.023183
6954.1  1.027759
6956.7  1.043863
6959.3  1.04689
6961.9  1.018301
6964.5  1.046228
6967.1  1.055187
6969.7  1.050139
6972.3  1.046514
6974.9  1.046433
6977.5  1.052002
6980.1  1.067327
6982.7  1.048578
6985.3  1.03254
6987.9  1.063898
6990.5  1.086201
6993.1  1.045076
6995.7  1.026312
6998.3  1.036944
7000.9  1.036417
7003.5  1.043817
7006.1  1.056862
7008.7  1.04708
7011.3  1.050337
7013.9  1.037183
7016.5  1.056904
7019.1  1.085231
7021.7  1.054111
7024.3  1.040694
7026.9  1.042693
7029.5  1.053808
7032.1  1.039362
7034.7  1.040056
7037.3  1.050583
7039.9  1.072474
7042.5  1.051515
7045.1  1.067314
7047.7  1.04922
7050.3  1.033129
7052.9  1.068525
7055.5  1.050682
7058.1  1.059898
7060.7  1.029678
7063.3  1.057455
7065.9  1.079059
7068.5  1.054999
7071.1  1.055185
7073.7  1.043488
7076.3  1.046472
7078.9  1.039924
7081.5  1.037424
7084.1  1.062772
7086.7  1.061061
7089.3  1.028117
7091.9  1.03582
7094.5  1.03809
7097.1  1.055029
7099.7  1.056823
7102.3  1.057625
7104.9  1.031358
7107.5  1.022743
7110.1  1.035271
7112.7  1.035348
7115.3  1.03314
7117.9  1.026386
7120.5  1.035542
7123.1  1.013262
7125.7  1.037259
7128.3  1.056755
7130.9  1.028176
7133.5  1.041006
7136.1  1.048004
7138.7  1.04609
7141.3  1.050336
7143.9  1.057809
7146.5  1.031067
7149.1  1.037033
7151.7  1.04065
7154.3  1.046498
7156.9  1.062542
7159.5  1.043064
7162.1  1.046437
7164.7  1.046691
7167.3  1.016239
7169.9  1.024774
7172.5  1.00751
7175.1  1.002926
7177.7  0.9914329
7180.3  0.9878958
7182.9  0.98973
7185.5  0.9908819
7188.1  0.9685418
7190.7  0.9463912
7193.3  0.9756181
7195.9  0.9992699
7198.5  0.9808568
7201.1  0.993139
7203.7  0.9849269
7206.3  0.9790902
7208.9  0.9875461
7211.5  0.9898582
7214.1  1.0209
7216.7  1.032507
7219.3  1.028044
7221.9  1.02541
7224.5  1.014136
7227.1  1.011071
7229.7  1.016297
7232.3  1.013124
7234.9  1.010521
7237.5  0.9983764
7240.1  1.037651
7242.7  1.065832
7245.3  1.011891
7247.9  0.9926695
7250.5  1.034896
7253.1  1.018188
7255.7  1.016912
7258.3  1.003376
7260.9  1.009352
7263.5  1.005133
7266.1  1.018519
7268.7  1.004303
7271.3  1.035601
7273.9  1.010027
7276.5  1.024675
7279.1  1.025895
7281.7  1.026151
7284.3  1.040964
7286.9  1.007287
7289.5  1.013221
7292.1  1.008815
7294.7  1.008806
7297.3  1.000642
7299.9  1.030186
7302.5  1.035063
7305.1  1.013695
7307.7  0.9998747
7310.3  0.9880418
7312.9  1.021889
7315.5  1.031582
7318.1  1.026535
7320.7  1.028787
7323.3  1.025109
7325.9  1.032483
7328.5  1.040541
7331.1  1.030175
7333.7  1.030223
7336.3  1.049748
7338.9  1.061669
7341.5  1.04465
7344.1  1.070316
7346.7  1.064999
7349.3  1.021031
7351.9  0.9985821
7354.5  1.021458
7357.1  1.032574
7359.7  0.9857287
7362.3  1.00894
7364.9  1.021391
7367.5  1.04211
7370.1  1.03226
7372.7  1.050026
7375.3  1.033735
7377.9  1.015861
7380.5  1.02569
7383.1  1.009642
7385.7  1.007043
7388.3  1.031408
7390.9  1.025481
7393.5  0.9862038
7396.1  1.015881
7398.7  1.042592
7401.3  1.038238
7403.9  1.024996
7406.5  1.035485
7409.1  1.015939
7411.7  1.024968
7414.3  1.028143
7416.9  1.001768
7419.5  1.018336
7422.1  1.022784
7424.7  1.015603
7427.3  1.015976
7429.9  1.022026
7432.5  1.004675
7435.1  1.017517
7437.7  1.030263
7440.3  1.006841
7442.9  1.016699
7445.5  1.005527
7448.1  1.004603
7450.7  1.019927
7453.3  1.018277
7455.9  1.019722
7458.5  1.03221
7461.1  1.016071
7463.7  1.006408
7466.3  1.01293
7468.9  1.017258
7471.5  1.015238
7474.1  1.01187
7476.7  1.044847
7479.3  1.025115
7481.9  1.008373
7484.5  1.019046
7487.1  1.038528
7489.7  1.031068
7492.3  1.023264
7494.9  1.005713
7497.5  1.011153
7500.1  1.023783
7502.7  1.005644
7505.3  1.020013
7507.9  1.022751
7510.5  1.019407
7513.1  1.008656
7515.7  1.008752
7518.3  1.007996
7520.9  1.03742
7523.5  1.036337
7526.1  1.030003
7528.7  1.046884
7531.3  1.039839
7533.9  1.023811
7536.5  1.019168
7539.1  1.033681
7541.7  1.010796
7544.3  1.011616
7546.9  1.023477
7549.5  1.020246
7552.1  1.013994
7554.7  0.998113
7557.3  1.014621
7559.9  1.022263
7562.5  1.00005
7565.1  0.9921703
7567.7  0.9872634
7570.3  0.9960502
7572.9  0.9944019
7575.5  1.026854
7578.1  1.01
7580.7  0.995139
7583.3  0.9855787
7585.9  1.00197
7588.5  0.9727435
7591.1  0.941535
7593.7  0.8801795
7596.3  0.7599494
7598.9  0.5797468
7601.5  0.4339511
7604.1  0.3658216
7606.7  0.3428388
7609.3  0.3293899
7611.9  0.3655034
7614.5  0.4845505
7617.1  0.5864877
7619.7  0.6841505
7622.3  0.7335349
7624.9  0.6850687
7627.5  0.5941835
7630.1  0.5625079
7632.7  0.5540299
7635.3  0.5765904
7637.9  0.5933964
7640.5  0.6075972
7643.1  0.6413102
7645.7  0.663036
7648.3  0.6890397
7650.9  0.7340716
7653.5  0.7372258
7656.1  0.7701747
7658.7  0.7951158
7661.3  0.8228282
7663.9  0.8210851
7666.5  0.8235492
7669.1  0.8694289
7671.7  0.9005175
7674.3  0.8947572
7676.9  0.9048404
7679.5  0.9329768
7682.1  0.933529
7684.7  0.9660845
7687.3  0.9592869
7689.9  0.9667346
7692.5  0.9471999
7695.1  0.9378995
7697.7  0.9423621
7700.3  0.9610837
7702.9  0.9621835
7705.5  0.9355937
7708.1  0.91196
7710.7  0.9952273
7713.3  0.9752195
7715.9  0.9805502
7718.5  1.028314
7721.1  1.02439
7723.7  0.9914858
7726.3  0.9827991
7728.9  0.9842901
7731.5  0.9827394
7734.1  0.9889308
7736.7  0.9850363
7739.3  0.9873384
7741.9  0.9496062
7744.5  0.9804183
7747.1  1.007161
7749.7  0.9939767
7752.3  0.9859051
7754.9  1.035472
7757.5  0.989651
7760.1  1.003381
7762.7  0.9725772
7765.3  0.9938927
7767.9  0.9815298
7770.5  0.9519162
7773.1  0.9254984
7775.7  0.9367309
7778.3  0.9274755
7780.9  0.9555117
7783.5  0.9765213
7786.1  0.9915344
7788.7  1.005311
7791.3  1.004651
7793.9  0.9816563
7796.5  0.9792122
7799.1  1.008131
7801.7  1.020575
7804.3  0.9806243
7806.9  0.9764646
7809.5  1.009073
7812.1  1.00619
7814.7  1.011356
7817.3  1.026925
7819.9  1.000595
7822.5  0.9870753
7825.1  1.011877
7827.7  1.021024
7830.3  0.994283
7832.9  0.9743603
7835.5  0.976354
7838.1  0.9933455
7840.7  0.9845262
7843.3  1.008311
7845.9  0.9971105
7848.5  0.9998329
7851.1  1.009628
7853.7  1.000644
7856.3  1.018474
7858.9  1.043543
7861.5  0.9857183
7864.1  0.9885235
7866.7  1.01868
7869.3  0.9890264
7871.9  1.005086
7874.5  1.010015
7877.1  0.9897349
7879.7  0.9849178
7882.3  0.9817457
7884.9  0.995706
7887.5  1.001109
7890.1  0.9820684
7892.7  1.008659
7895.3  0.9945106
7897.9  0.9594416
7900.5  0.958752
7903.1  0.9906629
7905.7  0.9614503
7908.3  0.973111
7910.9  1.050052
7913.5  0.9800227
7916.1  1.017025
7918.7  1.089066
7921.3  1.010233
7923.9  0.9700719
7926.5  0.9784926
7929.1  0.9822732
7931.7  0.9902418
7934.3  0.9784852
7936.9  1.006842
7939.5  0.9741994
7942.1  0.9759192
7944.7  1.002762
7947.3  0.9355964
7949.9  0.9542071
7952.5  0.980116
7955.1  1.00487
7957.7  0.9489294
7960.3  0.9856285
7962.9  0.9885634
7965.5  0.9727225
7968.1  1.009927
7970.7  1.009667
7973.3  0.9660358
7975.9  0.954843
7978.5  0.9952546
7981.1  1.017564
7983.7  0.9952698
7986.3  0.9692122
7988.9  0.9959744
7991.5  1.013349
7994.1  1.007981
7996.7  1.00563
7999.3  1.017158
8001.9  1.009455
8004.5  0.9569857
8007.1  0.9790312
8009.7  0.9749757
8012.3  0.9868738
8014.9  0.9971922
8017.5  0.9921004
8020.1  0.9865232
8022.7  1.022941
8025.3  1.005016
8027.9  0.9931348
8030.5  1.032855
8033.1  0.9923301
8035.7  0.9774526
8038.3  0.991331
8040.9  0.9887797
8043.5  0.9648587
8046.1  0.9451185
8048.7  0.9660721
8051.3  0.9728889
8053.9  0.9756356
8056.5  0.9923116
8059.1  1.005148
8061.7  0.9740475
8064.3  0.9866111
8066.9  1.010959
8069.5  0.9802227
8072.1  0.979515
8074.7  0.9921637
8077.3  0.9791946
8079.9  0.9903552
8082.5  0.9622374
8085.1  0.9618894
8087.7  0.9735846
8090.3  0.9800308
8092.9  0.973541
8095.5  0.9769874
8098.1  0.9644991
8100.7  0.9576615
8103.3  0.9856845
8105.9  0.965323
8108.5  0.9697754
8111.1  0.9762465
8113.7  0.9673448
8116.3  0.9802015
8118.9  0.9654675
8121.5  0.9677328
8124.1  0.950488
8126.7  0.9524009
8129.3  0.9671482
8131.9  0.9439116
8134.5  0.9500721
8137.1  0.9402574
8139.7  0.9316919
8142.3  0.9517685
8144.9  0.9455493
8147.5  0.9208491
8150.1  0.9115728
8152.7  0.8991174
8155.3  0.9282508
8157.9  0.9330112
8160.5  0.9061429
8163.1  0.9123488
8165.7  0.9176013
8168.3  0.8936545
8170.9  0.9063706
8173.5  0.9129712
8176.1  0.9156451
8178.7  0.9104216
8181.3  0.8994824
8183.9  0.9095257
8186.5  0.9149867
8189.1  0.9144086
8191.7  0.9032104
8194.3  0.8816571
8196.9  0.8953717
8199.5  0.9152476
8202.1  0.9117693
8204.7  0.9194451
8207.3  0.9517533
8209.9  0.9692667
8212.5  0.9650828
8215.1  0.9443989
8217.7  0.9477106
8220.3  0.9473591
8222.9  0.9160248
8225.5  0.9054875
8228.1  0.89239
8230.7  0.8670008
8233.3  0.870678
8235.9  0.9136637
8238.5  0.9523796
8241.1  0.9330006
8243.7  0.9779449
8246.3  0.9702533
8248.9  0.9478785
8251.5  0.9482948
8254.1  0.9734064
8256.7  0.9678959
8259.3  0.9460288
8261.9  0.9742151
8264.5  0.9772244
8267.1  0.9415038
8269.7  0.9830506
8272.3  0.9555333
8274.9  0.9414802
8277.5  0.9645665
8280.1  0.9595529
8282.7  0.9437299
8285.3  0.9869916
8287.9  0.9650027
8290.5  0.9708322
8293.1  0.9618301
8295.7  0.9815142
8298.3  0.9509268
8300.9  0.9436141
8303.5  1.006721
8306.1  0.958338
8308.7  0.9244424
8311.3  0.9421372
8313.9  0.9621686
8316.5  0.9366087
8319.1  0.9234126
8321.7  0.9387518
8324.3  0.9417945
8326.9  0.931185
8329.5  0.9485888
8332.1  0.9430516
8334.7  0.8995929
8337.3  0.8611714
8339.9  0.9105164
8342.5  0.9749259
8345.1  0.9800072
8347.7  1.003409
8350.3  1.048481
8352.9  1.020031
8355.5  0.9917927
8358.1  0.9577863
8360.7  0.9835302
8363.3  0.9651838
8365.9  0.9408155
8368.5  0.9735662
8371.1  0.9537001
8373.7  0.9500867
8376.3  0.9576172
8378.9  0.9627063
8381.5  0.976387
8384.1  0.9485465
8386.7  0.9808715
8389.3  0.957206
8391.9  0.9556124
8394.5  0.9767928
8397.1  1.019114
8399.7  1.040518
8402.3  1.011468
8404.9  1.056414
8407.5  0.9887312
8410.1  0.9592282
8412.7  0.9732292
8415.3  0.9342017
8417.9  0.9816187
8420.5  0.9806271
8423.1  0.9657137
8425.7  0.9773996
8428.3  0.9313259
8430.9  0.9450338
8433.5  0.9761012
8436.1  1.001256
8438.7  1.010391
8441.3  0.9563456
8443.9  0.9454238
8446.5  0.9445041
8449.1  0.951464
8451.7  0.9500597
8454.3  1.018581
8456.9  0.9738569
8459.5  0.9877927
8462.1  0.9993659
8464.7  1.005856
8467.3  0.9994205
8469.9  1.041931
8472.5  1.018964
8475.1  0.9890015
8477.7  1.002372
8480.3  0.9928439
8482.9  0.9947678
8485.5  0.9957672
8488.1  1.00939
8490.7  0.9749712
8493.3  0.9677902
8495.9  0.9591549
8498.5  0.9447437
8501.1  0.9720822
8503.7  0.9536989
8506.3  0.9873627
8508.9  1.008172
8511.5  1.013165
8514.1  0.9976568
8516.7  1.019591
8519.3  1.024685
8521.9  0.997871
8524.5  0.9985399
8527.1  1.009661
8529.7  1.011607
8532.3  0.9732922
8534.9  0.9623199
8537.5  0.9501547
8540.1  0.8998976
8542.7  0.8527005
8545.3  0.8806621
8547.9  0.8897866
8550.5  0.9236877
8553.1  0.9566818
8555.7  0.9602407
8558.3  0.9959528
8560.9  0.9938644
8563.5  0.9783418
8566.1  0.9816263
8568.7  0.97286
8571.3  0.9918205
8573.9  0.9995146
8576.5  0.9921515
8579.1  0.9923281
8581.7  0.9749401
8584.3  0.9711764
8586.9  0.960463
8589.5  0.9249529
8592.1  0.9297087
8594.7  0.9523265
8597.3  0.939867
8599.9  0.894466
8602.5  0.9335808
8605.1  0.9452288
8607.7  0.9556511
8610.3  0.9648882
8612.9  0.9678434
8615.5  1.001206
8618.1  1.004234
8620.7  1.007051
8623.3  0.9793761
8625.9  1.008249
8628.5  1.012321
8631.1  1.006194
8633.7  1.047435
8636.3  1.027721
8638.9  1.024904
8641.5  1.03098
8644.1  0.9908412
8646.7  0.9697587
8649.3  0.9368165
8651.9  0.971001
8654.5  0.9742438
8657.1  0.9191766
8659.7  0.8691256
8662.3  0.8601915
8664.9  0.8575557
8667.5  0.8301914
8670.1  0.8830302
8672.7  0.9422215
8675.3  0.9376298
8677.9  0.9429779
8680.5  0.9665156
8683.1  0.9889236
8685.7  1.014615
8688.3  0.996995
8690.9  1.040028
8693.5  1.044699
8696.1  1.027908
8698.7  1.042718
8701.3  1.034044
8703.9  1.05733
8706.5  1.05816
8709.1  1.047633
8711.7  1.07332
8714.3  1.045528
8716.9  1.047698
8719.5  1.029421
8722.1  1.024253
8724.7  1.001824
8727.3  1.034131
8729.9  1.021816
8732.5  1.015862
8735.1  1.014142
8737.7  0.9776785
8740.3  0.983336
8742.9  0.9373375
8745.5  0.9149294
8748.1  0.897079
8750.7  0.8709131
8753.3  0.8176699
8755.9  0.8798233
8758.5  0.9259735
8761.1  0.9449533
8763.7  1.077244
8766.3  1.078655
8768.9  1.066413
8771.5  1.092296
8774.1  1.132334
8776.7  1.097959
8779.3  1.128717
8781.9  1.123845
8784.5  1.134715
8787.1  1.104674
8789.7  1.078126
8792.3  1.063619
8794.9  1.100245
8797.5  1.083309
8800.1  1.075986
8802.7  1.060704
8805.3  1.065276
8807.9  1.04422
8810.5  1.058042
8813.1  1.099885
8815.7  1.104306
8818.3  1.038417
8820.9  1.017649
8823.5  1.154519
8826.1  1.127155
8828.7  1.170834
8831.3  1.255742
8833.9  1.217079
8836.5  1.09649
8839.1  1.066485
8841.7  1.073827
8844.3  1.014513
8846.9  1.013758
8849.5  0.9651533
8852.1  0.9443352
8854.7  0.9162248
8857.3  0.8719041
8859.9  0.8271909
8862.5  0.823301
8865.1  0.8156448
8867.7  0.8335579
8870.3  0.8650568
8872.9  0.9595999
8875.5  0.8969725
8878.1  0.8735828
8880.7  0.8972815
8883.3  0.9907972
8885.9  1.068007
8888.5  1.064176
8891.1  1.147893
8893.7  1.08821
8896.3  0.9966239
8898.9  1.046075
8901.5  1.076245
8904.1  1.057442
8906.7  1.069082
8909.3  1.059626
8911.9  1.028191
8914.5  0.9656214
8917.1  1.015687
8919.7  1.087594
8922.3  1.065724
8924.9  1.153856
8927.5  1.123513
8930.1  1.019706
8932.7  1.043246
8935.3  1.029339
8937.9  1.015618
8940.5  1.081831
8943.1  1.087018
8945.7  1.08736
8948.3  1.060387
8950.9  1.021748
8953.5  1.036849
8956.1  1.077496
8958.7  1.056354
8961.3  1.072116
8963.9  1.089055
8966.5  1.04401
8969.1  0.9857571
8971.7  0.9836012
8974.3  0.9878401
8976.9  0.9846613
8979.5  0.9697273
8982.1  0.9608574
8984.7  0.9689815
8987.3  0.9703622
8989.9  0.9052861
8992.5  0.8861859
8995.1  0.8751041
8997.7  0.8480911
9000.3  0.8731573
9002.9  0.8555001
9005.5  0.8700598
9008.1  0.8330992
9010.7  0.7596618
9013.3  0.7314149
9015.9  0.711035
9018.5  0.6969683
9021.1  0.7321401
9023.7  0.7698689
9026.3  0.8003921
9028.9  0.8143906
9031.5  0.8590658
9034.1  0.936524
9036.7  0.9449287
9039.3  0.9357987
9041.9  0.9616013
9044.5  0.9639232
9047.1  0.9741465
9049.7  0.9593995
9052.3  0.9761714
9054.9  0.9828219
9057.5  0.9444089
9060.1  0.9440781
9062.7  0.9128239
9065.3  0.9192746
9067.9  0.9225022
9070.5  0.941826
9073.1  0.9260691
9075.7  0.9143159
9078.3  0.8863603
9080.9  0.8999962
9083.5  0.8944884
9086.1  0.8966605
9088.7  0.9042293
9091.3  0.9071918
9093.9  0.9157395
9096.5  0.8999102
9099.1  0.9101487
9101.7  0.9286549
9104.3  0.9393789
9106.9  0.9227672
9109.5  0.9170727
9112.1  0.928853
9114.7  0.9276153
9117.3  0.9311196
9119.9  0.9235095
9122.5  0.9028641
9125.1  0.9244747
9127.7  0.9288204
9130.3  0.9207358
9132.9  0.9008309
9135.5  0.8668532
9138.1  0.8857464
9140.7  0.900691
9143.3  0.8998693
9145.9  0.9073179
9148.5  0.9276529
9151.1  0.9233717
9153.7  0.8788541
9156.3  0.8478771
9158.9  0.8680785
9161.5  0.8960291
9164.1  0.9049442
9166.7  0.919906
9169.3  0.9150341
9171.9  0.9148613
9174.5  0.8953934
9177.1  0.8506672
9179.7  0.84847
9182.3  0.8697413
9184.9  0.8843977
9187.5  0.8644831
9190.1  0.8823569
9192.7  0.8722359
9195.3  0.8516183
9197.9  0.8414133
9200.5  0.8265334
9203.1  0.8397717
9205.7  0.8327761
9208.3  0.8107024
9210.9  0.8112001
9213.5  0.7858112
9216.1  0.7524632
9218.7  0.7208182
9221.3  0.7098444
9223.9  0.6912783
9226.5  0.6861967
9229.1  0.663897
9231.7  0.6458129
9234.3  0.6775222
9236.9  0.6896803
9239.5  0.720257
9242.1  0.7424553
9244.7  0.7280612
9247.3  0.7489476
9249.9  0.7766765
9252.5  0.7984905
9255.1  0.8174729
9257.7  0.8021641
9260.3  0.8099818
9262.9  0.7939865
9265.5  0.7904342
9268.1  0.8223464
9270.7  0.8652285
9273.3  0.8566582
9275.9  0.849295
9278.5  0.8419512
9281.1  0.8362743
9283.7  0.8051966
9286.3  0.8067844
9288.9  0.8194768
9291.5  0.8188976
9294.1  0.8168212
9296.7  0.8268616
9299.3  0.7929153
9301.9  0.7850392
9304.5  0.7767441
9307.1  0.7409838
9309.7  0.8405205
9312.3  0.8491073
9314.9  0.7755808
9317.5  0.8137094
9320.1  0.7235309
9322.7  0.6668643
9325.3  0.6952292
9327.9  0.7017895
9330.5  0.646373
9333.1  0.6624277
9335.7  0.634154
9338.3  0.6030978
9340.9  0.5626548
9343.5  0.5744105
9346.1  0.537207
9348.7  0.5459548
9351.3  0.5901484
9353.9  0.6376956
9356.5  0.6120495
9359.1  0.5578518
9361.7  0.5765999
9364.3  0.6005054
9366.9  0.6204513
9369.5  0.6573957
9372.1  0.6633664
9374.7  0.652636
9377.3  0.6756654
9379.9  0.6819879
9382.5  0.6620165
9385.1  0.6373706
9387.7  0.6502804
9390.3  0.6544033
9392.9  0.6906158
9395.5  0.7252198
9398.1  0.7289419
9400.7  0.7323935
9403.3  0.6973594
9405.9  0.6772256
9408.5  0.664468
9411.1  0.6487432
9413.7  0.6653825
9416.3  0.6879334
9418.9  0.6732942
9421.5  0.6842845
9424.1  0.6779578
9426.7  0.6644589
9429.3  0.6239937
9431.9  0.5475186
9434.5  0.5958719
9437.1  0.6526925
9439.7  0.6322129
9442.3  0.6275309
9444.9  0.6229347
9447.5  0.6182088
9450.1  0.6299348
9452.7  0.6816807
9455.3  0.6802521
9457.9  0.6602338
9460.5  0.6422746
9463.1  0.5978267
9465.7  0.5880685
9468.3  0.6154234
9470.9  0.6309663
9473.5  0.6645753
9476.1  0.6622633
9478.7  0.652975
9481.3  0.6629912
9483.9  0.6254936
9486.5  0.590671
9489.1  0.6098754
9491.7  0.6370686
9494.3  0.6132278
9496.9  0.5636511
9499.5  0.5627256
9502.1  0.5413093
9504.7  0.5423558
9507.3  0.5997016
9509.9  0.6314148
9512.5  0.6274461
9515.1  0.6443964
9517.7  0.6019095
9520.3  0.5289748
9522.9  0.5117233
9525.5  0.5244637
9528.1  0.5052342
9530.7  0.5296443
9533.3  0.5392759
9535.9  0.5185763
9538.5  0.4853651
9541.1  0.4621507
9543.7  0.4494419
9546.3  0.4450601
9548.9  0.4481564
9551.5  0.4894021
9554.1  0.5007523
9556.7  0.5014917
9559.3  0.5008577
9561.9  0.5034919
9564.5  0.5575153
9567.1  0.5249118
9569.7  0.5288039
9572.3  0.5589815
9574.9  0.581834
9577.5  0.5702862
9580.1  0.5769737
9582.7  0.5460559
9585.3  0.5511643
9587.9  0.5699227
9590.5  0.5338257
9593.1  0.5502073
9595.7  0.554868
9598.3  0.5320821
9600.9  0.5576757
9603.5  0.5562495
9606.1  0.5953528
9608.7  0.6060087
9611.3  0.590607
9613.9  0.6007978
9616.5  0.6230786
9619.1  0.5862855
9621.7  0.5848406
9624.3  0.5889986
9626.9  0.562039
9629.5  0.5586833
9632.1  0.5926603
9634.7  0.5742009
9637.3  0.5857916
9639.9  0.557636
9642.5  0.5491688
9645.1  0.5725967
9647.7  0.5929076
9650.3  0.5968491
9652.9  0.5902424
9655.5  0.5876174
9658.1  0.5723065
9660.7  0.5605183
9663.3  0.5973266
9665.9  0.5835295
9668.5  0.5861897
9671.1  0.6166139
9673.7  0.6180989
9676.3  0.643998
9678.9  0.6490113
9681.5  0.6313235
9684.1  0.6027143
9686.7  0.5964568
9689.3  0.6281567
9691.9  0.6495345
9694.5  0.6288934
9697.1  0.6577404
9699.7  0.6321133
9702.3  0.590588
9704.9  0.5902108
9707.5  0.5749614
9710.1  0.5884843
9712.7  0.5952911
9715.3  0.5979772
9717.9  0.6285354
9720.5  0.5844693
9723.1  0.5735119
9725.7  0.5866037
9728.3  0.5839437
9730.9  0.5928532
9733.5  0.5742014
9736.1  0.5459533
9738.7  0.5599709
9741.3  0.5472465
9743.9  0.5538182
9746.5  0.5527831
9749.1  0.5414541
9751.7  0.533313
9754.3  0.5394487
9756.9  0.5352443
9759.5  0.5246158
9762.1  0.5123042
9764.7  0.5111377
9767.3  0.5084304
9769.9  0.5298498
9772.5  0.5339031
9775.1  0.5632482
9777.7  0.5476441
9780.3  0.5460829
9782.9  0.5286225
9785.5  0.5502971
9788.1  0.5614515
9790.7  0.5096042
9793.3  0.5540968
9795.9  0.5160069
9798.5  0.4552363
9801.1  0.5090286
9803.7  0.5260208
9806.3  0.5409279
9808.9  0.5461347
9811.5  0.5475739
9814.1  0.5207422
9816.7  0.512942
9819.3  0.4895683
9821.9  0.5003753
9824.5  0.5132049
9827.1  0.4930714
9829.7  0.5139239
9832.3  0.521993
9834.9  0.5023254
9837.5  0.5164625
9840.1  0.5165595
9842.7  0.5188385
9845.3  0.4818795
9847.9  0.4656395
9850.5  0.4724318
9853.1  0.4738964
9855.7  0.4494514
9858.3  0.496929
9860.9  0.4961551
9863.5  0.5072281
9866.1  0.5690013
9868.7  0.5285271
9871.3  0.5154754
9873.9  0.5192559
9876.5  0.5053977
9879.1  0.4015723
9881.7  0.397089
9884.3  0.453746
9886.9  0.483331
9889.5  0.4833522
9892.1  0.4942955
9894.7  0.4650224
9897.3  0.4399732
9899.9  0.4365882
9902.5  0.4115665
9905.1  0.4260627
9907.7  0.4790684
9910.3  0.5291952
9912.9  0.5044886
9915.5  0.4763148
9918.1  0.4604571
9920.7  0.4165355
9923.3  0.3972517
9925.9  0.425452
9928.5  0.4271351
9931.1  0.4265886
9933.7  0.4209615
9936.3  0.4257339
9938.9  0.4769866
9941.5  0.5626165
9944.1  0.5004111
9946.7  0.4658077
9949.3  0.4449545
9951.9  0.4117064
9954.5  0.4728805
9957.1  0.4682976
9959.7  0.4650464
9962.3  0.4097274
9964.9  0.363013
9967.5  0.3916706
9970.1  0.3753395
9972.7  0.4059007
9975.3  0.4063047
9977.9  0.3828962
9980.5  0.3954794
9983.1  0.396363
9985.7  0.3853755
9988.3  0.4003488
9990.9  0.3926804
9993.5  0.3886327
9996.1  0.3578666
9998.7  0.364001
